0.384240360972218	23.3166379945067	50
0.375684559747018	23.3113595776502	50
0.367195762848652	23.305974065016	50
0.358775310756563	23.3004823070388	50
0.350424533157742	23.2948851709309	50
0.342144748736779	23.2891835405449	50
0.33393726496762	23.2833783162345	50
0.325803377907089	23.2774704147118	50
0.317744371990251	23.271460768903	50
0.309761519827561	23.2653503278007	50
0.301856082003912	23.2591400563146	50
0.294029306879583	23.2528309351184	50
0.286282430393097	23.2464239604955	50
0.278616675866054	23.2399201441814	50
0.271033253809957	23.2333205132043	50
0.263533361735064	23.2266261097223	50
0.25611818396127	23.2198379908592	50
0.248788891431108	23.2129572285379	50
0.241546641524831	23.2059849093104	50
0.234392577877653	23.1989221341867	50
0.227327830199155	23.191770018461	50
0.220353514094899	23.1845296915351	50
0.21347073089024	23.1772022967407	50
0.206680567456438	23.1697889911583	50
0.19998409603901	23.1622909454349	50
0.193382374088422	23.1547093435987	50
0.186876444093102	23.1470453828726	50
0.180467333414814	23.1393002734848	50
0.174156054126428	23.1314752384779	50
0.167943602852112	23.1235715135156	50
0.161830960609933	23.1155903466877	50
0.155819092656962	23.107532998313	50
0.149908948336847	23.0994007407402	50
0.144101460929882	23.091194858147	50
0.138397547505654	23.0829166463374	50
0.132798108778211	23.0745674125371	50
0.127304028963845	23.0661484751867	50
0.121916175641445	23.0576611637342	50
0.116635399615504	23.0491068184244	50
0.111462534781783	23.0404867900876	50
0.106398397995594	23.0318024399262	50
0.101443788942852	23.0230551392997	50
0.0965994900137517	23.0142462695084	50
0.091866266179256	23.0053772215748	50
0.0872448648702786	22.9964493960245	50
0.0827360158596591	22.9874642026646	50
0.0783404311469234	22.9784230603613	50
0.0740588048458513	22.9693273968158	50
0.0698918130748716	22.9601786483388	50
0.0658401138502889	22.9509782596237	50
0.0619043469823808	22.9417276835185	50
0.0580851339743624	22.9324283807966	50
0.0543830779242356	22.9230818199255	50
0.0507987634295759	22.9136894768356	50
0.0473327564951838	22.9042528346867	50
0.0439856044437335	22.894773383634	50
0.0407578358293428	22.8852526205928	50
0.0376499603540879	22.8756920490018	50
0.0346624687875341	22.8660931785862	50
0.0317958328892338	22.8564575251189	50
0.0290505053342258	22.8467866101813	50
0.0264269196415547	22.8370819609229	50
0.0239254901058175	22.8273451098204	50
0.0215466117317327	22.8175775944353	50
0.0192906601717731	22.8077809571717	50
0.0171579916668421	22.7979567450322	50
0.0151489429900202	22.7881065093736	50
0.0132638313933811	22.7782318056624	50
0.0115029545579013	22.7683341932288	50
0.00986659054644434	22.7584152350205	50
0.00835499775985582	22.7484764973561	50
0.00696841489616062	22.7385195496773	50
0.00570706091286866	22.7285459643017	50
0.0045711349923927	22.7185573161741	50
0.00356081651060691	22.7085551826176	50
0.00267626500851037	22.6985411430853	50
0.00191762016703834	22.6885167789099	50
0.00128500178500701	22.6784836730549	50
0.000778509760191781	22.6684434098639	50
0.000398224073553166	22.6583975748109	50
0.000144204776614032	22.6483477542497	50
1.64919819596321e-05	22.6382955351635	50
1.51058569279883e-05	22.6282425049142	50
0.000140046620398238	22.6181902509918	50
0.000391294542776421	22.6081403607637	50
0.000768809949107663	22.5980944212241	50
0.00127253322532894	22.5880540187433	50
0.00190238482769445	22.5780207388172	50
0.00265826529533797	22.5679961658171	50
0.00354005526597234	22.5579818827393	50
0.00454761549473304	22.5479794709551	50
0.00568078687618723	22.5379905099613	50
0.0069393904694337	22.5280165771306	50
0.00832322752637182	22.5180592474627	50
0.00983207952309328	22.5081200933354	50
0.011465708194379	22.4982006842562	50
0.0132238555713151	22.4883025866149	50
0.0151062440220571	22.4784273634359	50
0.017112576295645	22.4685765741313	50
0.0192425355689565	22.458751774255	50
0.0214957854967253	22.4489545152568	50
0.0238719702646755	22.4391863442374	50
0.0263707146456795	22.4294488037043	50
0.0289916240590387	22.419743431328	50
0.0317342846327691	22.4100717596993	50
0.0345982632689754	22.4004353160874	50
0.0375831077122299	22.3908356221982	50
0.0406883466209962	22.3812741939349	50
0.0439134896420477	22.3717525411577	50
0.0472580274879171	22.3622721674461	50
0.0507214320173119	22.3528345698608	50
0.0543031563185004	22.343441238708	50
0.0580026347956988	22.3340936573036	50
0.0618192832583695	22.324793301739	50
0.0657524990134775	22.3155416406482	50
0.0698016609606569	22.3063401349757	50
0.073966129690298	22.297190237746	50
0.0782452475845155	22.2880933938338	50
0.082638338920983	22.2790510397363	50
0.0871447099796541	22.270064603346	50
0.091763649152302	22.2611355037254	50
0.0964944270548855	22.2522651508828	50
0.101336296642732	22.2434549455498	50
0.106288493328503	22.2347062789599	50
0.11135023510294	22.226020532629	50
0.116520722658333	22.2173990781372	50
0.121799139514764	22.208843276912	50
0.127184652149015	22.2003544800136	50
0.132676410126219	22.1919340279216	50
0.138273546234121	22.1835832503227	50
0.143975176620049	22.1753034659018	50
0.149780400930474	22.1670959821326	50
0.155688302453175	22.1589620950721	50
0.161697948262013	22.1509030891552	50
0.167808389364257	22.1429202369925	50
0.174018660850418	22.1350147991689	50
0.180327782046632	22.1271880240446	50
0.186734756669534	22.1194411475581	50
0.193238572983553	22.111775393031	50
0.199838203960699	22.1041919709749	50
0.206532607442735	22.0966920789001	50
0.213320726305749	22.0892769011263	50
0.22020148862708	22.0819476085961	50
0.227173807854598	22.0747053586898	50
0.234236582978262	22.0675512950426	50
0.241388698704014	22.0604865473641	50
0.248629025629871	22.0535122312599	50
0.255956420424273	22.0466294480552	50
0.263369726006644	22.0398392846214	50
0.270867771730096	22.033142813204	50
0.278449373566286	22.0265410912534	50
0.286113334292395	22.0200351612581	50
0.293858443680183	22.0136260505798	50
0.301683478687092	22.0073147712914	50
0.309587203649386	22.0011023200171	50
0.317568370477268	21.9949896777749	50
0.325625718851978	21.988977809822	50
0.333757976424803	21.9830676655018	50
0.341963859017998	21.9772601780949	50
0.35024207082758	21.9715562646706	50
0.358591304627932	21.9659568259432	50
0.36701024197826	21.9604627461288	50
0.375497553430755	21.9550748928064	50
0.384051898740552	21.9497941167805	50
0.392671927077362	21.9446212519468	50
0.401356277238783	21.9395571151606	50
0.41010357786525	21.9346025061078	50
0.418912447656599	21.9297582071787	50
0.427781495590168	21.9250249833442	50
0.436709321140476	21.9204035820353	50
0.445694514500374	21.9158947330247	50
0.454735656803674	21.9114991483119	50
0.463831320349197	21.9072175220108	50
0.472980068826228	21.9030505302399	50
0.482180457541325	21.8989988310153	50
0.491431033646457	21.8950630641474	50
0.50073033636842	21.8912438511394	50
0.510076897239518	21.8875417950892	50
0.519469240329435	21.8839574805946	50
0.52890588247832	21.8804914736602	50
0.538385333530982	21.8771443216087	50
0.547906096572216	21.8739165529943	50
0.557466668163165	21.8708086775191	50
0.567065538578749	21.8678211859525	50
0.576701192046052	21.8649545500542	50
0.586372106983692	21.8622092224992	50
0.596076756242091	21.8595856368065	50
0.605813607344636	21.8570842072708	50
0.615581122729658	21.8547053288967	50
0.625377759993256	21.8524493773368	50
0.635201972132833	21.8503167088318	50
0.645052207791412	21.848307660155	50
0.654926911502592	21.8464225485584	50
0.664824523936186	21.8446616717229	50
0.674743482144454	21.8430253077114	50
0.684682219808913	21.8415137149248	50
0.694639167487669	21.8401271320611	50
0.704612752863259	21.8388657780779	50
0.714601400990936	21.8377298521574	50
0.72460353454737	21.8367195336756	50
0.734617574079721	21.8358349821735	50
0.744641938255061	21.835076337332	50
0.754675044110083	21.83444371895	50
0.764715307301067	21.8339372269252	50
0.774761142354055	21.8335569412385	50
0.784810962915248	21.8333029219416	50
0.794863182001471	21.833175209147	50
0.804916212250806	21.8331738230219	50
0.814968466173237	21.8332987637854	50
0.825018356401337	21.8335500117078	50
0.835064295940938	21.8339275271141	50
0.845104698421732	21.8344312503903	50
0.855137978347777	21.8350611019927	50
0.865162551347861	21.8358169824603	50
0.875176834425698	21.836698772431	50
0.885179246209901	21.8377063326597	50
0.895168207203699	21.8388395040412	50
0.905142140034357	21.8400981076344	50
0.915099469702255	21.8414819446914	50
0.925038623829611	21.8429907966881	50
0.934958032908771	21.8446244253594	50
0.944856130550054	21.8463825727363	50
0.954731353729095	21.848264961187	50
0.967459802183779	21.8507952843314	50
0.978003004868167	21.8528662809205	50
0.988552192471673	21.8549131022247	50
0.999107364994288	21.8569357482442	50
1.00966852243602	21.8589342189789	50
1.02023566479686	21.8609085144289	50
1.03080879207681	21.8628586345941	50
1.04138790427588	21.8647845794745	50
1.05197300139406	21.8666863490702	50
1.06256408343135	21.8685639433811	50
1.07316115038775	21.8704173624072	50
1.08376420226327	21.8722466061486	50
1.0943732390579	21.8740516746051	50
1.10498826077164	21.875832567777	50
1.11560926740449	21.877589285664	50
1.12623625895646	21.8793218282663	50
1.13686923542754	21.8810301955838	50
1.14750819681772	21.8827143876166	50
1.15815314312703	21.8843744043646	50
1.16880407435545	21.8860102458278	50
1.17946099050297	21.8876219120062	50
1.19012389156961	21.8892094028999	50
1.20079277755537	21.8907727185088	50
1.21146764846023	21.892311858833	50
1.22214850428421	21.8938268238723	50
1.2328353450273	21.895317613627	50
1.2435281706895	21.8967842280968	50
1.25422698127082	21.8982266672819	50
1.26493177677125	21.8996449311822	50
1.27564255719079	21.9010390197977	50
1.28635932252944	21.9024089331285	50
1.29708207278721	21.9037546711745	50
1.30781080796408	21.9050762339357	50
1.31854552806007	21.9063736214122	50
1.32928623307518	21.9076468336039	50
1.34003292300939	21.9088958705109	50
1.35078559786272	21.910120732133	50
1.36154425763516	21.9113214184704	50
1.37230890232671	21.9124979295231	50
1.38307953193738	21.9136502652909	50
1.39385614646716	21.914778425774	50
1.40463874591605	21.9158824109723	50
1.41542733028405	21.9169622208859	50
1.42622189957116	21.9180178555147	50
1.43702245377739	21.9190493148587	50
1.44782899290273	21.920056598918	50
1.45864151694719	21.9210397076925	50
1.46946002591075	21.9219986411822	50
1.48028451979343	21.9229333993872	50
1.49111499859522	21.9238439823074	50
1.50195146231612	21.9247303899428	50
1.51279391095613	21.9255926222934	50
1.52364234451526	21.9264306793593	50
1.5344967629935	21.9272445611405	50
1.54535716639085	21.9280342676368	50
1.55622355470732	21.9287997988484	50
1.56709592794289	21.9295411547752	50
1.57797428609759	21.9302583354173	50
1.58885862917139	21.9309513407745	50
1.5997489571643	21.9316201708471	50
1.61064527007633	21.9322648256348	50
1.62154756790747	21.9328853051378	50
1.63245585065772	21.933481609356	50
1.64337011832708	21.9340537382894	50
1.65429037091556	21.9346016919381	50
1.66521660842315	21.935125470302	50
1.67614883084985	21.9356250733812	50
1.68708703819567	21.9361005011756	50
1.69803123046059	21.9365517536852	50
1.70898140764463	21.93697883091	50
1.71993756974778	21.9373817328501	50
1.73089971677005	21.9377604595054	50
1.74186784871143	21.9381150108759	50
1.75284196557191	21.9384453869617	50
1.76382206735152	21.9387515877627	50
1.77480815405023	21.9390336132789	50
1.78580022566805	21.9392914635104	50
1.796798282205	21.9395251384571	50
1.80780232366105	21.939734638119	50
1.81881235003621	21.9399199624962	50
1.82982836133049	21.9400811115886	50
1.84085035754388	21.9402180853962	50
1.85187833867638	21.9403308839191	50
1.86291230472799	21.9404195071572	50
1.87395225569872	21.9404839551105	50
1.88499819158855	21.9405242277791	50
1.89605011239751	21.9405403251629	50
1.90710801812557	21.9405322472619	50
1.91817190877275	21.9404999940761	50
1.92924178433903	21.9404435656056	50
1.94031764482444	21.9403629618504	50
1.95139949022895	21.9402581828103	50
1.96248732055258	21.9401292284855	50
1.97358113579531	21.9399760988759	50
1.98468093595717	21.9397987939816	50
1.99578672103813	21.9395973138025	50
2.0068984910382	21.9393716583386	50
2.01801624595739	21.9391218275899	50
2.02913998579569	21.9388478215565	50
2.04026971055311	21.9385496402383	50
2.05140542022964	21.9382272836354	50
2.06254711482527	21.9378807517477	50
2.07369479434002	21.9375100445752	50
2.08484845877388	21.9371151621179	50
2.09600810812686	21.9366961043759	50
2.10717374239895	21.9362528713491	50
2.11834536159015	21.9357854630375	50
2.12952296570046	21.9352938794412	50
2.14070655472989	21.9347781205601	50
2.15189612867843	21.9342381863943	50
2.16309168754608	21.9336740769436	50
2.17429323133284	21.9330857922082	50
2.18550076003871	21.9324733321881	50
2.19671427366371	21.9318366968832	50
2.2079337722078	21.9311758862935	50
2.21915925567102	21.930490900419	50
2.23039072405334	21.9297817392598	50
2.24162817735478	21.9290484028158	50
2.25287161557533	21.928290891087	50
2.26412103871499	21.9275092040735	50
2.27537644677377	21.9267033417752	50
2.28663783975166	21.9258733041921	50
2.29790521764865	21.9250190913242	50
2.30917858046477	21.9241407031716	50
2.32045792819999	21.9232381397343	50
2.33174326085433	21.9223114010121	50
2.34303457842778	21.9213604870052	50
2.35433188092034	21.9203853977135	50
2.36563516833202	21.9193861331371	50
2.3769444406628	21.9183626932759	50
2.38825969791271	21.9173150781299	50
2.39958094008172	21.9162432876992	50
2.41090816716984	21.9151473219837	50
2.42224137917708	21.9140271809834	50
2.43358057610343	21.9128828646983	50
2.44492575794889	21.9117143731285	50
2.45627692471347	21.9105217062739	50
2.46763407639715	21.9093048641346	50
2.47899721299995	21.9080638467105	50
2.49036633452187	21.9067986540016	50
2.50174144096289	21.9055092860079	50
2.51312253232303	21.9041957427295	50
2.52450960860228	21.9028580241663	50
2.53590266980064	21.9014961303184	50
2.54730171591811	21.9001100611856	50
2.5587067469547	21.8986998167682	50
2.5701177629104	21.8972653970659	50
2.58153476378521	21.8958068020789	50
2.59295774957913	21.8943240318071	50
2.60438672029217	21.8928170862505	50
2.61582167592432	21.8912859654092	50
2.62726261647558	21.8897306692831	50
2.63870954194596	21.8881511978722	50
2.65016245233544	21.8865475511766	50
2.66162134764404	21.8849197291962	50
2.67308622787175	21.883267731931	50
2.68455709301858	21.8815915593811	50
2.69603394308452	21.8798912115464	50
2.70751677806956	21.8781666884269	50
2.71900559797373	21.8764179900227	50
2.730500402797	21.8746451163337	50
2.74200119253939	21.8728480673599	50
2.75350796720089	21.8710268431014	50
2.7650207267815	21.8691814435581	50
2.77653947128122	21.86731186873	50
2.78806420070006	21.8654181186172	50
2.79959491503801	21.8635001932196	50
2.81113161429506	21.8615580925372	50
2.82267429847124	21.8595918165701	50
2.83422296756653	21.8576013653181	50
2.84577762158093	21.8555867387815	50
2.85733826051444	21.85354793696	50
2.86890488436706	21.8514849598538	50
2.88047749313879	21.8493978074628	50
2.89205608682964	21.8472864797871	50
2.9036406654396	21.8451509768266	50
2.91523122896868	21.8429912985813	50
2.92682777741686	21.8408074450512	50
2.93843031078416	21.8385994162364	50
2.95003882907057	21.8363672121368	50
2.9616533322761	21.8341108327525	50
2.97327382040073	21.8318302780834	50
2.98490029344448	21.8295255481295	50
2.99653275140734	21.8271966428908	50
3.00817119428931	21.8248435623674	50
3.0198156220904	21.8224663065592	50
3.0314660348106	21.8200648754662	50
3.04312243244991	21.8176392690885	50
3.05478481500833	21.815189487426	50
3.06645318248587	21.8127155304788	50
3.07812753488252	21.8102173982467	50
3.08980787219827	21.8076950907299	50
3.10149419443315	21.8051486079284	50
3.11318650158713	21.802577949842	50
3.12488479366023	21.7999831164709	50
3.13658907065244	21.7973641078151	50
3.14829933256377	21.7947209238744	50
3.1600155793942	21.792053564649	50
3.17173781114375	21.7893620301389	50
3.18346602781241	21.7866463203439	50
3.19520022940018	21.7839064352642	50
3.20694041590707	21.7811423748998	50
3.21868658733306	21.7783541392505	50
3.23043874367817	21.7755417283165	50
3.2421968849424	21.7727051420977	50
3.25396101112573	21.7698443805942	50
3.26573112222818	21.7669594438059	50
3.27750721824974	21.7640503317328	50
3.28928929919041	21.761117044375	50
3.3010773650502	21.7581595817324	50
3.31287141582909	21.755177943805	50
3.3246714515271	21.7521721305929	50
3.33647747214422	21.7491421420959	50
3.34828947768046	21.7460879783143	50
3.36010746813581	21.7430096392478	50
3.37193144351027	21.7399071248966	50
3.38376140380384	21.7367804352606	50
3.39559734901653	21.7336295703399	50
3.40743927914832	21.7304545301343	50
3.41928719419923	21.7272553146441	50
3.43114109416926	21.724031923869	50
3.44300097905839	21.7207843578092	50
3.45486684886664	21.7175126164646	50
3.466738703594	21.7142166998352	50
3.47861654324047	21.7108966079211	50
3.49050036780605	21.7075523407222	50
3.50239017729075	21.7041838982386	50
3.51428597169456	21.7007912804701	50
3.52618775101748	21.6973744874169	50
3.53809551525951	21.693933519079	50
3.55000926442066	21.6904683754563	50
3.56192899850092	21.6869790565488	50
3.57385471750029	21.6834655623565	50
3.58578642141878	21.6799278928795	50
3.59772411025637	21.6763660481177	50
3.60966778401308	21.6727800280711	50
3.6216174426889	21.6691698327398	50
3.63357308628384	21.6655354621237	50
3.64553471479788	21.6618769162228	50
3.65750232823104	21.6581941950372	50
3.66947592658331	21.6544872985668	50
3.6814555098547	21.6507562268116	50
3.6934410780452	21.6470009797717	50
3.7054326311548	21.6432215574469	50
3.71743016918353	21.6394179598375	50
3.72943369213136	21.6355901869432	50
3.74144319999831	21.6317382387642	50
3.75345869278436	21.6278621153004	50
3.76548017048953	21.6239618165519	50
3.77750763311382	21.6200373425186	50
3.78954108065722	21.6160886932005	50
3.80158051311972	21.6121158685977	50
3.81362593050135	21.6081188687101	50
3.82567733280208	21.6040976935377	50
3.83773472002193	21.6000523430805	50
3.84979809216088	21.5959828173386	50
3.86186744921896	21.5918891163119	50
3.87394279119614	21.5877712400005	50
3.88602411809243	21.5836291884043	50
3.89811142990784	21.5794629615233	50
3.91020472664236	21.5752725593575	50
3.922304008296	21.571057981907	50
3.93440927486874	21.5668192291717	50
3.9465205263606	21.5625563011517	50
3.95863776277157	21.5582691978468	50
3.97076098410165	21.5539579192572	50
3.98289019035085	21.5496224653829	50
3.99502538151916	21.5452628362238	50
4.00716655760658	21.5408790317799	50
4.01931371861311	21.5364710520512	50
4.03146686453876	21.5320388970378	50
4.04362599538351	21.5275825667396	50
4.05579111114739	21.5231020611566	50
4.06796221183037	21.5185973802889	50
4.08013929743247	21.5140685241364	50
4.09232236795367	21.5095154926991	50
4.10451142339399	21.5049382859771	50
4.11670646375342	21.5003369039703	50
4.12890748903197	21.4957113466787	50
4.14111449922963	21.4910616141024	50
4.1533274943464	21.4863877062413	50
4.16554647438228	21.4816896230954	50
4.17777143933728	21.4769673646648	50
4.19000238921139	21.4722209309494	50
4.2022393240046	21.4674503219492	50
4.21448224371694	21.4626555376642	50
4.22673114834839	21.4578365780945	50
4.23898603789894	21.4529934432401	50
4.25124691236861	21.4481261331008	50
4.26351377175739	21.4432346476768	50
4.27578661606529	21.438318986968	50
4.2880654452923	21.4333791509745	50
4.30035025943842	21.4284151396962	50
4.31264105850364	21.4234269531331	50
4.32493784248799	21.4184145912852	50
4.33724061139145	21.4133780541526	50
4.34954936521402	21.4083173417352	50
4.3618641039557	21.4032324540331	50
4.3741848276165	21.3981233910462	50
4.3865115361964	21.3929901527745	50
4.39884422969542	21.387832739218	50
4.41118290811355	21.3826511503768	50
4.4235275714508	21.3774453862508	50
4.43587821970716	21.3722154468401	50
4.44823485288263	21.3669613321445	50
4.46059747097721	21.3616830421642	50
4.4729660739909	21.3563805768992	50
4.48534066192371	21.3510539363494	50
4.49772123477563	21.3457031205148	50
4.51010779254666	21.3403281293954	50
4.52250033523681	21.3349289629913	50
4.53489886284606	21.3295056213024	50
4.54730337537443	21.3240581043287	50
4.55971387282191	21.3185864120703	50
4.57213035518851	21.3130905445271	50
4.58455282247422	21.3075705016991	50
4.59698127467903	21.3020262835864	50
4.60941571180296	21.2964578901889	50
4.62185613384601	21.2908653215066	50
4.63430254080816	21.2852485775396	50
4.64675493268943	21.2796076582878	50
4.65921330948981	21.2739425637512	50
4.67167767120931	21.2682532939299	50
4.68414801784792	21.2625398488237	50
4.69662434940563	21.2568022284329	50
4.70910666588247	21.2510404327572	50
4.72159496727841	21.2452544617968	50
4.73408925359347	21.2394443155516	50
4.74658952482763	21.2336099940217	50
4.75909578098091	21.227751497207	50
4.77160802205331	21.2218688251075	50
4.78412624804481	21.2159619777233	50
4.79665045895543	21.2100309550543	50
4.80918065478517	21.2040757571005	50
4.82171683553401	21.1980963838619	50
4.83425900120196	21.1920928353386	50
4.84680715178903	21.1860651115305	50
4.85936128729521	21.1800132124377	50
4.87192140772051	21.17393713806	50
4.88448751306491	21.1678368883977	50
4.89705960332844	21.1617124634505	50
4.90963767851106	21.1555638632186	50
4.92222173861281	21.1493910877019	50
4.93481178363366	21.1431941369004	50
4.94740781357363	21.1369730108142	50
4.96000982843271	21.1307277094432	50
4.97261782821091	21.1244582327875	50
4.98523181290821	21.1181645808469	50
4.99785178252463	21.1118467536216	50
5.01047773706016	21.1055047511116	50
5.0231096765148	21.0991385733168	50
5.03574760088856	21.0927482202372	50
5.04839151018142	21.0863336918728	50
5.06104140439341	21.0798949882237	50
5.0736972835245	21.0734321092898	50
5.0863591475747	21.0669450550711	50
5.09902699654402	21.0604338255677	50
5.11170083043245	21.0538984207795	50
5.12438064924	21.0473388407065	50
5.13706645296665	21.0407550853487	50
5.14975824161242	21.0341471547062	50
5.1624560151773	21.027515048779	50
5.17515977366129	21.0208587675669	50
5.18786951706439	21.0141783110701	50
5.20058524538661	21.0074736792886	50
5.21330695862795	21.0007448722222	50
5.22603465678839	20.9939918898711	50
5.23876833986794	20.9872147322352	50
5.25150800786661	20.9804133993146	50
5.26425366078439	20.9735878911092	50
5.27700529862128	20.966738207619	50
5.28976292137729	20.959864348844	50
5.30252652905241	20.9529663147843	50
5.31529612164663	20.9460441054398	50
5.32807169915998	20.9390977208106	50
5.34085326159244	20.9321271608966	50
5.353640808944	20.9251324256978	50
5.36643434121468	20.9181135152142	50
5.37923385840447	20.9110704294459	50
5.39203936051337	20.9040031683928	50
5.40485084754139	20.896911732055	50
5.41766831948852	20.8897961204324	50
5.43049177635476	20.882656333525	50
5.44332121814012	20.8754923713328	50
5.45615664484459	20.8683042338559	50
5.46899805646817	20.8610919210942	50
5.48184545301086	20.8538554330477	50
5.49469883447266	20.8465947697165	50
5.50755820085358	20.8393099311005	50
5.52042355215361	20.8320009171998	50
5.53329488837275	20.8246677280142	50
5.54617220951101	20.8173103635439	50
5.55905551556837	20.8099288237889	50
5.57194480654485	20.802523108749	50
5.58484008244044	20.7950932184244	50
5.59774134325514	20.7876391528151	50
5.61064858898897	20.7801609119209	50
5.62356181964189	20.772658495742	50
5.63648103521393	20.7651319042784	50
5.64940623570509	20.7575811375299	50
5.66233742111535	20.7500061954967	50
5.67527459144473	20.7424070781787	50
5.68821774669323	20.734783785576	50
5.70116688686083	20.7271363176885	50
5.71412201194754	20.7194646745162	50
5.72708312195338	20.7117688560592	50
5.74005021687832	20.7040488623174	50
5.75302329672237	20.6963046932908	50
5.76600236148553	20.6885363489794	50
5.77898741116781	20.6807438293833	50
5.7919784457692	20.6729271345025	50
5.80497546528971	20.6650862643368	50
5.81797846972933	20.6572212188864	50
5.83098745908806	20.6493319981512	50
5.84400243336589	20.6414186021313	50
5.85702339256285	20.6334810308265	50
5.87005033667891	20.6255192842371	50
5.88308326571409	20.6175333623628	50
5.89612217966839	20.6095232652038	50
5.90916707854179	20.60148899276	50
5.9222179623343	20.5934305450314	50
5.93527483104593	20.5853479220181	50
5.94833768467667	20.57724112372	50
5.96140652322652	20.5691101501372	50
5.97448134669549	20.5609550012696	50
5.98756215508357	20.5527756771172	50
6.00064894839076	20.54457217768	50
6.01374172661706	20.5363445029581	50
6.02684048976248	20.5280926529514	50
6.03994523782701	20.5198166276599	50
6.05305597081065	20.5115164270837	50
6.0661726887134	20.5031920512227	50
6.07929539153527	20.4948435000769	50
6.09242407927624	20.4864707736464	50
6.10555875193634	20.4780738719311	50
6.11869940951554	20.469652794931	50
6.13184605201386	20.4612075426462	50
6.14499867943128	20.4527381150766	50
6.15815729176782	20.4442445122222	50
6.17132188902347	20.4357267340831	50
6.18449247119824	20.4271847806592	50
6.19766903829212	20.4186186519505	50
6.21085159030511	20.4100283479571	50
6.22404012723721	20.4014138686789	50
6.23723464908843	20.3927752141159	50
6.25043515585875	20.3841123842681	50
6.26364164754819	20.3754253791356	50
6.27685412415675	20.3667141987183	50
6.29007258568441	20.3579788430163	50
6.30329703213119	20.3492193120295	50
6.31652746349708	20.3404356057579	50
6.32976387978209	20.3316277242016	50
6.3430062809862	20.3227956673604	50
6.35625466710943	20.3139394352346	50
6.36950903815177	20.3050590278239	50
6.38276939411322	20.2961544451285	50
6.39603573499378	20.2872256871483	50
6.40930806079346	20.2782727538834	50
6.42258637151225	20.2692956453336	50
6.43587066715015	20.2602943614992	50
6.44916094770716	20.2512689023799	50
6.46245721318329	20.2422192679759	50
6.47575946357853	20.2331454582871	50
6.48906769889289	20.2240474733135	50
6.50238191912635	20.2149253130552	50
6.51570212427892	20.2057789775121	50
6.52902831435062	20.1966084666842	50
6.54236048934142	20.1874137805716	50
6.55569864925133	20.1781949191742	50
6.56904279408036	20.1689518824921	50
6.5823929238285	20.1596846705251	50
6.59574903849575	20.1503932832734	50
6.60911113808211	20.141077720737	50
6.62247922258759	20.1317379829157	50
6.63585329201218	20.1223740698097	50
6.64923334635589	20.112985981419	50
6.6626193856187	20.1035737177434	50
6.67601140980062	20.0941372787831	50
6.68940941890166	20.0846766645381	50
6.70281341292181	20.0751918750082	50
6.71622339186108	20.0656829101936	50
6.72963935571946	20.0561497700942	50
6.74306130449694	20.0465924547101	50
6.75648923819355	20.0370109640412	50
6.76992315680926	20.0274052980875	50
6.78336306034409	20.0177754568491	50
6.79680894879802	20.0081214403259	50
6.81026082217108	19.9984432485179	50
6.82371868046324	19.9887408814251	50
6.83718252367452	19.9790143390476	50
6.8506523518049	19.9692636213853	50
6.86412816485441	19.9594887284383	50
6.87760996282302	19.9496896602065	50
6.89109774571074	19.9398664166899	50
6.90459151351758	19.9300189978886	50
6.91809126624354	19.9201474038024	50
6.9315970038886	19.9102516344315	50
6.94510872645277	19.9003316897759	50
6.95862643393607	19.8903875698355	50
6.97215012633846	19.8804192746103	50
6.98567980365998	19.8704268041003	50
6.9992154659006	19.8604101583056	50
7.01275711306035	19.8503693372261	50
7.02630474513919	19.8403043408619	50
7.03985836213716	19.8302151692128	50
7.05341796405423	19.820101822279	50
7.06698355089042	19.8099643000605	50
7.08055512264572	19.7998026025572	50
7.09413267932013	19.7896167297691	50
7.10771622091367	19.7794066816962	50
7.1213057474263	19.7691724583386	50
7.13490125885805	19.7589140596962	50
7.14850275520892	19.748631485769	50
7.16211023647889	19.7383247365571	50
7.17572370266797	19.7279938120604	50
7.18934315377618	19.7176387122789	50
7.20296858980349	19.7072594372127	50
7.21660001074991	19.6968559868617	50
7.23023741661545	19.6864283612259	50
7.2438808074001	19.6759765603054	50
7.25753018310387	19.6655005841	50
7.27118554372674	19.65500043261	50
7.28484688926873	19.6444761058351	50
7.29851421972983	19.6339276037755	50
7.31218753511004	19.6233549264311	50
7.32586683540937	19.612758073802	50
7.33955212062781	19.6021370458881	50
7.35324339076536	19.5914918426894	50
7.36694064582202	19.580822464206	50
7.3806438857978	19.5701289104378	50
7.39435311069268	19.5594111813848	50
7.40806832050668	19.548669277047	50
7.42178951523979	19.5379031974245	50
7.43551669489202	19.5271129425172	50
7.44924985946336	19.5162985123252	50
7.46298900895381	19.5054599068484	50
7.47673414336337	19.4945971260868	50
7.49048526269204	19.4837101700404	50
7.50424236693983	19.4727990387093	50
7.51800545610673	19.4618637320934	50
7.53177453019274	19.4509042501928	50
7.54554958919787	19.4399205930073	50
7.5593306331221	19.4289127605371	50
7.57311766196545	19.4178807527822	50
7.58691067572791	19.4068245697425	50
7.60070967440949	19.395744211418	50
7.61451465801018	19.3846396778087	50
7.62832562652998	19.3735109689147	50
7.64214257996889	19.3623580847359	50
7.65596551832692	19.3511810252723	50
7.66979444160405	19.339979790524	50
7.6836293498003	19.3287543804909	50
7.69747024291566	19.317504795173	50
7.71131712095013	19.3062310345704	50
7.72516998390373	19.294933098683	50
7.73902883177642	19.2836109875108	50
7.75289366456823	19.2722647010539	50
7.76676448227916	19.2608942393122	50
7.78064128490919	19.2494996022857	50
7.79452407245834	19.2380807899745	50
7.80841284492661	19.2266378023785	50
7.82230760231398	19.2151706394977	50
7.83620834462047	19.2036793013321	50
7.85011507184606	19.1921637878818	50
7.86402778399078	19.1806240991468	50
7.8779464810546	19.1690602351269	50
7.89187116303754	19.1574721958223	50
7.90580182993958	19.1458599812329	50
7.91973848176075	19.1342235913588	50
7.93368111850102	19.1225630261999	50
7.94762974016041	19.1108782857562	50
7.96158434673891	19.0991693700277	50
7.97554493823652	19.0874362790145	50
7.98951151465324	19.0756790127165	50
8.00348407598908	19.0638975711338	50
8.01746262224403	19.0520919542663	50
8.03144715341809	19.040262162114	50
8.04543766951127	19.0284081946769	50
8.05943417052355	19.0165300519551	50
8.07343665645494	19.0046277339485	50
8.08744512730546	18.9927012406572	50
8.10145958307508	18.980750572081	50
8.11548002376382	18.9687757282202	50
8.12950644937167	18.9567767090745	50
8.14353885989863	18.9447535146441	50
8.1575772553447	18.9327061449289	50
8.17162163570988	18.9206345999289	50
8.18567200099418	18.9085388796442	50
8.19972835119759	18.8964189840747	50
8.21379068632012	18.8842749132204	50
8.22785900636175	18.8721066670814	50
8.24193331132251	18.8599142456576	50
8.25601360120236	18.847697648949	50
8.27009987600133	18.8354568769557	50
8.28419213571942	18.8231919296776	50
8.29829038035662	18.8109028071147	50
8.31239460991293	18.7985895092671	50
8.32650482438835	18.7862520361347	50
8.34062102378289	18.7738903877175	50
8.35474320809654	18.7615045640156	50
8.36887137732929	18.7490945650289	50
8.38300553148117	18.7366603907574	50
8.39714567055216	18.7242020412011	50
8.41129179454225	18.7117195163601	50
8.42544390345146	18.6992128162344	50
8.43960199727979	18.6866819408238	50
8.45376607602722	18.6741268901285	50
8.46793613969377	18.6615476641484	50
8.48211218827943	18.6489442628836	50
8.4962942217842	18.636316686334	50
8.51048224020808	18.6236649344996	50
8.52467624355108	18.6109890073804	50
8.53887623181319	18.5982889049765	50
8.55308220499442	18.5855646272878	50
8.56729416309475	18.5728161743144	50
8.5815121061142	18.5600435460562	50
8.59573603405276	18.5472467425132	50
8.60996594691043	18.5344257636854	50
8.62420184468721	18.5215806095729	50
8.63844372738311	18.5087112801756	50
8.65269159499812	18.4958177754936	50
8.66694544753224	18.4829000955267	50
8.68120528498548	18.4699582402751	50
8.69547110735783	18.4569922097388	50
8.70974291464928	18.4440020039177	50
8.72402070685985	18.4309876228118	50
8.73830448398954	18.4179490664211	50
8.75259424603834	18.4048863347457	50
8.76688999300625	18.3917994277855	50
8.78119172489327	18.3786883455405	50
8.79549944169941	18.3655530880108	50
8.80981314342466	18.3523936551963	50
8.82413283006901	18.339210047097	50
8.83845850163248	18.326002263713	50
8.85279015811507	18.3127703050442	50
8.86712779951677	18.2995141710906	50
8.88147142583757	18.2862338618523	50
8.8958210370775	18.2729293773292	50
8.91017663323653	18.2596007175213	50
8.92453821431468	18.2462478824287	50
8.93890578031193	18.2328708720513	50
8.95327933122831	18.2194696863891	50
8.9676588670638	18.2060443254421	50
8.98204438781839	18.1925947892104	50
8.9964358934921	18.179121077694	50
9.01083338408492	18.1656231908927	50
9.02523685959685	18.1521011288067	50
9.0396463200279	18.1385548914359	50
9.05406176537806	18.1249844787804	50
9.06848319564732	18.1113898908401	50
9.08291061083571	18.097771127615	50
9.09734401094321	18.0841281891051	50
9.11178339596982	18.0704610753105	50
9.12622876591554	18.0567697862311	50
9.14068012078037	18.043054321867	50
9.15513746056432	18.0293146822181	50
9.16960078526738	18.0155508672844	50
9.18407009488955	18.0017628770659	50
9.1913069940453	17.9948598162249	50
9.19854538943083	17.9879507115627	50
9.20578528104614	17.9810355630793	50
9.21302666889123	17.9741143707747	50
9.22026955296609	17.9671871346489	50
9.22751393327074	17.9602538547019	50
9.23475980980516	17.9533145309338	50
9.24200718256936	17.9463691633444	50
9.24925605156334	17.9394177519339	50
9.25650641678709	17.9324602967021	50
9.26375827824063	17.9254967976492	50
9.27101163592393	17.9185272547751	50
9.27826648983703	17.9115516680798	50
9.2855228399799	17.9045700375632	50
9.29278068635254	17.8975823632255	50
9.30004002895497	17.8905886450666	50
9.30730086778717	17.8835888830866	50
9.31456320284915	17.8765830772853	50
9.32182703414091	17.8695712276628	50
9.32909236166245	17.8625533342192	50
9.33635918541376	17.8555293969543	50
9.34362750539486	17.8484994158683	50
9.35089732160573	17.841463390961	50
9.35816863404637	17.8344213222326	50
9.36544144271681	17.827373209683	50
9.37271574761701	17.8203190533122	50
9.37999154874699	17.8132588531202	50
9.38726884610676	17.806192609107	50
9.39454763969629	17.7991203212726	50
9.40182792951561	17.792041989617	50
9.40910971556471	17.7849576141402	50
9.41639299784358	17.7778671948423	50
9.42367777635224	17.7707707317231	50
9.43096405109066	17.7636682247828	50
9.43825182205888	17.7565596740212	50
9.44554108925686	17.7494450794385	50
9.45283185268463	17.7423244410346	50
9.46012411234217	17.7351977588095	50
9.46741786822949	17.7280650327631	50
9.47471312034659	17.7209262628956	50
9.48200986869347	17.713781449207	50
9.48930811327013	17.7066305916971	50
9.49660785407656	17.699473690366	50
9.50390909111277	17.6923107452137	50
9.51121182437875	17.6851417562403	50
9.51851605387453	17.6779667234456	50
9.52582177960007	17.6707856468298	50
9.5331290015554	17.6635985263928	50
9.5404377197405	17.6564053621345	50
9.54774793415538	17.6492061540551	50
9.55505964480004	17.6420009021545	50
9.56237285167447	17.6347896064327	50
9.56968755477869	17.6275722668897	50
9.57700375411269	17.6203488835255	50
9.58432144967646	17.6131194563402	50
9.59164064147	17.6058839853336	50
9.59896132949333	17.5986424705058	50
9.60628351374644	17.5913949118569	50
9.61360719422932	17.5841413093867	50
9.62093237094198	17.5768816630954	50
9.62825904388442	17.5696159729829	50
9.63558721305664	17.5623442390491	50
9.64291687845864	17.5550664612942	50
9.65024804009041	17.5477826397181	50
9.65758069795196	17.5404927743208	50
9.66491485204329	17.5331968651023	50
9.6722505023644	17.5258949120627	50
9.67958764891529	17.5185869152018	50
9.68692629169595	17.5112728745197	50
9.6942664307064	17.5039527900165	50
9.70160806594662	17.496626661692	50
9.70895119741662	17.4892944895464	50
9.7162958251164	17.4819562735796	50
9.72364194904595	17.4746120137915	50
9.73098956920528	17.4672617101823	50
9.73833868559439	17.4599053627519	50
9.74568929821329	17.4525429715003	50
9.75304140706195	17.4451745364275	50
9.7603950121404	17.4378000575336	50
9.76775011344862	17.4304195348184	50
9.77510671098663	17.423032968282	50
9.7824648047544	17.4156403579245	50
9.78982439475196	17.4082417037457	50
9.7971854809793	17.4008370057458	50
9.80454806343641	17.3934262639246	50
9.8119121421233	17.3860094782823	50
9.81927771703997	17.3785866488188	50
9.82664478818642	17.3711577755341	50
9.83401335556265	17.3637228584282	50
9.84138341916866	17.3562818975011	50
9.84875497900444	17.3488348927528	50
9.85612803507	17.3413818441833	50
9.86350258736534	17.3339227517927	50
9.87087863589046	17.3264576155808	50
9.87825618064536	17.3189864355478	50
9.88563522163003	17.3115092116935	50
9.89301575884448	17.3040259440181	50
9.90039779228871	17.2965366325215	50
9.90778132196272	17.2890412772036	50
9.9151663478665	17.2815398780646	50
9.92255287000007	17.2740324351044	50
9.92994088836341	17.266518948323	50
9.93733040295653	17.2589994177204	50
9.94472141377943	17.2514738432967	50
9.95211392083211	17.2439422250517	50
9.95950792411457	17.2364045629855	50
9.9669034236268	17.2288608570982	50
9.97430041936881	17.2213111073896	50
9.98169891134059	17.2137553138599	50
9.98909889954216	17.206193476509	50
9.99650038397351	17.1986255953368	50
10.0039033646346	17.1910516703435	50
10.0113078415255	17.183471701529	50
10.0187138146462	17.1758856888933	50
10.0261212839967	17.1682936324364	50
10.0335302495769	17.1606955321584	50
10.0409407113869	17.1530913880591	50
10.0483526694267	17.1454812001386	50
10.0557661236963	17.137864968397	50
10.0631810741956	17.1302426928341	50
10.0705975209248	17.1226143734501	50
10.0780154638837	17.1149800102448	50
10.0854349030724	17.1073396032184	50
10.0928558384908	17.0996931523708	50
10.1002782701391	17.092040657702	50
10.1077021980171	17.084382119212	50
10.1151276221249	17.0767175369008	50
10.1225545424624	17.0690469107684	50
10.1299829590298	17.0613702408148	50
10.1374128718269	17.0536875270401	50
10.1448442808538	17.0459987694441	50
10.1522771861105	17.038303968027	50
10.159711587597	17.0306031227886	50
10.1671474853132	17.0228962337291	50
10.1745848792592	17.0151833008484	50
10.182023769435	17.0074643241464	50
10.1894641558406	16.9997393036233	50
10.196906038476	16.992008239279	50
10.2043494173411	16.9842711311135	50
10.211794292436	16.9765279791268	50
10.2192406637607	16.968778783319	50
10.2266885313152	16.9610235436899	50
10.2341378950994	16.9532622602396	50
10.2415887551134	16.9454949329682	50
10.2490411113572	16.9377215618755	50
10.2564949638308	16.9299421469617	50
10.2639503125342	16.9221566882267	50
10.2714071574673	16.9143651856705	50
10.2788654986302	16.906567639293	50
10.2863253360229	16.8987640490944	50
10.2937866696454	16.8909544150746	50
10.3012494994976	16.8831387372337	50
10.3087138255797	16.8753170155715	50
10.3161796478915	16.8674892500881	50
10.3236469664331	16.8596554407835	50
10.3311157812044	16.8518155876578	50
10.3385860922056	16.8439696907108	50
10.3460578994365	16.8361177499427	50
10.3535312028972	16.8282597653534	50
10.3610060025876	16.8203957369428	50
10.3684822985079	16.8125256647111	50
10.3759600906579	16.8046495486582	50
10.3834393790377	16.7967673887841	50
10.3909201636473	16.7888791850888	50
10.3984024444867	16.7809849375723	50
10.4058862215558	16.7730846462347	50
10.4133714948547	16.7651783110758	50
10.4208582643834	16.7572659320957	50
10.4283465301419	16.7493475092945	50
10.4358362921302	16.7414230426721	50
10.4433275503482	16.7334925322284	50
10.450820304796	16.7255559779636	50
10.4583145554736	16.7176133798776	50
10.465810302381	16.7096647379704	50
10.4733075455181	16.701710052242	50
10.480806284885	16.6937493226924	50
10.4883065204817	16.6857825493216	50
10.4958082523082	16.6778097321296	50
10.5033114803645	16.6698308711164	50
10.5108162046505	16.6618459662821	50
10.5183224251663	16.6538550176265	50
10.5258301419119	16.6458580251498	50
10.5333393548873	16.6378549888518	50
10.5408500640924	16.6298459087327	50
10.5483622695274	16.6218307847924	50
10.5558759711921	16.6138096170309	50
10.5633911690866	16.6057824054482	50
10.5709078632108	16.5977491500443	50
10.5784260535648	16.5897098508192	50
10.5859457401487	16.5816645077729	50
10.5934669229623	16.5736131209054	50
10.6009896020056	16.5655556902168	50
10.6085137772788	16.5574922157069	50
10.6160394487817	16.5494226973759	50
10.6235666165144	16.5413471352236	50
10.6310952804769	16.5332655292502	50
10.6386254406692	16.5251778794556	50
10.6461570970912	16.5170841858398	50
10.653690249743	16.5089844484028	50
10.6612248986246	16.5008786671446	50
10.668761043736	16.4927668420652	50
10.6762986850772	16.4846489731646	50
10.6838378226481	16.4765250604428	50
10.6913784564488	16.4683951038999	50
10.6989205864793	16.4602591035357	50
10.7064642127396	16.4521170593503	50
10.7140093352296	16.4439689713438	50
10.7215559539494	16.4358148395161	50
10.729104068899	16.4276546638671	50
10.7366536800784	16.419488444397	50
10.7442047874876	16.4113161811057	50
10.7517573911265	16.4031378739932	50
10.7593114909952	16.3949535230595	50
10.7668670870937	16.3867631283046	50
10.774424179422	16.3785666897286	50
10.78198276798	16.3703642073313	50
10.7895428527679	16.3621556811128	50
10.7971044337855	16.3539411110732	50
10.8046675110328	16.3457204972123	50
10.81223208451	16.3374938395303	50
10.8197981542169	16.3292611380271	50
10.8273657201537	16.3210223927027	50
10.8349347823202	16.312777603557	50
10.8425053407164	16.3045267705902	50
10.8500773953425	16.2962698938022	50
10.8576509461983	16.2880069731931	50
10.8652259932839	16.2797380087627	50
10.8728025365993	16.2714630005111	50
10.8803805761445	16.2631819484383	50
10.8879601119194	16.2548948525444	50
10.8955411439241	16.2466017128292	50
10.9031236721586	16.2383025292929	50
10.9107076966229	16.2299973019354	50
10.918293217317	16.2216860307566	50
10.9258802342408	16.2133687157567	50
10.9334687473944	16.2050453569356	50
10.9410587567778	16.1967159542933	50
10.9486502623909	16.1883805078298	50
10.9562432642339	16.1800390175452	50
10.9639336920897	16.1717466351847	50
10.9717790522283	16.163600678512	50
10.9797765572306	16.1556040417468	50
10.9879233656212	16.1477595660559	50
10.9962165828779	16.1400700385444	50
11.00465326246	16.1325381912645	50
11.0132304068554	16.1251667002459	50
11.0219449686457	16.1179581845442	50
11.0307938515884	16.1109152053108	50
11.0397739117177	16.1040402648825	50
11.0488819584608	16.097335805893	50
11.0581147557722	16.0908042104046	50
11.067469023283	16.0844477990621	50
11.0769414374664	16.0782688302683	50
11.0865286328188	16.0722694993812	50
11.0962272030553	16.0664519379346	50
11.1060337023202	16.0608182128804	50
11.1159446464108	16.0553703258543	50
11.125956514016	16.0501102124645	50
11.1360657479669	16.0450397416043	50
11.1462687565008	16.0401607147879	50
11.1565619145373	16.0354748655103	50
11.1669415649664	16.0309838586314	50
11.1774040199478	16.0266892897845	50
11.187945562221	16.0225926848096	50
11.1985624464261	16.0186954992108	50
11.2092509004349	16.0149991176397	50
11.2200071266905	16.0115048534029	50
11.2308273035569	16.0082139479961	50
11.2417075866769	16.0051275706621	50
11.2526441103375	16.0022468179762	50
11.2636329888442	15.9995727134561	50
11.2746703179005	15.9971062071984	50
11.2857521759961	15.9948481755409	50
11.2968746257996	15.9927994207517	50
11.3080337155575	15.9909606707434	50
11.3192254804983	15.9893325788153	50
11.3304459442413	15.9879157234207	50
11.3416911202092	15.9867106079615	50
11.3529570130444	15.9857176606095	50
11.3642396200288	15.9849372341541	50
11.375534932506	15.9843696058773	50
11.3868389373051	15.9840149774545	50
11.3981476181672	15.9838734748837	50
11.4094569571717	15.9839451484399	50
11.4207629361643	15.984229972658	50
11.4320615381846	15.9847278463412	50
11.4433487488931	15.9854385925973	50
11.4546205579975	15.9863619589016	50
11.4658729606777	15.9874976171866	50
11.4771019590086	15.9888451639581	50
11.4883035633806	15.9904041204392	50
11.4994737939171	15.9921739327401	50
11.5106086818882	15.994153972055	50
11.5217042711213	15.9963435348853	50
11.5327566194063	15.9987418432897	50
11.5437617998967	16.0013480451607	50
11.5547159025041	16.0041612145271	50
11.565615035288	16.0071803518834	50
11.5764553258385	16.0104043845443	50
11.5872329226519	16.0138321670265	50
11.5979439964994	16.017462481455	50
11.6085847417876	16.0212940379966	50
11.6191513779101	16.0253254753173	50
11.6296401505916	16.0295553610667	50
11.6400473332211	16.0339821923866	50
11.650369228176	16.0386043964449	50
11.6606021681364	16.0434203309944	50
11.6707425173873	16.0484282849565	50
11.680786673111	16.0536264790291	50
11.6907310666667	16.0590130663185	50
11.7005721648587	16.064586132996	50
11.7103064711918	16.0703436989775	50
11.7199305271133	16.0762837186271	50
11.7294409132418	16.0824040814843	50
11.7388342505826	16.0887026130132	50
11.7481072017275	16.0951770753756	50
11.7572564720412	16.1018251682257	50
11.7662788108315	16.108644529528	50
11.7751710125044	16.1156327363957	50
11.783929917703	16.1227873059523	50
11.7925524144299	16.1301056962132	50
11.8010354391532	16.1375853069893	50
11.8093759778945	16.1452234808105	50
11.8175710673002	16.1530175038699	50
11.8256177956939	16.1609646069883	50
11.8335133041115	16.1690619665978	50
11.8412547873164	16.177306705745	50
11.8488394947964	16.1856958951135	50
11.8562647317411	16.1942265540642	50
11.8635278599992	16.2028956516945	50
11.8706262990157	16.2117001079154	50
11.8775575267492	16.2206367945455	50
11.8843190805674	16.2297025364225	50
11.8909085581224	16.2388941125316	50
11.8973236182042	16.2482082571496	50
11.9035619815725	16.2576416610052	50
11.9096214317665	16.2671909724549	50
11.9154998158925	16.2768527986739	50
11.9211950453885	16.2866237068612	50
11.9267050967665	16.2965002254598	50
11.9320280123317	16.3064788453896	50
11.9371619008774	16.3165560212945	50
11.9421049383575	16.3267281728018	50
11.9468553685343	16.3369916857946	50
11.9514115036025	16.3473429136955	50
11.9557717247892	16.3577781787627	50
11.9599344829284	16.368293773396	50
11.963898299012	16.3788859614548	50
11.967661764715	16.3895509795851	50
11.971223542896	16.4002850385567	50
11.9745823680722	16.4110843246097	50
11.9777370468689	16.421945000809	50
11.9806864584439	16.4328632084082	50
11.9834295548851	16.4438350682201	50
11.9859653615836	16.4548566819951	50
11.9882929775793	16.4659241338063	50
11.9904115758812	16.4770334914409	50
11.9923204037616	16.4881808077969	50
11.9940187830229	16.4993621222859	50
11.9955061102391	16.5105734622401	50
11.9967818569699	16.5218108443239	50
11.9978455699485	16.5330702759488	50
11.9986968712429	16.5443477566925	50
11.9993354583897	16.5556392797197	50
11.9997611045019	16.566940833206	50
11.9999736583495	16.5782484017634	50
11.9999730444132	16.5895579678665	50
11.999759262911	16.6008655132804	50
11.9993323897985	16.612167020488	50
11.9986925767418	16.6234584741176	50
11.9978400510632	16.6347358623695	50
11.9967751156612	16.6459951784414	50
11.9954981489023	16.6572324219519	50
11.9940096044865	16.6684436003619	50
11.9923100112867	16.679624730393	50
11.9903999731603	16.690771839443	50
11.9882801687347	16.7018809669972	50
11.9859513511662	16.7129481660353	50
11.9834143478728	16.7239695044344	50
11.9806700602396	16.7349410663653	50
11.9777194632989	16.7458589536843	50
11.9745636053838	16.7567192873181	50
11.9712036077555	16.7675182086418	50
11.9676406642053	16.7782518808501	50
11.96387604063	16.7889164903204	50
11.9599110745823	16.7995082479677	50
11.955747174796	16.8100233905909	50
11.9513858206847	16.82045818221	50
11.9468285618168	16.8308089153931	50
11.9420770173647	16.8410719125741	50
11.9371328755295	16.8512435273589	50
11.9319978929412	16.8613201458213	50
11.9266738940347	16.8712981877866	50
11.9211627704016	16.8811741081041	50
11.9154664801176	16.8909443979063	50
11.9095870470477	16.9006055858557	50
11.9035265601265	16.9101542393783	50
11.8972871726161	16.919586965883	50
11.8908711013411	16.9289004139669	50
11.8842806259011	16.9380912746063	50
11.8775180878608	16.9471562823322	50
11.8705858899175	16.9560922163904	50
11.8634864950484	16.9648959018863	50
11.8562224256345	16.9735642109121	50
11.8487962625651	16.982094063659	50
11.8174845961239	17.0165818757947	50
11.7911730230676	17.045504809736	50
11.7648930075986	17.0743929923694	50
11.7386450629236	17.1032458601113	50
11.7124296996057	17.1320628522825	50
11.6862474255641	17.160843411108	50
11.6600987460743	17.1895869817169	50
11.6339841637683	17.2182930121427	50
11.607904178634	17.2469609533229	50
11.5818592880157	17.2755902590995	50
11.5558499866141	17.3041803862186	50
11.5298767664861	17.3327307943303	50
11.5039401170448	17.3612409459893	50
11.4780405250595	17.3897103066541	50
11.452178474656	17.4181383446879	50
11.4263544473161	17.4465245313577	50
11.4005689218781	17.474868340835	50
11.3748223745364	17.5031692501953	50
11.3491152788417	17.5314267394185	50
11.323448105701	17.5596402913886	50
11.2978213233776	17.5878093918939	50
11.2722353974911	17.6159335296269	50
11.2466907910171	17.6440121961843	50
11.2211879642877	17.6720448860669	50
11.1957273749913	17.7000310966801	50
11.1703094781724	17.727970328333	50
11.1449347262319	17.7558620842394	50
11.1196035689268	17.7837058705169	50
11.0943164533706	17.8115011961877	50
11.069073824033	17.839247573178	50
11.0438761227397	17.8669445163182	50
11.018723788673	17.894591543343	50
10.9936172583713	17.9221881748914	50
10.9685569657293	17.9497339345064	50
10.9435433419981	17.9772283486354	50
10.9185768157847	18.0046709466299	50
10.8936578130528	18.0320612607458	50
10.868786757122	18.059398826143	50
10.8439640686685	18.0866831808858	50
10.8191901657245	18.1139138659426	50
10.7944654636785	18.141090425186	50
10.7697903752754	18.168212405393	50
10.7451653106163	18.1952793562447	50
10.7205906771586	18.2222908303263	50
10.6960668797158	18.2492463831274	50
10.6715943204578	18.2761455730417	50
10.6471733989109	18.3029879613673	50
10.6228045119573	18.3297731123064	50
10.5984880538358	18.3565005929653	50
10.5742244161414	18.3831699733547	50
10.5500139878253	18.4097808263895	50
10.5258571551948	18.4363327278887	50
10.5017543019139	18.4628252565756	50
10.4777058090024	18.4892579940778	50
10.4537120548367	18.5156305249269	50
10.4297734151493	18.5419424365591	50
10.405890263029	18.5681933193143	50
10.3820629689208	18.594382766437	50
10.3582919006262	18.6205103740759	50
10.3345774233026	18.6465757412838	50
10.3109198994641	18.6725784700176	50
10.2873196889806	18.6985181651388	50
10.2637771490786	18.7243944344128	50
10.2402926343408	18.7502068885093	50
10.2168664967061	18.7759551410022	50
10.1934990854696	18.8016388083697	50
10.1701907472829	18.8272575099942	50
10.1469418261537	18.8528108681622	50
10.1237526634458	18.8782985080647	50
10.1006235978797	18.9037200577965	50
10.0775549655318	18.929075148357	50
10.0545470998349	18.9543634136497	50
10.0316003315781	18.9795844904821	50
10.0087149889066	19.0047380185663	50
9.98589139732209	19.0298236405184	50
9.96312987968233	19.0548410018587	50
9.94043075620149	19.0797897510118	50
9.9177943444499	19.1046695393065	50
9.89522095935424	19.1294800209758	50
9.8727109131974	19.1542208531569	50
9.85026451561856	19.1788916958913	50
9.82788207361313	19.2034922121246	50
9.80556389153283	19.2280220677068	50
9.78331027108565	19.2524809313919	50
9.76112151133578	19.2768684748383	50
9.73899790870374	19.3011843726085	50
9.7169397569663	19.3254283021693	50
9.69494734725648	19.3495999438916	50
9.67302096806357	19.3736989810508	50
9.65116090523313	19.3977250998262	50
9.62936744196699	19.4216779893014	50
9.60764085882323	19.4455573414644	50
9.58598143371621	19.4693628512071	50
9.56438944191656	19.493094216326	50
9.54286515605116	19.5167511375216	50
9.52140884610314	19.5403333183985	50
9.50002077941195	19.5638404654658	50
9.47870122067325	19.5872722881366	50
9.45745043193899	19.6106284987284	50
9.43626867261738	19.6339088124628	50
9.4151561994729	19.6571129474655	50
9.39411326662629	19.6802406247668	50
9.37314012555456	19.7032915683008	50
9.35223702509099	19.7262655049061	50
9.33140421142512	19.7491621643254	50
9.31064192810273	19.7719812792056	50
9.2899504160259	19.7947225850979	50
9.26932991345299	19.8173858204577	50
9.24878065599856	19.8399707266446	50
9.2283028766335	19.8624770479224	50
9.20789680568493	19.8849045314591	50
9.18756267083625	19.9072529273271	50
9.16730069712712	19.9295219885027	50
9.14711110695346	19.9517114708667	50
9.12699412006747	19.9738211332041	50
9.1069499535776	19.9958507372039	50
9.08697882194858	20.0178000474595	50
9.06708093700139	20.0396688314685	50
9.04725650791328	20.0614568596326	50
9.02750574121777	20.083163905258	50
9.00782884080466	20.1047897445549	50
8.98822600791997	20.1263341566376	50
8.96869744116602	20.147796923525	50
8.94924333650141	20.1691778301398	50
8.92986388724096	20.1904766643092	50
8.9105592840558	20.2116932167646	50
8.89132971497329	20.2328272811414	50
8.87217536537707	20.2538786539796	50
8.85309641800705	20.274847134723	50
8.8340930529594	20.2957325257199	50
8.81516544768656	20.3165346322227	50
8.79631377699722	20.3372532623881	50
8.77753821305635	20.357888227277	50
8.7588389253852	20.3784393408544	50
8.74021608086125	20.3989064199896	50
8.72166984371826	20.4192892844563	50
8.70320037554626	20.4395877569321	50
8.68480783529154	20.4598016629991	50
8.66649237925668	20.4799308311434	50
8.64825416110048	20.4999750927554	50
8.63009333183803	20.5199342821298	50
8.6120100398407	20.5398082364654	50
8.5940044308361	20.5595967958653	50
8.5760766479081	20.5792998033368	50
8.55822683149688	20.5989171047914	50
8.54045511939884	20.6184485490448	50
8.52276164676665	20.6378939878171	50
8.50514654610927	20.6572532757323	50
8.48760994729191	20.6765262703188	50
8.47015197753604	20.6957128320093	50
8.45277276141941	20.7148128241406	50
8.43547242087602	20.7338261129537	50
8.41825107519614	20.7527525675939	50
8.40110884102632	20.7715920601107	50
8.38404583236936	20.7903444654579	50
8.36706216058432	20.8090096614933	50
8.35015793438653	20.827587528979	50
8.3333332598476	20.8460779515816	50
8.31658824039538	20.8644808158715	50
8.29992297681402	20.8827960113235	50
8.28333756724391	20.9010234303167	50
8.2668321071817	20.9191629681343	50
8.25040668948031	20.9372145229639	50
8.23406140434896	20.955177995897	50
8.21779633935306	20.9730532909296	50
8.20161157941438	20.9908403149619	50
8.18550720681087	21.0085389777981	50
8.1694833011768	21.0261491921468	50
8.15353993950267	21.0436708736209	50
8.13767719613529	21.0611039407372	50
8.12189514277769	21.0784483149171	50
8.10619384848918	21.0957039204861	50
8.09057337968534	21.1128706846736	50
8.07503380013802	21.1299485376137	50
8.05957517097533	21.1469374123445	50
8.04419755068163	21.1638372448082	50
8.02890099509757	21.1806479738514	50
8.01368555742006	21.1973695412249	50
7.99855128820226	21.2140018915837	50
7.98349823535361	21.2305449724869	50
7.9685264441398	21.2469987343981	50
7.95363595718281	21.2633631306847	50
7.93882681446087	21.2796381176187	50
7.92409905330847	21.2958236543762	50
7.90945270841637	21.3119197030375	50
7.8948878118316	21.3279262285871	50
7.88040439295746	21.3438431989136	50
7.86600247855349	21.3596705848102	50
7.85168209273554	21.375408359974	50
7.83744325697567	21.3910565010063	50
7.82328599010224	21.4066149874129	50
7.80921030829988	21.4220838016034	50
7.79521622510946	21.4374629288921	50
7.78130375142815	21.4527523574971	50
7.76747289550934	21.467952078541	50
7.75372366296273	21.4830620860505	50
7.74005605675426	21.4980823769565	50
7.72647007720612	21.5130129510942	50
7.71296572199682	21.5278538112029	50
7.69954298616107	21.5426049629263	50
7.6862018620899	21.5572664148122	50
7.67294233953056	21.5718381783126	50
7.65976440558661	21.5863202677838	50
7.64666804471783	21.6007127004862	50
7.63365323874032	21.6150154965845	50
7.62071996682637	21.6292286791478	50
7.6078682055046	21.643352274149	50
7.59509792865988	21.6573863104655	50
7.58240910753333	21.671330819879	50
7.56980171072234	21.6851858370751	50
7.55727570418058	21.6989513996441	50
7.54483105121797	21.7126275480799	50
7.5324677125007	21.7262143257812	50
7.52018564605122	21.7397117790506	50
7.50798480724825	21.753119957095	50
7.49586514882679	21.7664389120254	50
7.48382662087807	21.7796686988573	50
7.47186917084962	21.7928093755102	50
7.45999274354522	21.8058610028078	50
7.44819728112492	21.8188236444782	50
7.43648272310502	21.8316973671535	50
7.42484900635812	21.8444822403703	50
7.41329606511304	21.857178336569	50
7.40182383095489	21.8697857310947	50
7.39043223282506	21.8823045021964	50
7.37912119702117	21.8947347310273	50
7.36789064719714	21.9070765016451	50
7.35674050436312	21.9193299010115	50
7.34567068688556	21.9314950189925	50
7.33468111048715	21.9435719483582	50
7.32377168824688	21.9555607847831	50
7.31294233059995	21.9674616268457	50
7.30219294533786	21.979274576029	50
7.29152343760838	21.99099973672	50
7.28093370991554	22.00263721621	50
7.27042366211962	22.0141871246944	50
7.25999319143718	22.0256495752731	50
7.24964219244105	22.03702468395	50
7.23937055706031	22.0483125696332	50
7.22917817458032	22.0595133541351	50
7.21906493164268	22.0706271621723	50
7.2090307122453	22.0816541213657	50
7.19907539774231	22.0925943622403	50
7.18919886684412	22.1034480182254	50
7.17940099561743	22.1142152256544	50
7.16968165748516	22.1248961237651	50
7.16004072322654	22.1354908546993	50
7.15047806097703	22.1459995635033	50
7.14099353622838	22.1564223981273	50
7.13158701182859	22.166759509426	50
7.12225834798193	22.1770110511582	50
7.11300740224895	22.1871771799869	50
7.10383402954644	22.1972580554793	50
7.09473808214747	22.207253840107	50
7.08571940968136	22.2171646992455	50
7.07677785913372	22.2269908011748	50
7.06791327484641	22.236732317079	50
7.05912549851757	22.2463894210464	50
7.05041436920156	22.2559622900696	50
7.04177972330907	22.2654511040455	50
7.03322139460702	22.2748560457749	50
7.02473921421859	22.2841773009631	50
7.01633301062324	22.2934150582196	50
7.00800260965667	22.302569509058	50
6.9997478345109	22.3116408478962	50
6.99156850573415	22.3206292720563	50
6.98346444123096	22.3295349817646	50
6.97543545626209	22.3383581801516	50
6.9674813634446	22.3470990732521	50
6.95960197275179	22.3557578700051	50
6.95179709151324	22.3643347822538	50
6.9440665244148	22.3728300247456	50
6.93641007349858	22.3812438151321	50
6.92882753816293	22.3895763739692	50
6.92131871516252	22.3978279247169	50
6.91388339860823	22.4059986937397	50
6.90652137996722	22.4140889103059	50
6.89923244806295	22.4220988065883	50
6.89201638907511	22.4300286176639	50
6.88487298653966	22.4378785815138	50
6.87780202134883	22.4456489390235	50
6.87080327175112	22.4533399339825	50
6.86387651335129	22.4609518130847	50
6.85702151911035	22.4684848259282	50
6.85023805934561	22.4759392250152	50
6.83688481129519	22.4906132064499	50
6.82381487886367	22.5049758354915	50
6.81102632941492	22.51902923671	50
6.79851718801307	22.532775581143	50
6.78628543742248	22.5462170862958	50
6.77432901810775	22.5593560161409	50
6.76264582823375	22.5721946811185	50
6.75123372366558	22.5847354381363	50
6.74009051796858	22.5969806905695	50
6.72921398240834	22.6089328882608	50
6.7186018459507	22.6205945275204	50
6.70825179526174	22.631968151126	50
6.69816147470777	22.643056348323	50
6.68832848635537	22.653861754824	50
6.67875038997135	22.6643870528095	50
6.66942470302277	22.6746349709271	50
6.66034890067693	22.6846082842922	50
6.65152041580138	22.6943098144876	50
6.6429366389639	22.7037424295637	50
6.63459491843255	22.7129090440384	50
6.62649256017559	22.721812618897	50
6.61862682786155	22.7304561615924	50
6.61099494285921	22.738842726045	50
6.60359408423758	22.7469754126428	50
6.59642138876591	22.7548573682413	50
6.58947395091372	22.7624917861633	50
6.57946869222692	22.7734863796506	50
6.56995349327269	22.7839424441131	50
6.56091801252931	22.7938713451201	50
6.55235169433256	22.803284683483	50
6.54424376887574	22.8121942952549	50
6.53658325220959	22.8206122517306	50
6.52935894624238	22.8285508594468	50
6.52255943873985	22.836022660182	50
6.51413410053243	22.8452810345909	50
6.50641511479085	22.8537632085466	50
6.49937365370344	22.8615008623449	50
6.49147958352219	22.870175414508	50
6.48453888180565	22.8778023318403	50
6.47738281179915	22.8856659036874	50
6.47051402479406	22.8932137838601	50
6.46375017244591	22.9006463510352	50
6.45698006222727	22.9080857936923	50
6.45021326147288	22.9155215996817	50
6.44346726789918	22.9229163473041	50
6.43668176053852	22.9302687146909	50
6.42955116479929	22.9378942431938	50
6.42261074642175	22.9452260576531	50
6.415592160869	22.9525581909681	50
6.40750925964713	22.9609085176263	50
6.39990885543747	22.9686760419357	50
6.39147897170032	22.9772026267482	50
6.38411090614925	22.9845836426881	50
6.37616612051939	22.992471869752	50
6.36762466531551	23.0008751254324	50
6.3584668521237	23.0098001948388	50
6.35118231072951	23.0168399365908	50
6.34353203520818	23.0241785014811	50
6.3355080086373	23.0318176086941	50
6.32710229670224	23.0397586507616	50
6.31830704769614	23.0480026935633	50
6.3091144925199	23.056550476326	50
6.29951694468223	23.0654024116245	50
6.28950680029956	23.0745585853807	50
6.27907653809613	23.0840187568642	50
6.26821871940394	23.0937823586924	50
6.26073900620467	23.100459570935	50
6.25306383766301	23.1072709049265	50
6.24519107092012	23.1142159505886	50
6.23711857943476	23.1212942333192	50
6.22884425298327	23.1285052139921	50
6.22036599765956	23.1358482889573	50
6.21168173587512	23.1433227900407	50
6.20278940635907	23.1509279845446	50
6.19368696415805	23.1586630752468	50
6.18437238063633	23.1665272004018	50
6.17484364347576	23.1745194337395	50
6.16509875667575	23.1826387844664	50
6.15513574055333	23.1908841972648	50
6.14495263174309	23.199254552293	50
6.1345474831972	23.2077486651855	50
6.12391836418542	23.2163652870529	50
6.11306336029512	23.2251031044816	50
6.10198057343123	23.2339607395343	50
6.09066812181626	23.2429367497497	50
6.07912413999033	23.2520296281425	50
6.06734677881111	23.2612378032034	50
6.05533420545387	23.2705596388994	50
6.04308460341149	23.2799934346733	50
6.0305961724944	23.2895374254441	50
6.01786712883062	23.2991897816068	50
6.00489570486577	23.3089486090324	50
5.99168014936305	23.3188119490681	50
5.97821872740323	23.328777778537	50
5.96450972038468	23.3388440097385	50
5.95055142602336	23.3490084904477	50
5.93634215835279	23.359269003916	50
5.9218802477241	23.3696232688709	50
5.90716404080598	23.3800689395157	50
5.89219190058474	23.3906036055301	50
5.87696220636424	23.4012247920695	50
5.86147335376594	23.4119299597656	50
5.84572375472888	23.4227165047261	50
5.82971183750969	23.4335817585347	50
5.81343604668259	23.4445229882513	50
5.79689484313936	23.4555373964116	50
5.78852423508973	23.4610711505573	50
5.7800867040894	23.4666221210276	50
5.77158206233916	23.4721899399919	50
5.76301012305967	23.4777742355872	50
5.7543707004914	23.4833746319176	50
5.74566360989471	23.4889907490545	50
5.73688866754978	23.4946222030365	50
5.72804569075666	23.5002686058695	50
5.71913449783523	23.5059295655267	50
5.71015490812525	23.5116046859484	50
5.70110674198627	23.5172935670423	50
5.69198982079777	23.5229958046833	50
5.682803966959	23.5287109907136	50
5.67354900388911	23.5344387129425	50
5.6642247560271	23.5401785551468	50
5.65483104883177	23.5459300970704	50
5.64536770878182	23.5516929144244	50
5.63583456337578	23.5574665788872	50
5.62623144113203	23.5632506581045	50
5.61655817158879	23.5690447156893	50
5.60681458530415	23.5748483112218	50
5.59700051385604	23.5806610002493	50
5.58711578984222	23.5864823342867	50
5.57716024688032	23.5923118608157	50
5.56713371960782	23.5981491232857	50
5.55703604368205	23.603993661113	50
5.54686705578016	23.6098450096814	50
5.53662659359919	23.6157027003419	50
5.52631449585601	23.6215662604126	50
5.51593060228733	23.6274352131791	50
5.50547475364972	23.6333090778939	50
5.49494679171961	23.6391873697772	50
5.48434655929324	23.6450696000162	50
5.47367390018675	23.6509552757652	50
5.46292865923611	23.6568439001462	50
5.4521106822971	23.6627349722479	50
5.44121981624541	23.6686279871268	50
5.43025590897655	23.6745224358062	50
5.41921880940587	23.680417805277	50
5.40810836746859	23.6863135784971	50
5.39692443411976	23.6922092343918	50
5.38566686133429	23.6981042478536	50
5.37433550210694	23.7039980897423	50
5.36293021045231	23.7098902268848	50
5.35145084140487	23.7157801220755	50
5.33989725101891	23.7216672340758	50
5.32826929636858	23.7275510176146	50
5.3165668355479	23.7334309233879	50
5.3047897276707	23.7393063980589	50
5.2929378328707	23.7451768842582	50
5.28101101230143	23.7510418205836	50
5.2690091281363	23.7569006416001	50
5.25693204356856	23.7627527778401	50
5.24477962281129	23.768597655803	50
5.23255173109746	23.7744346979558	50
5.22024823467984	23.7802633227323	50
5.2078690008311	23.786082944534	50
5.1954138978437	23.7918929737295	50
5.18288279503	23.7976928166545	50
5.1702755627222	23.803481875612	50
5.15759207227232	23.8092595488726	50
5.14483219605226	23.8150252306736	50
5.13199580745376	23.82077831122	50
5.1190827808884	23.8265181766838	50
5.10609299178761	23.8322442092043	50
5.0930263166027	23.8379557868883	50
5.07988263280477	23.8436522838094	50
5.06666181888482	23.8493330700089	50
5.05336375435369	23.854997511495	50
5.03998831974204	23.8606449702434	50
5.02653539660043	23.866274804197	50
5.01300486749921	23.8718863672658	50
4.99939661602862	23.8774790093272	50
4.98571052679874	23.8830520762258	50
4.97194648543949	23.8886049097735	50
4.95810437860065	23.8941368477495	50
4.94418409395184	23.8996472239001	50
4.93018552018254	23.905135367939	50
4.91610854700206	23.910600605547	50
4.90195306513959	23.9160422583723	50
4.88771896634413	23.9214596440302	50
4.87340614338457	23.9268520761035	50
4.85901449004961	23.9322188641421	50
4.84454390114783	23.937559313663	50
4.82999427250764	23.9428727261507	50
4.81536550097731	23.9481583990569	50
4.80065748442495	23.9534156258005	50
4.78587012173853	23.9586436957676	50
4.77100331282585	23.9638418943117	50
4.75605695861459	23.9690095027534	50
4.74103096105225	23.9741457983807	50
4.72592522310619	23.9792500544488	50
4.71073964876361	23.9843215401801	50
4.6954741430316	23.9893595207643	50
4.68012861193703	23.9943632573583	50
4.66470296252668	23.9993320070864	50
4.64919710286714	24.00426502304	50
4.63361094204487	24.0091615542777	50
4.61794439016618	24.0140208458256	50
4.60219735835721	24.0188421386769	50
4.58636975876397	24.023624669792	50
4.57046150455231	24.0283676720987	50
4.55447250990792	24.0330703744918	50
4.53840269003636	24.0377320018338	50
4.52225196116303	24.0423517749539	50
4.50602024053316	24.0469289106491	50
4.48970744641186	24.0514626216831	50
4.47331349808406	24.0559521167874	50
4.45683831585458	24.0603966006604	50
4.44028182104802	24.0647952739677	50
4.42364393600892	24.0691473333426	50
4.4069245841016	24.0734519713851	50
4.39012368971023	24.0777083766628	50
4.37324117823887	24.0819157337104	50
4.35627697611141	24.0860732230301	50
4.33923101077158	24.0901800210909	50
4.32210321068297	24.0942353003296	50
4.30489350532901	24.0982382291498	50
4.28760182521298	24.1021879719225	50
4.27022810185802	24.1060836889861	50
4.25277226780712	24.109924536646	50
4.23523425662309	24.1137096671752	50
4.21761400288863	24.1174382288136	50
4.19991144220626	24.1211093657684	50
4.18212651119837	24.1247222182144	50
4.16425914750716	24.1282759222932	50
4.14630928979474	24.1317696101139	50
4.12827687774301	24.1352024097529	50
4.11016185205374	24.1385734452537	50
4.09196415444858	24.141881836627	50
4.07368372766899	24.1451266998511	50
4.05532051547629	24.1483071468712	50
4.03687446265165	24.1514222855999	50
4.01834551499609	24.154471219917	50
3.99973361933048	24.1574530496696	50
3.98103872349554	24.160366870672	50
3.96226077635183	24.1632117747059	50
3.94339972777976	24.1659868495201	50
3.92445552867962	24.1686911788306	50
3.9054281309715	24.1713238423209	50
3.88631748759537	24.1738839156415	50
3.86712355251105	24.1763704704103	50
3.84784628069819	24.1787825742125	50
3.8284856281563	24.1811192906003	50
3.80904155190475	24.1833796790934	50
3.78951400998273	24.1855627951787	50
3.76990296144932	24.1876676903103	50
3.75020836638341	24.1896934119095	50
3.73043018588375	24.1916390033651	50
3.71056838206897	24.1935035040329	50
3.6906229180775	24.195285949236	50
3.67059375806765	24.1969853702649	50
3.65048086721757	24.1986007943772	50
3.63028421172526	24.2001312447977	50
3.61000375880857	24.2015757407187	50
3.58963947670521	24.2029332972995	50
3.5691913346727	24.2042029256669	50
3.54865930298846	24.2053836329147	50
3.52804335294973	24.206474422104	50
3.5073434568736	24.2074742922635	50
3.48655958809702	24.2083822383886	50
3.46569172097678	24.2091972514423	50
3.44473983088952	24.2099183183548	50
3.42370389423174	24.2105444220236	50
3.40258388841976	24.2110745413133	50
3.38137979188979	24.2115076510559	50
3.36009158409786	24.2118427220506	50
3.33871924551985	24.2120787210638	50
3.31726275765151	24.2122146108293	50
3.29572210300841	24.2122493500479	50
3.27409726512599	24.212181893388	50
3.25238822855954	24.2120111914849	50
3.23059497888418	24.2117361909414	50
3.20871750269491	24.2113558343274	50
3.18675578760654	24.2108690601803	50
3.16470982225376	24.2102748030044	50
3.14257959629109	24.2095719932715	50
3.12036510039292	24.2087595574205	50
3.09806632625347	24.2078364178578	50
3.07568326658681	24.2068014929568	50
3.05321591512687	24.2056536970583	50
3.03066426662742	24.2043919404702	50
3.0080283168621	24.2030151294678	50
2.98530806262436	24.2015221662937	50
2.96250350172752	24.1999119491575	50
2.93961463300476	24.1981833722363	50
2.9166414563091	24.1963353256744	50
2.89358397251341	24.1943666955833	50
2.87044218351039	24.1922763640417	50
2.84721609221263	24.1900632090957	50
2.82390570255252	24.1877261047586	50
2.80051101948234	24.1852639210108	50
2.7770320489742	24.1826755238003	50
2.75346879802006	24.1799597750419	50
2.72982127463173	24.1771155326181	50
2.70608948784088	24.1741416503784	50
2.682273447699	24.1710369781396	50
2.65837316527747	24.1678003616857	50
2.63438865266748	24.164430642768	50
2.61031992298009	24.1609266591051	50
2.58616699034621	24.1572872443829	50
2.5619298699166	24.1535112282543	50
2.53760857786185	24.1495974363398	50
2.51320313137242	24.1455446902268	50
2.48871354865861	24.1413518074703	50
2.46413984895057	24.1370176015923	50
2.4394820524983	24.1325408820821	50
2.41474018057165	24.1279204543963	50
2.38991425546032	24.1231551199589	50
2.36500430047385	24.1182436761608	50
2.34001033994163	24.1131849163604	50
2.31493239921292	24.1079776298834	50
2.28977050465681	24.1026206020225	50
2.26452468366224	24.097112614038	50
2.239194964638	24.0914524431571	50
2.21378137701273	24.0856388625746	50
2.18828395123493	24.0796706414521	50
2.16270271877293	24.073546544919	50
2.13703771211492	24.0672653340715	50
2.11128896476893	24.0608257659734	50
2.08545651126286	24.0542265936554	50
2.05954038714444	24.0474665661157	50
2.03354062898125	24.0405444283198	50
2.00745727436072	24.0334589212002	50
1.98129036189015	24.0262087816569	50
1.95503993119665	24.0187927425571	50
1.92870602292721	24.011209532735	50
1.90228867874866	24.0034578769924	50
1.87578794134769	23.9955364960983	50
1.8492038544308	23.9874441067887	50
1.82253646272439	23.9791794217671	50
1.79578581197467	23.9707411497042	50
1.76895194894773	23.9621279952379	50
1.74203492142948	23.9533386589733	50
1.7150347782257	23.944371837483	50
1.68795156916201	23.9352262233066	50
1.66078534508389	23.925900504951	50
1.63353615785664	23.9163933668905	50
1.60620406036544	23.9067034895665	50
1.57878910651531	23.8968295493877	50
1.55129135123112	23.88677021873	50
1.52371085045757	23.8765241659367	50
1.49604766115924	23.8660900553182	50
1.46830184132054	23.8554665471522	50
1.44047344994573	23.8446522976838	50
1.41256254705893	23.8336459591251	50
1.3845691937041	23.8224461796556	50
1.35649345194503	23.8110516034221	50
1.32833538486541	23.7994608705385	50
1.30009505656873	23.7876726170861	50
1.27177253217835	23.7756854751133	50
1.24336787783748	23.763498072636	50
1.21488116070917	23.751109033637	50
1.18631244897633	23.7385169780668	50
1.15766181184171	23.7257205218426	50
1.12892931952791	23.7127182768495	50
1.10011504327739	23.6995088509392	50
1.07121905535244	23.6860908479312	50
1.04224142903522	23.6724628676118	50
1.01318223862772	23.658623505735	50
0.984041559451796	23.6445713540217	50
0.954819467849141	23.6303050001602	50
0.9255160411813	23.615823027806	50
0.89613135782967	23.601124016582	50
0.866665497195491	23.5862065420781	50
0.837118539699858	23.5710691758517	50
0.807490566783713	23.5557104854273	50
0.777781660907849	23.5401290342967	50
0.747991905552905	23.524323381919	50
0.718121385219369	23.5082920837204	50
0.68817018542758	23.4920336910946	50
0.658138392717724	23.4755467514023	50
0.62802609464984	23.4588298079717	50
0.597833379803809	23.441881400098	50
0.567560337779369	23.4247000630438	50
0.537207059196103	23.4072843280389	50
0.506773635693442	23.3896327222805	50
0.476260159930668	23.3717437689328	50
0.445666725586911	23.3536159871276	50
0.41499342736115	23.3352478919635	50
0.384240360972218	23.3166379945067	50
