0.405725703327785	4.18212136478197	55
0.397009680278831	4.17711193753672	55
0.388357294072972	4.17199337992153	55
0.379769911022293	4.16676650021598	55
0.371248887174126	4.16143212380497	55
0.362795568096914	4.15599109304838	55
0.354411288667734	4.15044426714803	55
0.346097372861502	4.14479252201203	55
0.337855133541901	4.13903675011646	55
0.329685872254067	4.13317786036443	55
0.321590879019058	4.12721677794254	55
0.313571432130147	4.12115444417482	55
0.305628797950962	4.11499181637403	55
0.297764230715513	4.10872986769056	55
0.289978972330135	4.10236958695868	55
0.282274252177378	4.09591197854046	55
0.274651286921869	4.08935806216713	55
0.267111280318191	4.08270887277805	55
0.259655423020792	4.07596546035731	55
0.252284892395972	4.0691288897679	55
0.245000852335958	4.06220024058358	55
0.237804453075113	4.05518060691836	55
0.230696831008306	4.04807109725377	55
0.223679108511454	4.04087283426382	55
0.216752393764292	4.03358695463766	55
0.209917780575375	4.02621460890016	55
0.203176348209356	4.01875696123017	55
0.196529161216553	4.0112151892767	55
0.189977269264851	4.00359048397298	55
0.183521706973939	3.99588404934836	55
0.177163493751939	3.98809710233821	55
0.170903633634426	3.98023087259172	55
0.164743115125878	3.97228660227777	55
0.158682911043583	3.96426554588872	55
0.152723978364018	3.95616897004236	55
0.146867258071731	3.94799815328189	55
0.141113675010749	3.93975438587397	55
0.135464137738536	3.93143896960506	55
0.129919538382518	3.92305321757578	55
0.124480752499208	3.91459845399358	55
0.119148638935947	3.90607601396365	55
0.113924039695277	3.89748724327805	55
0.108807779801983	3.88883349820325	55
0.103800667172814	3.88011614526591	55
0.0989034924888961	3.87133656103711	55
0.0941170290708834	3.86249613191498	55
0.089442032756835	3.85359625390576	55
0.0848792417828638	3.84463833240336	55
0.0804293766665579	3.83562378196742	55
0.0760931400932037	3.82655402609996	55
0.0718712168048231	3.81743049702058	55
0.0677642734920457	3.80825463544027	55
0.0637729586888298	3.79902789033395	55
0.0598979026700517	3.78975171871163	55
0.0561397173519775	3.78042758538835	55
0.0524989961956355	3.77105696275284	55
0.0489763141131005	3.76164133053504	55
0.0455722273767101	3.75218217557244	55
0.042287273531221	3.74268099157526	55
0.0391219713089258	3.73313927889058	55
0.036076820547739	3.72355854426546	55
0.0331523021122659	3.71394030060895	55
0.0303488778178702	3.70428606675323	55
0.0276669903577457	3.69459736721374	55
0.0251070632330119	3.68487573194844	55
0.0226695006858377	3.67512269611625	55
0.0203546876356061	3.66533979983459	55
0.018162989618132	3.65552858793617	55
0.0160947527279395	3.64569060972511	55
0.014150303563609	3.63582741873219	55
0.0123299491762046	3.62594057246963	55
0.0106339770207862	3.61603163218505	55
0.00906265491101732	3.60610216261499	55
0.00761623097687469	3.5961537317378	55
0.00629493362546474	3.58618791052605	55
0.00509897150495653	3.57620627269844	55
0.00402853347163257	3.56621039447128	55
0.00308378856006741	3.55620185430963	55
0.00226488595643448	3.54618223267799	55
0.00157195497494789	3.53615311179078	55
0.00100510503744222	3.52611607536245	55
0.000564425656093936	3.51607270835739	55
0.000249986419285531	3.5060245967397	55
6.1836980617902e-05	3.49597332722266	55
7.0510683958247e-09	3.48592048701826	55
6.45063942996682e-05	3.4758676635865	55
0.000255324825117587	3.46581644438474	55
0.000572432211080054	3.45576841661701	55
0.00101577847725487	3.44572516698337	55
0.00158529361412696	3.43568828142936	55
0.0022808876886542	3.42565934489557	55
0.00310245085846894	3.41563994106733	55
0.00404985338922237	3.40563165212465	55
0.00512294567507265	3.39563605849238	55
0.00632155826230796	3.38565473859063	55
0.00764550187610591	3.37568926858552	55
0.00909456745042236	3.36574122214028	55
0.0106685261610051	3.35581217016676	55
0.0123671294615276	3.34590368057738	55
0.0141901091228382	3.33601731803751	55
0.0161371772753155	3.32615464371839	55
0.0182080264543271	3.31631721505064	55
0.0204023296487816	3.30650658547827	55
0.0227197403527676	3.29672430421344	55
0.0251598926202703	3.28697191599173	55
0.02772240112296	3.27725096082832	55
0.0304068612110381	3.26756297377472	55
0.0332128489771377	3.25790948467637	55
0.0361399213232626	3.24829201793113	55
0.0391876160307574	3.23871209224847	55
0.0423554518332979	3.22917122040971	55
0.0456429284928882	3.21967090902913	55
0.0490495268788541	3.21021265831602	55
0.0525747090498199	3.20079796183781	55
0.0562179183386555	3.19142830628421	55
0.0599785794403809	3.18210517123245	55
0.0638560985030131	3.17283002891363	55
0.0678498632213425	3.16360434398025	55
0.0719592429336229	3.15442957327491	55
0.07618358872116	3.14530716560025	55
0.0805222335107844	3.1362385614902	55
0.0849744921801883	3.12722519298247	55
0.0895396616661155	3.11826848339244	55
0.0942170210753832	3.10936984708838	55
0.0990058317987189	3.10053068926812	55
0.103905337627396	3.09175240573715	55
0.108914764872647	3.0830363826882	55
0.114033322487838	3.07438399648234	55
0.119260202193387	3.06579661343166	55
0.124594578604395	3.05727558958349	55
0.13003560936099	3.04882227050628	55
0.135582435261341	3.0404379910771	55
0.141234180397336	3.03212407527087	55
0.146989952292903	3.02388183595127	55
0.152848842044935	3.01571257466343	55
0.158809924466822	3.00761758142842	55
0.164872258234547	2.99959813453951	55
0.171034886035331	2.99165550036033	55
0.177296834718805	2.98379093312488	55
0.183657115450682	2.9760056747395	55
0.190114723868901	2.96830095458674	55
0.196668640242237	2.96067798933124	55
0.203317829631317	2.95313798272756	55
0.210061242052057	2.94568212543016	55
0.216897812641465	2.93831159480534	55
0.223826461825791	2.93102755474532	55
0.230846095491011	2.92383115548448	55
0.237955605155594	2.91672353341767	55
0.245153868145549	2.90970581092082	55
0.252439747771703	2.90277909617366	55
0.259812093509204	2.89594448298474	55
0.267269741179197	2.88920305061872	55
0.274811513132663	2.88255586362592	55
0.282436218436383	2.87600397167422	55
0.290142653061002	2.86954840938331	55
0.297929600071156	2.8631901961613	55
0.305795829817644	2.85693033604379	55
0.313740100131601	2.85076981753524	55
0.32176115652065	2.84470961345295	55
0.329857732367004	2.83875068077338	55
0.33802854912748	2.8328939604811	55
0.346272316535392	2.82714037742012	55
0.354587732804302	2.8214908401479	55
0.362973484833584	2.81594624079188	55
0.371428248415783	2.81050745490857	55
0.379950688445718	2.80517534134531	55
0.388539459131315	2.79995074210464	55
0.397193204206116	2.79483448221135	55
0.405910557143457	2.78982736958218	55
0.414690141372255	2.78493019489826	55
0.423530570494384	2.78014373148025	55
0.432430448503605	2.7754687351662	55
0.441388370006008	2.77090594419223	55
0.450402920441945	2.76645607907592	55
0.459472676309402	2.76211984250257	55
0.468596205388788	2.75789791921419	55
0.477772066969097	2.75379097590141	55
0.486998812075416	2.7497996610982	55
0.496274983697734	2.74592460507942	55
0.505599117021019	2.74216641976134	55
0.514969739656528	2.738525698605	55
0.524385371874322	2.73500301652247	55
0.533844526836923	2.73159892978608	55
0.543345710834109	2.72831397594059	55
0.552887423518784	2.72514867371829	55
0.562468158143906	2.7221035229571	55
0.572086401800413	2.71917900452163	55
0.581740635656135	2.71637558022724	55
0.591429335195629	2.71369369276711	55
0.601150970460923	2.71113376564238	55
0.610904006293113	2.7086962030952	55
0.62068690257478	2.70638139004497	55
0.630498114473193	2.7041896920275	55
0.640336092684259	2.70212145513731	55
0.650199283677173	2.70017700597298	55
0.660086129939739	2.69835665158557	55
0.669995070224322	2.69666067943015	55
0.67992453979438	2.69508935732038	55
0.689872970671564	2.69364293338624	55
0.699838791883312	2.69232163603483	55
0.709820429710927	2.69112567391432	55
0.719816307938086	2.690055235881	55
0.729824848099739	2.68911049096943	55
0.739844469731374	2.6882915883658	55
0.749873590618584	2.68759865738431	55
0.759910627046918	2.68703180744681	55
0.769953994051973	2.68659112806546	55
0.780002105669671	2.68627668882865	55
0.790053375186707	2.68608853938998	55
0.800106215391106	2.68602670946043	55
0.810159038822863	2.68609120880367	55
0.820210258024623	2.68628202723448	55
0.830258285792356	2.68659913462045	55
0.840301535425997	2.68704248088662	55
0.850338420980005	2.68761199602349	55
0.860367357513798	2.68830759009802	55
0.870386761342039	2.68912915326784	55
0.880395050284715	2.69007655579859	55
0.890390643916981	2.69114964808444	55
0.900371963818732	2.69234826067167	55
0.910337433823847	2.69367220428547	55
0.92028548026909	2.69512126985979	55
0.930214532242604	2.69669522857037	55
0.942606757733375	2.69876020825432	55
0.95280229406677	2.70043617605046	55
0.963004859955707	2.70208983674032	55
0.973214455400186	2.70372119032392	55
0.983431080400207	2.70533023680125	55
0.993654734955772	2.70691697617231	55
1.00388541906688	2.70848140843709	55
1.01412313273353	2.71002353359561	55
1.02436787595572	2.71154335164786	55
1.03461964873345	2.71304086259384	55
1.04487845106672	2.71451606643355	55
1.05514428295554	2.71596896316699	55
1.0654171443999	2.71739955279415	55
1.0756970353998	2.71880783531505	55
1.08598395595525	2.72019381072968	55
1.09627790606624	2.72155747903804	55
1.10657888573276	2.72289884024013	55
1.11688689495484	2.72421789433595	55
1.12720193373245	2.7255146413255	55
1.13752400206561	2.72678908120878	55
1.1478530999543	2.72804121398579	55
1.15818922739854	2.72927103965653	55
1.16853238439833	2.730478558221	55
1.17888257095365	2.7316637696792	55
1.18923978706452	2.73282667403113	55
1.19960403273093	2.73396727127679	55
1.20997530795288	2.73508556141618	55
1.22035361273038	2.7361815444493	55
1.23073894706341	2.73725522037615	55
1.24113131095199	2.73830658919673	55
1.25153070439611	2.73933565091104	55
1.26193712739578	2.74034240551909	55
1.27235057995098	2.74132685302086	55
1.28277106206173	2.74228899341636	55
1.29319857372802	2.74322882670559	55
1.30363311494985	2.74414635288855	55
1.31407468572723	2.74504157196524	55
1.32452328606015	2.74591448393567	55
1.33497891594861	2.74676508879982	55
1.34544157539261	2.7475933865577	55
1.35591126439215	2.74839937720931	55
1.36638798294724	2.74918306075466	55
1.37687173105787	2.74994443719373	55
1.38736250872404	2.75068350652653	55
1.39786031594575	2.75140026875307	55
1.40836515272301	2.75209472387333	55
1.41887701905581	2.75276687188732	55
1.42939591494415	2.75341671279505	55
1.43992184038803	2.7540442465965	55
1.45045479538745	2.75464947329169	55
1.46099477994242	2.7552323928806	55
1.47154179405293	2.75579300536324	55
1.48209583771898	2.75633131073962	55
1.49265691094058	2.75684730900972	55
1.50322501371771	2.75734100017356	55
1.51380014605039	2.75781238423112	55
1.52438230793861	2.75826146118242	55
1.53497149938238	2.75868823102744	55
1.54556772038168	2.7590926937662	55
1.55617097093653	2.75947484939868	55
1.56678125104692	2.7598346979249	55
1.57739856071285	2.76017223934485	55
1.58802289993433	2.76048747365852	55
1.59865426871135	2.76078040086593	55
1.60929266704391	2.76105102096706	55
1.61993809493201	2.76129933396193	55
1.63059055237565	2.76152533985053	55
1.64125003937484	2.76172903863286	55
1.65191655592957	2.76191043030891	55
1.66259010203984	2.7620695148787	55
1.67327067770565	2.76220629234222	55
1.68395828292701	2.76232076269946	55
1.6946529177039	2.76241292595044	55
1.70535458203634	2.76248278209515	55
1.71606327592433	2.76253033113359	55
1.72677899936785	2.76255557306575	55
1.73750175236692	2.76255850789165	55
1.74823153492153	2.76253913561128	55
1.75896834703168	2.76249745622464	55
1.76971218869737	2.76243346973173	55
1.78046305991861	2.76234717613255	55
1.79122096069539	2.7622385754271	55
1.80198589102771	2.76210766761537	55
1.81275785091557	2.76195445269738	55
1.82353684035898	2.76177893067312	55
1.83432285935793	2.76158110154259	55
1.84511590791242	2.76136096530579	55
1.85591598602245	2.76111852196272	55
1.86672309368802	2.76085377151338	55
1.87753723090914	2.76056671395777	55
1.8883583976858	2.76025734929589	55
1.899186594018	2.75992567752774	55
1.91002181990575	2.75957169865332	55
1.92086407534903	2.75919541267263	55
1.93171336034786	2.75879681958567	55
1.94256967490223	2.75837591939244	55
1.95343301901214	2.75793271209295	55
1.9643033926776	2.75746719768718	55
1.9751807958986	2.75697937617514	55
1.98606522867514	2.75646924755683	55
1.99695669100722	2.75593681183225	55
2.00785518289484	2.7553820690014	55
2.01876070433801	2.75480501906429	55
2.02967325533672	2.7542056620209	55
2.04059283589097	2.75358399787124	55
2.05151944600077	2.75294002661531	55
2.0624530856661	2.75227374825312	55
2.07339375488698	2.75158516278465	55
2.0843414536634	2.75087427020991	55
2.09529618199536	2.7501410705289	55
2.10625793988287	2.74938556374163	55
2.11722672732592	2.74860774984808	55
2.12820254432451	2.74780762884826	55
2.13918539087864	2.74698520074218	55
2.15017526698831	2.74614046552982	55
2.16117217265353	2.7452734232112	55
2.17217610787429	2.7443840737863	55
2.18318707265059	2.74347241725513	55
2.19420506698244	2.7425384536177	55
2.20523009086982	2.74158218287399	55
2.21626214431275	2.74060360502402	55
2.22730122731122	2.73960272006777	55
2.23834733986523	2.73857952800526	55
2.24940048197479	2.73753402883647	55
2.26046065363989	2.73646622256142	55
2.27152785486053	2.73537610918009	55
2.28260208563671	2.7342636886925	55
2.29368334596843	2.73312896109863	55
2.3047716358557	2.7319719263985	55
2.31586695529851	2.73079258459209	55
2.32696930429686	2.72959093567942	55
2.33807868285075	2.72836697966048	55
2.34919509096019	2.72712071653527	55
2.36031852862517	2.72585214630378	55
2.37144899584569	2.72456126896603	55
2.38258649262175	2.72324808452201	55
2.39373101895336	2.72191259297171	55
2.4048825748405	2.72055479431515	55
2.41604116028319	2.71917468855232	55
2.42720677528143	2.71777227568321	55
2.4383794198352	2.71634755570784	55
2.44955909394452	2.7149005286262	55
2.46074579760938	2.71343119443829	55
2.47193953082978	2.7119395531441	55
2.48314029360572	2.71042560474365	55
2.49434808593721	2.70888934923693	55
2.50556290782423	2.70733078662394	55
2.51678475926681	2.70574991690468	55
2.52801364026492	2.70414674007915	55
2.53924955081857	2.70252125614735	55
2.55049249092777	2.70087346510928	55
2.56174246059251	2.69920336696494	55
2.57299945981279	2.69751096171432	55
2.58426348858862	2.69579624935744	55
2.59553454691998	2.69405922989429	55
2.60681263480689	2.69229990332487	55
2.61809775224934	2.69051826964918	55
2.62938989924734	2.68871432886722	55
2.64068907580087	2.68688808097899	55
2.65199528190995	2.6850395259845	55
2.66330851757457	2.68316866388373	55
2.67462878279473	2.68127549467669	55
2.68595607757044	2.67936001836338	55
2.69729040190169	2.6774222349438	55
2.70863175578847	2.67546214441795	55
2.71998013923081	2.67347974678583	55
2.73133555222868	2.67147504204744	55
2.7426979947821	2.66944803020278	55
2.75406746689106	2.66739871125186	55
2.76544396855556	2.66532708519466	55
2.7768274997756	2.66323315203119	55
2.78821806055119	2.66111691176145	55
2.79961565088232	2.65897836438544	55
2.81102027076899	2.65681750990317	55
2.8224319202112	2.65463434831462	55
2.83385059920895	2.6524288796198	55
2.84527630776225	2.65020110381871	55
2.85670904587109	2.64795102091136	55
2.86814881353547	2.64567863089773	55
2.8795956107554	2.64338393377783	55
2.89104943753086	2.64106692955167	55
2.90251029386187	2.63872761821923	55
2.91397817974842	2.63636599978053	55
2.92545309519052	2.63398207423555	55
2.93693504018815	2.6315758415843	55
2.94842401474133	2.62914730182679	55
2.95992001885005	2.626696454963	55
2.97142305251431	2.62422330099295	55
2.98293311573412	2.62172783991662	55
2.99445020850946	2.61921007173403	55
3.00597433084035	2.61666999644516	55
3.01750548272678	2.61410761405003	55
3.02904366416876	2.61152292454862	55
3.04058887516627	2.60891592794095	55
3.05214111571933	2.606286624227	55
3.06370038582793	2.60363501340679	55
3.07526668549208	2.60096109548031	55
3.08684001471176	2.59826487044755	55
3.09842037348699	2.59554633830853	55
3.11000776181776	2.59280549906323	55
3.12160217970407	2.59004235271167	55
3.13320362714593	2.58725689925384	55
3.14481210414333	2.58444913868973	55
3.15642761069626	2.58161907101936	55
3.16805014680475	2.57876669624272	55
3.17967971246877	2.57589201435981	55
3.19131630768834	2.57299502537062	55
3.20295993246345	2.57007572927517	55
3.2146105867941	2.56713412607345	55
3.22626827068029	2.56417021576546	55
3.23793298412202	2.5611839983512	55
3.2496047271193	2.55817547383066	55
3.26128349967212	2.55514464220386	55
3.27296930178048	2.55209150347079	55
3.28466213344439	2.54901605763145	55
3.29636199466384	2.54591830468584	55
3.30806888543882	2.54279824463396	55
3.31978280576936	2.5396558774758	55
3.33150375565543	2.53649120321138	55
3.34323173509705	2.53330422184069	55
3.35496674409421	2.53009493336373	55
3.36670878264691	2.5268633377805	55
3.37845785075515	2.523609435091	55
3.39021394841893	2.52033322529523	55
3.40197707563826	2.51703470839319	55
3.41374723241313	2.51371388438488	55
3.42552441874354	2.5103707532703	55
3.4373086346295	2.50700531504945	55
3.44909988007099	2.50361756972233	55
3.46089815506803	2.50020751728895	55
3.47270345962062	2.49677515774929	55
3.48451579372874	2.49332049110336	55
3.49633515739241	2.48984351735116	55
3.50816155061161	2.48634423649269	55
3.51999497338636	2.48282264852795	55
3.53183542571666	2.47927875345694	55
3.54368290760249	2.47571255127967	55
3.55553741904387	2.47212404199612	55
3.56739896004079	2.4685132256063	55
3.57926753059325	2.46488010211021	55
3.59114313070126	2.46122467150786	55
3.6030257603648	2.45754693379923	55
3.61491541958389	2.45384688898433	55
3.62681210835852	2.45012453706316	55
3.6387158266887	2.44637987803573	55
3.65062657457441	2.44261291190202	55
3.66254435201567	2.43882363866204	55
3.67446915901247	2.4350120583158	55
3.68640099556482	2.43117817086328	55
3.6983398616727	2.42732197630449	55
3.71028575733613	2.42344347463944	55
3.7222386825551	2.41954266586811	55
3.73419863732961	2.41561954999052	55
3.74616562165966	2.41167412700665	55
3.75813963554526	2.40770639691651	55
3.7701206789864	2.40371635972011	55
3.78210875198308	2.39970401541744	55
3.7941038545353	2.39566936400849	55
3.80610598664307	2.39161240549328	55
3.81811514830638	2.38753313987179	55
3.83013133952523	2.38343156714404	55
3.84215456029962	2.37930768731001	55
3.85418481062956	2.37516150036972	55
3.86622209051503	2.37099300632315	55
3.87826639995605	2.36680220517032	55
3.89031773895262	2.36258909691121	55
3.90237610750472	2.35835368154584	55
3.91444150561237	2.3540959590742	55
3.92651393327556	2.34981592949629	55
3.93859339049429	2.3455135928121	55
3.95067987726856	2.34118894902165	55
3.96277339359838	2.33684199812493	55
3.97487393948373	2.33247274012193	55
3.98698151492464	2.32808117501267	55
3.99909611992108	2.32366730279714	55
4.01121775447306	2.31923112347534	55
4.02334641858059	2.31477263704726	55
4.03548211224366	2.31029184351292	55
4.04762483546227	2.30578874287231	55
4.05977458823642	2.30126333512543	55
4.07193137056612	2.29671562027228	55
4.08409518245136	2.29214559831286	55
4.09626602389214	2.28755326924716	55
4.10844389488846	2.2829386330752	55
4.12062879544033	2.27830168979697	55
4.13282072554774	2.27364243941247	55
4.14501968521069	2.2689608819217	55
4.15722567442918	2.26425701732466	55
4.16943869320322	2.25953084562135	55
4.18165874153279	2.25478236681177	55
4.19388581941791	2.25001158089592	55
4.20611992685857	2.2452184878738	55
4.21836106385478	2.24040308774541	55
4.23060923040653	2.23556538051075	55
4.24286442651381	2.23070536616982	55
4.25512665217665	2.22582304472262	55
4.26739590739502	2.22091841616915	55
4.27967219216893	2.21599148050941	55
4.29195550649839	2.2110422377434	55
4.30424585038339	2.20607068787113	55
4.31654322382393	2.20107683089258	55
4.32884762682002	2.19606066680776	55
4.34115905937165	2.19102219561667	55
4.35347752147882	2.18596141731931	55
4.36580301314153	2.18087833191568	55
4.37813553435978	2.17577293940579	55
4.39047508513358	2.17064523978962	55
4.40282166546292	2.16549523306718	55
4.4151752753478	2.16032291923847	55
4.42753591478822	2.1551282983035	55
4.43990358378419	2.14991137026225	55
4.45227828233569	2.14467213511473	55
4.46466001044274	2.13941059286095	55
4.47704876810534	2.13412674350089	55
4.48944455532347	2.12882058703456	55
4.50184737209715	2.12349212346196	55
4.51425721842637	2.1181413527831	55
4.52667409431113	2.11276827499796	55
4.53909799975143	2.10737289010656	55
4.55152893474728	2.10195519810888	55
4.56396689929867	2.09651519900494	55
4.5764118934056	2.09105289279472	55
4.58886391706807	2.08556827947823	55
4.60132297028609	2.08006135905548	55
4.61378905305964	2.07453213152645	55
4.62626216538875	2.06898059689116	55
4.63874230727339	2.06340675514959	55
4.65122947871357	2.05781060630176	55
4.6637236797093	2.05219215034765	55
4.67622491026057	2.04655138728728	55
4.68873317036738	2.04088831712064	55
4.70124846002973	2.03520293984772	55
4.71377077924763	2.02949525546854	55
4.72630012802107	2.02376526398309	55
4.73883650635005	2.01801296539136	55
4.75137991423457	2.01223835969337	55
4.76393035167464	2.00644144688911	55
4.77648781867024	2.00062222697857	55
4.7890523152214	1.99478069996177	55
4.80162384132809	1.9889168658387	55
4.81420239699032	1.98303072460936	55
4.8267879822081	1.97712227627374	55
4.83938059698142	1.97119152083186	55
4.85198024131028	1.96523845828371	55
4.86458691519468	1.95926308862929	55
4.87720061863463	1.95326541186859	55
4.88982135163012	1.94724542800163	55
4.90244911418115	1.9412031370284	55
4.91508390628772	1.9351385389489	55
4.92772572794984	1.92905163376313	55
4.94037457916749	1.92294242147109	55
4.95303045994069	1.91681090207277	55
4.96569337026944	1.91065707556819	55
4.97836331015372	1.90448094195734	55
4.99104027959355	1.89828250124022	55
5.00372427858892	1.89206175341683	55
5.01641530713983	1.88581869848717	55
5.02911336524628	1.87955333645124	55
5.04181845290828	1.87326566730904	55
5.05453057012581	1.86695569106057	55
5.0672497168989	1.86062340770583	55
5.07997589322752	1.85426881724482	55
5.09270909911168	1.84789191967754	55
5.10544933455139	1.84149271500399	55
5.11819659954664	1.83507120322418	55
5.13095089409743	1.82862738433809	55
5.14371221820377	1.82216125834573	55
5.15648057186564	1.8156728252471	55
5.16925595508306	1.8091620850422	55
5.18203836785602	1.80262903773103	55
5.19482781018453	1.79607368331359	55
5.20762428206857	1.78949602178989	55
5.22042778350816	1.78289605315991	55
5.23323831450329	1.77627377742366	55
5.24605587505397	1.76962919458114	55
5.25888046516018	1.76296230463236	55
5.27171208482194	1.7562731075773	55
5.28455073403924	1.74956160341597	55
5.29739641281208	1.74282779214837	55
5.31024912114046	1.73607167377451	55
5.32310885902439	1.72929324829437	55
5.33597562646386	1.72249251570796	55
5.34884942345887	1.71566947601529	55
5.36173025000942	1.70882412921634	55
5.37461810611552	1.70195647531112	55
5.38751299177716	1.69506651429964	55
5.40041490699434	1.68815424618188	55
5.41332385176706	1.68121967095786	55
5.42623982609533	1.67426278862756	55
5.43916282997913	1.667283599191	55
5.45209286341848	1.66028210264816	55
5.46502992641337	1.65325829899906	55
5.47797401896381	1.64621218824368	55
5.49092514106979	1.63914377038204	55
5.5038832927313	1.63205304541412	55
5.51684847394837	1.62494001333994	55
5.52982068472097	1.61780467415948	55
5.54279992504911	1.61064702787276	55
5.5557861949328	1.60346707447976	55
5.56877949437203	1.5962648139805	55
5.5817798233668	1.58904024637497	55
5.59478718191712	1.58179337166316	55
5.60780157002298	1.57452418984509	55
5.62082298768438	1.56723270092075	55
5.63385143490132	1.55991890489013	55
5.6468869116738	1.55258280175325	55
5.65992941800183	1.5452243915101	55
5.6729789538854	1.53784367416067	55
5.68603551932451	1.53044064970498	55
5.69909911431916	1.52301531814302	55
5.71216973886936	1.51556767947479	55
5.72524739297509	1.50809773370029	55
5.73833207663638	1.50060548081951	55
5.7514237898532	1.49309092083247	55
5.76452253262556	1.48555405373916	55
5.77762830495347	1.47799487953958	55
5.79074110683692	1.47041339823373	55
5.80386093827591	1.46280960982161	55
5.81698779927044	1.45518351430322	55
5.83012168982052	1.44753511167855	55
5.84326260992614	1.43986440194762	55
5.8564105595873	1.43217138511042	55
5.869565538804	1.42445606116695	55
5.88272754757625	1.41671843011721	55
5.89589658590404	1.4089584919612	55
5.90907265378737	1.40117624669892	55
5.92225575122624	1.39337169433037	55
5.93544587822065	1.38554483485555	55
5.94864303477061	1.37769566827446	55
5.96184722087611	1.3698241945871	55
5.97505843653715	1.36193041379347	55
5.98827668175374	1.35401432589357	55
6.00150195652586	1.34607593088741	55
6.01473426085353	1.33811522877497	55
6.02797359473674	1.33013221955626	55
6.04121995817549	1.32212690323128	55
6.05447335116979	1.31409927980003	55
6.06773377371963	1.30604934926251	55
6.08100122582501	1.29797711161873	55
6.09427570748593	1.28988256686867	55
6.1075572187024	1.28176571501234	55
6.1208457594744	1.27362655604974	55
6.13414132980195	1.26546508998087	55
6.14744392968504	1.25728131680574	55
6.16075355912368	1.24907523652433	55
6.17407021811785	1.24084684913665	55
6.18739390666757	1.23259615464271	55
6.20072462477283	1.22432315304249	55
6.21406237243364	1.216027844336	55
6.22740714964998	1.20771022852325	55
6.24075895642187	1.19937030560422	55
6.2541177927493	1.19100807557892	55
6.26748365863227	1.18262353844736	55
6.28085655407078	1.17421669420952	55
6.29423647906484	1.16578754286542	55
6.30762343361444	1.15733608441504	55
6.32101741771958	1.1488623188584	55
6.33441843138027	1.14036624619548	55
6.34782647459649	1.13184786642629	55
6.36124154736826	1.12330717955084	55
6.37466364969557	1.11474418556912	55
6.38809278157842	1.10615888448112	55
6.40152894301682	1.09755127628686	55
6.41497213401076	1.08892136098632	55
6.42842235456024	1.08026913857952	55
6.44187960466526	1.07159460906644	55
6.45534388432582	1.0628977724471	55
6.46881519354193	1.05417862872148	55
6.48229353231358	1.0454371778896	55
6.49577890064077	1.03667341995145	55
6.5092712985235	1.02788735490702	55
6.52277072596178	1.01907898275633	55
6.5362771829556	1.01024830349937	55
6.54979066950496	1.00139531713614	55
6.56331118560986	0.992520023666633	55
6.57683873127031	0.983622423090861	55
6.59037330648629	0.974702515408818	55
6.60391491125782	0.965760300620505	55
6.6174635455849	0.956795778725923	55
6.63101920946751	0.947808949725072	55
6.64458190290567	0.93879981361795	55
6.65815162589936	0.929768370404558	55
6.67172837844861	0.920714620084897	55
6.68531216055339	0.911638562658966	55
6.69890297221372	0.902540198126764	55
6.71250081342958	0.893419526488293	55
6.72610568420099	0.884276547743552	55
6.73971758452795	0.875111261892541	55
6.75333651441044	0.865923668935261	55
6.76696247384848	0.856713768871709	55
6.78059546284206	0.847481561701889	55
6.79423548139118	0.838227047425799	55
6.80788252949585	0.828950226043439	55
6.82153660715605	0.819651097554809	55
6.8351977143718	0.81032966195991	55
6.84886585114309	0.80098591925874	55
6.86254101746993	0.791619869451301	55
6.8762232133523	0.782231512537591	55
6.88991243879022	0.772820848517612	55
6.90360869378368	0.763387877391363	55
6.91731197833268	0.753932599158844	55
6.93102229243723	0.744455013820055	55
6.94473963609732	0.734955121374996	55
6.95846400931295	0.725432921823668	55
6.97219541208412	0.71588841516607	55
6.98593384441083	0.706321601402202	55
6.99967930629309	0.696732480532064	55
7.01343179773089	0.687121052555656	55
7.02719131872423	0.677487317472978	55
7.04095786927311	0.667831275284031	55
7.05473144937754	0.658152925988814	55
7.0685120590375	0.648452269587326	55
7.08229969825302	0.638729306079569	55
7.09609436702407	0.628984035465542	55
7.10989606535066	0.619216457745245	55
7.1237047932328	0.609426572918678	55
7.13752055067048	0.599614380985842	55
7.1513433376637	0.589779881946736	55
7.16517315421246	0.57992307580136	55
7.17901000031677	0.570043962549714	55
7.19285387597662	0.560142542191798	55
7.20670478119201	0.550218814727612	55
7.22056271596294	0.540272780157157	55
7.23442768028942	0.530304438480431	55
7.24829967417144	0.520313789697435	55
7.262178697609	0.51030083380817	55
7.2760647506021	0.500265570812635	55
7.28995783315075	0.49020800071083	55
7.30385794525493	0.480128123502756	55
7.31776508691466	0.470025939188412	55
7.33167925812993	0.459901447767797	55
7.34560045890075	0.449754649240913	55
7.3595286892271	0.439585543607759	55
7.373463949109	0.429394130868334	55
7.38740623854644	0.419180411022641	55
7.40135555753943	0.408944384070677	55
7.41531190608795	0.398686050012444	55
7.42927528419202	0.38840540884794	55
7.44324569185163	0.378102460577166	55
7.45722312906678	0.367777205200123	55
7.47120759583748	0.357429642716811	55
7.48519909216371	0.347059773127228	55
7.49919761804549	0.336667596431376	55
7.51320317348281	0.326253112629253	55
7.52721575847568	0.31581632172086	55
7.54123537302408	0.305357223706198	55
7.55526201712803	0.294875818585266	55
7.56929569078753	0.284372106358064	55
7.58333639400256	0.273846087024592	55
7.59738412677313	0.26329776058485	55
7.61143888909925	0.25272712703884	55
7.62550068098091	0.242134186386559	55
7.63956950241811	0.231518938628008	55
7.65364535341086	0.220881383763186	55
7.66772823395914	0.210221521792096	55
7.68181814406297	0.199539352714735	55
7.69591508372235	0.188834876531105	55
7.71001905293726	0.178108093241204	55
7.72413005170772	0.167359002845033	55
7.73824808003371	0.156587605342593	55
7.75237313791525	0.145793900733883	55
7.76650522535234	0.134977889018904	55
7.78064434234496	0.124139570197653	55
7.79479048889313	0.113278944270135	55
7.80894366499684	0.102396011236345	55
7.82310387065609	0.0914907710962858	55
7.83727110587089	0.0805632238499565	55
7.85144537064122	0.0696133694973584	55
7.8656266649671	0.0586412080384893	55
7.87981498884852	0.0476467394733504	55
7.89401034228549	0.0366299638019423	55
7.90821272527799	0.0255908810242635	55
7.92242213782604	0.0145294911403155	55
7.93663857992963	0.00344579415009738	55
7.95086205158877	-0.00766020994639094	55
7.96509255280344	-0.0187885211491476	55
7.97933008357366	-0.0299391394581754	55
7.99357464389942	-0.0411120648734724	55
8.00782623378072	-0.0523072973950405	55
8.02208485321757	-0.0635248370228769	55
8.03635050220995	-0.0747646837569844	55
8.05062318075788	-0.0860268375973612	55
8.06490288886135	-0.0973112985440077	55
8.07918962652037	-0.108618066596925	55
8.09348339373492	-0.119947141756111	55
8.10778419050502	-0.131298524021568	55
8.12209201683066	-0.142672213393294	55
8.13640687271184	-0.154068209871289	55
8.15072875814857	-0.165486513455555	55
8.16505767314084	-0.17692712414609	55
8.17939361768865	-0.188390041942896	55
8.193736591792	-0.199875266845972	55
8.20808659545089	-0.211382798855317	55
8.22244362866533	-0.222912637970932	55
8.23680769143531	-0.234464784192816	55
8.25117878376083	-0.246039237520971	55
8.26555690564189	-0.257635997955396	55
8.2799420570785	-0.269255065496091	55
8.29433423807065	-0.280896440143055	55
8.30873344861834	-0.292560121896289	55
8.32313968872157	-0.304246110755793	55
8.33755295838034	-0.315954406721567	55
8.35197325759466	-0.327685009793611	55
8.36640058636452	-0.339437919971924	55
8.38083494468992	-0.351213137256507	55
8.39527633257087	-0.363010661647361	55
8.40972475000735	-0.374830493144484	55
8.42418019699938	-0.386672631747877	55
8.43864267354695	-0.39853707745754	55
8.45311217965007	-0.410423830273473	55
8.46758871530873	-0.422332890195675	55
8.48207228052292	-0.434264257224147	55
8.49656287529266	-0.446217931358889	55
8.51106049961795	-0.458193912599901	55
8.52556515349877	-0.470192200947184	55
8.54007683693514	-0.482212796400735	55
8.55459554992705	-0.494255698960557	55
8.5691212924745	-0.506320908626649	55
8.58365406457749	-0.51840842539901	55
8.59819386623603	-0.530518249277641	55
8.61274069745011	-0.542650380262542	55
8.62729455821973	-0.554804818353714	55
8.6418554485449	-0.566981563551154	55
8.6564233684256	-0.579180615854864	55
8.67099831786185	-0.591401975264844	55
8.68558029685364	-0.603645641781095	55
8.70016930540097	-0.615911615403615	55
8.71476534350384	-0.628199896132405	55
8.72936841116226	-0.640510483967465	55
8.74397850837622	-0.652843378908795	55
8.75859563514572	-0.665198580956394	55
8.77321979147077	-0.677576090110264	55
8.78785097735135	-0.689975906370403	55
8.80248919278748	-0.702398029736813	55
8.81713443777915	-0.714842460209492	55
8.83178671232637	-0.72730919778844	55
8.84644601642912	-0.739798242473658	55
8.86111235008742	-0.752309594265147	55
8.87578571330126	-0.764843253162905	55
8.89046610607064	-0.777399219166933	55
8.90515352839557	-0.789977492277232	55
8.91984798027603	-0.8025780724938	55
8.93454946171205	-0.815200959816638	55
8.9492579727036	-0.827846154245745	55
8.96397351325069	-0.840513655781123	55
8.97869608335333	-0.85320346442277	55
8.9934256830115	-0.865915580170687	55
9.00816231222522	-0.878650003024874	55
9.02290597099449	-0.891406732985331	55
9.03765665931929	-0.904185770052058	55
9.05241437719964	-0.916987114225054	55
9.06717912463553	-0.929810765504321	55
9.08195090162696	-0.942656723889857	55
9.09672970817394	-0.955524989381663	55
9.11151554427646	-0.968415561979739	55
9.12630840993451	-0.981328441684085	55
9.14110830514812	-0.994263628494701	55
9.15591522991726	-1.00722112241159	55
9.17072918424195	-1.02020092343474	55
9.18555016812217	-1.03320303156417	55
9.20037818155795	-1.04622744679986	55
9.21521322454926	-1.05927416914183	55
9.23005529709611	-1.07234319859006	55
9.24490439919851	-1.08543453514457	55
9.25976053085645	-1.09854817880534	55
9.27462369206994	-1.11168412957239	55
9.28949388283896	-1.1248423874457	55
9.30437110316353	-1.13802295242528	55
9.31925535304364	-1.15122582451114	55
9.33414663247929	-1.16445100370326	55
9.34904494147048	-1.17769849000165	55
9.36395028001722	-1.19096828340632	55
9.37886264811949	-1.20426038391725	55
9.39378204577732	-1.21757479153445	55
9.40124438068956	-1.22424036050791	55
9.40870847299068	-1.23091150625793	55
9.41617432268069	-1.23758822878452	55
9.42364192975958	-1.24427052808767	55
9.43111129422737	-1.25095840416739	55
9.43858241608403	-1.25765185702368	55
9.44605529532958	-1.26435088665654	55
9.45352993196402	-1.27105549306597	55
9.46100632598734	-1.27776567625196	55
9.46848447739955	-1.28448143621452	55
9.47596438620065	-1.29120277295365	55
9.48344605239063	-1.29792968646934	55
9.49092947596949	-1.3046621767616	55
9.49841465693725	-1.31140024383043	55
9.50590159529388	-1.31814388767583	55
9.51339029103941	-1.3248931082978	55
9.52088074417381	-1.33164790569633	55
9.5283729546971	-1.33840827987143	55
9.53586692260929	-1.34517423082309	55
9.54336264791035	-1.35194575855133	55
9.5508601306003	-1.35872286305613	55
9.55835937067913	-1.3655055443375	55
9.56586036814686	-1.37229380239544	55
9.57336312300346	-1.37908763722994	55
9.58086763524896	-1.38588704884101	55
9.58837390488333	-1.39269203722865	55
9.5958819319066	-1.39950260239286	55
9.60339171631875	-1.40631874433363	55
9.61090325811978	-1.41314046305097	55
9.6184165573097	-1.41996775854488	55
9.62593161388851	-1.42680063081536	55
9.6334484278562	-1.43363907986241	55
9.64096699921278	-1.44048310568602	55
9.64848732795824	-1.4473327082862	55
9.65600941409259	-1.45418788766294	55
9.66353325761582	-1.46104864381626	55
9.67105885852794	-1.46791497674614	55
9.67858621682895	-1.47478688645259	55
9.68611533251884	-1.4816643729356	55
9.69364620559761	-1.48854743619519	55
9.70117883606528	-1.49543607623134	55
9.70871322392182	-1.50233029304406	55
9.71624936916726	-1.50923008663334	55
9.72378727180157	-1.5161354569992	55
9.73132693182478	-1.52304640414162	55
9.73886834923687	-1.52996292806061	55
9.74641152403784	-1.53688502875616	55
9.7539564562277	-1.54381270622829	55
9.76150314580645	-1.55074596047698	55
9.76905159277408	-1.55768479150224	55
9.7766017971306	-1.56462919930406	55
9.784153758876	-1.57157918388245	55
9.79170747801029	-1.57853474523742	55
9.79926295453346	-1.58549588336894	55
9.80682018844552	-1.59246259827704	55
9.81437917974647	-1.5994348899617	55
9.8219399284363	-1.60641275842293	55
9.82950243451502	-1.61339620366073	55
9.83706669798262	-1.6203852256751	55
9.84463271883911	-1.62737982446603	55
9.85220049708448	-1.63438000003353	55
9.85977003271874	-1.6413857523776	55
9.86734132574188	-1.64839708149823	55
9.87491437615391	-1.65541398739544	55
9.88248918395483	-1.66243647006921	55
9.89006574914463	-1.66946452951955	55
9.89764407172332	-1.67649816574645	55
9.90522415169089	-1.68353737874992	55
9.91280598904735	-1.69058216852996	55
9.92038958379269	-1.69763253508657	55
9.92797493592692	-1.70468847841975	55
9.93556204545004	-1.71174999852949	55
9.94315091236204	-1.7188170954158	55
9.95074153666292	-1.72588976907868	55
9.95833391835269	-1.73296801951812	55
9.96592805743135	-1.74005184673414	55
9.97352395389889	-1.74714125072671	55
9.98112160775532	-1.75423623149586	55
9.98872101900063	-1.76133678904158	55
9.99632218763483	-1.76844292336386	55
10.0039251136579	-1.77555463446271	55
10.0115297970699	-1.78267192233813	55
10.0191362378707	-1.78979478699011	55
10.0267444360605	-1.79692322841866	55
10.0343543916391	-1.80405724662378	55
10.0419661046066	-1.81119684160547	55
10.049579574963	-1.81834201336372	55
10.0571948027083	-1.82549276189855	55
10.0648117878425	-1.83264908720994	55
10.0724305303655	-1.83981098929789	55
10.0800510302775	-1.84697846816242	55
10.0876732875783	-1.85415152380351	55
10.095297302268	-1.86133015622117	55
10.1029230743466	-1.8685143654154	55
10.1105506038141	-1.87570415138619	55
10.1181798906705	-1.88289951413355	55
10.1258109349157	-1.89010045365748	55
10.1334437365499	-1.89730696995798	55
10.1410782955729	-1.90451906303504	55
10.1487146119848	-1.91173673288867	55
10.1563526857856	-1.91895997951887	55
10.1639925169753	-1.92618880292564	55
10.1716341055538	-1.93342320310897	55
10.1792774515213	-1.94066318006887	55
10.1869225548776	-1.94790873380534	55
10.1945694156228	-1.95515986431838	55
10.202218033757	-1.96241657160798	55
10.20986840928	-1.96967885567416	55
10.2175205421918	-1.97694671651689	55
10.2251744324926	-1.9842201541362	55
10.2328300801823	-1.99149916853207	55
10.2404874852608	-1.99878375970452	55
10.2481466477282	-2.00607392765352	55
10.2558075675845	-2.0133696723791	55
10.2634702448297	-2.02067099388124	55
10.2711346794638	-2.02797789215995	55
10.2788008714868	-2.03529036721523	55
10.2864688208986	-2.04260841904708	55
10.2941385276993	-2.04993204765549	55
10.301809991889	-2.05726125304047	55
10.3094832134675	-2.06459603520202	55
10.3171581924349	-2.07193639414014	55
10.3248349287911	-2.07928232985482	55
10.3325134225363	-2.08663384234607	55
10.3401936736704	-2.09399093161389	55
10.3478756821933	-2.10135359765827	55
10.3555594481051	-2.10872184047923	55
10.3632449714058	-2.11609566007675	55
10.3709322520954	-2.12347505645084	55
10.3786212901739	-2.13086002960149	55
10.3863120856413	-2.13825057952871	55
10.3940046384975	-2.14564670623251	55
10.4016989487426	-2.15304840971286	55
10.4093950163767	-2.16045568996979	55
10.4170928413996	-2.16786854700328	55
10.4247924238114	-2.17528698081334	55
10.432493763612	-2.18271099139997	55
10.4401968608016	-2.19014057876316	55
10.4479017153801	-2.19757574290293	55
10.4556083273474	-2.20501648381926	55
10.4633166967036	-2.21246280151215	55
10.4710268234487	-2.21991469598162	55
10.4787387075827	-2.22737216722765	55
10.4864523491056	-2.23483521525025	55
10.4941677480173	-2.24230384004942	55
10.501884904318	-2.24977804162515	55
10.5096038180075	-2.25725781997746	55
10.5173244890859	-2.26474317510633	55
10.5250469175532	-2.27223410701176	55
10.5327711034094	-2.27973061569377	55
10.5404970466545	-2.28723270115234	55
10.5482247472885	-2.29474036338748	55
10.5559542053113	-2.30225360239919	55
10.563685420723	-2.30977241818746	55
10.5714183935237	-2.3172968107523	55
10.5791531237132	-2.32482678009371	55
10.5868896112916	-2.33236232621169	55
10.5946278562588	-2.33990344910624	55
10.602367858615	-2.34745014877735	55
10.61010961836	-2.35500242522503	55
10.617853135494	-2.36256027844927	55
10.6255984100168	-2.37012370845009	55
10.6333454419285	-2.37769271522747	55
10.6410942312291	-2.38526729878142	55
10.6488447779185	-2.39284745911194	55
10.6565970819969	-2.40043319621902	55
10.6643511434641	-2.40802451010267	55
10.6721069623203	-2.41562140076289	55
10.6798645385653	-2.42322386819968	55
10.6876238721992	-2.43083191241303	55
10.695384963222	-2.43844553340295	55
10.7031478116336	-2.44606473116944	55
10.7109124174342	-2.4536895057125	55
10.7186787806236	-2.46131985703212	55
10.726446901202	-2.46895578512831	55
10.7342167791692	-2.47659729000107	55
10.7419884145253	-2.4842443716504	55
10.7497618072703	-2.49189703007629	55
10.7575369574041	-2.49955526527875	55
10.7653138649269	-2.50721907725778	55
10.7730925298385	-2.51488846601338	55
10.7808729521391	-2.52256343154554	55
10.7886551318285	-2.53024397385427	55
10.7964390689068	-2.53793009293957	55
10.804224763374	-2.54562178880144	55
10.81201221523	-2.55331906143987	55
10.819801424475	-2.56102191085487	55
10.8275923911088	-2.56873033704644	55
10.8353851151316	-2.57644434001458	55
10.8431795965432	-2.58416391975928	55
10.8509758353437	-2.59188907628055	55
10.8587738315331	-2.59961980957839	55
10.8665735851113	-2.60735611965279	55
10.8743750960785	-2.61509800650377	55
10.8821783644345	-2.62284547013131	55
10.8899833901794	-2.63059851053541	55
10.8977901733133	-2.63835712771609	55
10.905598713836	-2.64612132167333	55
10.9134090117475	-2.65389109240714	55
10.921221067048	-2.66166643991752	55
10.9290348797374	-2.66944736420447	55
10.9368504498156	-2.67723386526798	55
10.9446677772827	-2.68502594310806	55
10.9524868621387	-2.69282359772471	55
10.9603077043836	-2.70062682911792	55
10.9681303040174	-2.70843563728771	55
10.9759546610401	-2.71625002223406	55
10.9840308279977	-2.72416720690353	55
10.9922547868214	-2.73193076195796	55
11.0006236155778	-2.73953792904321	55
11.009134340862	-2.74698600536904	55
11.0177839388537	-2.75427234466939	55
11.0265693363919	-2.7613943581426	55
11.0354874120668	-2.76834951537119	55
11.0445349973285	-2.77513534522093	55
11.0537088776131	-2.78174943671877	55
11.0630057934845	-2.78818943990951	55
11.0724224417929	-2.79445306669067	55
11.0819554768479	-2.80053809162548	55
11.0916015116076	-2.80644235273357	55
11.1013571188818	-2.81216375225906	55
11.1112188325495	-2.81770025741595	55
11.121183148791	-2.82304990111033	55
11.1312465273322	-2.82821078263926	55
11.1414053927024	-2.8331810683661	55
11.1516561355053	-2.83795899237201	55
11.1619951137008	-2.84254285708334	55
11.172418653899	-2.84693103387478	55
11.1829230526659	-2.85112196364801	55
11.1935045778385	-2.85511415738564	55
11.2041594698514	-2.85890619668025	55
11.2148839430721	-2.86249673423832	55
11.2256741871463	-2.86588449435897	55
11.2365263683518	-2.86906827338715	55
11.2474366309603	-2.87204694014133	55
11.2584010986073	-2.8748194363154	55
11.2694158756697	-2.87738477685467	55
11.2804770486497	-2.87974205030585	55
11.2915806875652	-2.88189041914093	55
11.3027228473462	-2.88382912005468	55
11.3138995692363	-2.88555746423589	55
11.3251068821995	-2.88707483761212	55
11.3363408043308	-2.88838070106782	55
11.3475973442712	-2.88947459063592	55
11.3588725026257	-2.89035611766268	55
11.3701622733842	-2.89102496894573	55
11.3814626453448	-2.89148090684541	55
11.3927696035393	-2.89172376936913	55
11.4040791306593	-2.89175347022902	55
11.4153872084835	-2.89156999887249	55
11.4266898193058	-2.89117342048604	55
11.4379829473624	-2.89056387597209	55
11.4492625802587	-2.88974158189889	55
11.4605247103948	-2.88870683042362	55
11.4717653363895	-2.88745998918856	55
11.4829804645018	-2.88600150119044	55
11.4941661100503	-2.88433188462312	55
11.5053182988282	-2.88245173269341	55
11.5164330685161	-2.88036171341033	55
11.5275064700891	-2.8780625693478	55
11.5385345692204	-2.87555511738074	55
11.5495134476789	-2.87284024839489	55
11.5604392047214	-2.8699189269703	55
11.5713079584784	-2.86679219103853	55
11.5821158473335	-2.863461151514	55
11.5928590312952	-2.85992699189916	55
11.6035336933614	-2.85619096786412	55
11.6141360408754	-2.85225440680041	55
11.6246623068738	-2.84811870734944	55
11.6351087514243	-2.84378533890554	55
11.645471662955	-2.83925584109387	55
11.6557473595726	-2.83453182322344	55
11.6659321903711	-2.82961496371531	55
11.6760225367287	-2.82450700950625	55
11.6860148135933	-2.81920977542806	55
11.6959054707565	-2.8137251435628	55
11.7056909941149	-2.80805506257404	55
11.7153679069187	-2.80220154701456	55
11.7249327710068	-2.79616667661058	55
11.7343821880287	-2.7899525955228	55
11.7437128006513	-2.78356151158465	55
11.7529212937524	-2.77699569551782	55
11.7620043955984	-2.77025748012549	55
11.7709588790063	-2.76334925946352	55
11.7797815624909	-2.7562734879898	55
11.7884693113947	-2.74903267969225	55
11.7970190390019	-2.74162940719558	55
11.805427707635	-2.73406630084726	55
11.8136923297341	-2.72634604778295	55
11.8218099689183	-2.71847139097182	55
11.829777741029	-2.71044512824193	55
11.8375928151548	-2.7022701112862	55
11.8452524146369	-2.69394924464925	55
11.8527538180563	-2.68548548469535	55
11.8600943602	-2.67688183855813	55
11.8672714330083	-2.66814136307209	55
11.8742824865014	-2.65926716368656	55
11.8811250296854	-2.6502623933623	55
11.8877966314373	-2.64113025145136	55
11.8942949213687	-2.63187398256025	55
11.9006175906683	-2.62249687539726	55
11.9067623929216	-2.61300226160389	55
11.9127271449097	-2.60339351457122	55
11.9185097273846	-2.59367404824132	55
11.9241080858224	-2.5838473158943	55
11.9295202311528	-2.57391680892136	55
11.9347442404665	-2.56388605558435	55
11.9397782576978	-2.55375861976217	55
11.9446204942844	-2.54353809968454	55
11.9492692298026	-2.53322812665358	55
11.9537228125789	-2.52283236375361	55
11.9579796602765	-2.5123545045497	55
11.9620382604577	-2.50179827177532	55
11.9658971711211	-2.49116741600972	55
11.9695550212143	-2.48046571434533	55
11.9730105111204	-2.46969696904579	55
11.9762624131203	-2.45886500619503	55
11.9793095718288	-2.44797367433788	55
11.9821509046049	-2.43702684311268	55
11.9847854019366	-2.42602840187645	55
11.9872121277995	-2.41498225832298	55
11.9894302199895	-2.40389233709448	55
11.9914388904289	-2.39276257838715	55
11.9932374254468	-2.38159693655128	55
11.9948251860322	-2.37039937868624	55
11.9962016080613	-2.35917388323101	55
11.997366202498	-2.34792443855069	55
11.9983185555673	-2.3366550415194	55
11.9990583289028	-2.32536969610025	55
11.9995852596666	-2.31407241192273	55
11.9998991606425	-2.30276720285811	55
11.9999999203032	-2.29145808559334	55
11.9998875028492	-2.28014907820394	55
11.9995619482219	-2.26884419872638	55
11.9990233720892	-2.25754746373051	55
11.9982719658048	-2.24626288689249	55
11.9973079963396	-2.23499447756873	55
11.9961318061875	-2.22374623937141	55
11.9947438132432	-2.21252216874601	55
11.993144510654	-2.20132625355136	55
11.9913344666445	-2.19016247164283	55
11.9893143243147	-2.17903478945898	55
11.9870848014116	-2.16794716061229	55
11.984646690074	-2.1569035244845	55
11.9820008565513	-2.14590780482694	55
11.9791482408955	-2.13496390836645	55
11.9760898566274	-2.12407572341733	55
11.9728267903764	-2.11324711849985	55
11.9693602014943	-2.10248194096577	55
11.9656913216437	-2.09178401563142	55
11.9618214543602	-2.08115714341871	55
11.9577519745891	-2.07060510000476	55
11.9534843281972	-2.06013163448033	55
11.949020031459	-2.04974046801786	55
11.9443606705178	-2.03943529254932	55
11.9395079008224	-2.02921976945447	55
11.9344634465388	-2.01909752826004	55
11.9292290999376	-2.00907216535012	55
11.9238067207572	-1.99914724268841	55
11.918198235543	-1.98932628655268	55
11.9124056369632	-1.97961278628189	55
11.9064309831004	-1.97001019303641	55
11.9002763967208	-1.96052191857192	55
11.8939440645196	-1.95115133402714	55
11.8874362363442	-1.94190176872616	55
11.8807552243951	-1.93277650899547	55
11.8739034024038	-1.9237787969964	55
11.8668832047903	-1.91491182957319	55
11.8596971257972	-1.90617875711715	55
11.8523477186042	-1.89758268244732	55
11.8448375944207	-1.88912665970812	55
11.8371694215581	-1.88081369328415	55
11.8293459244816	-1.87264673673281	55
11.7978826948155	-1.84113985000177	55
11.7716732566508	-1.81494835079967	55
11.7454915284024	-1.78878459294257	55
11.7193379323066	-1.76264899796653	55
11.6932128886453	-1.73654198545587	55
11.6671168157458	-1.71046397304306	55
11.6410501299813	-1.68441537640877	55
11.6150132457705	-1.65839660928189	55
11.5890065755776	-1.63240808343951	55
11.5630305299125	-1.6064502087069	55
11.5370855173306	-1.58052339295752	55
11.511171944433	-1.55462804211307	55
11.4852902158663	-1.52876456014339	55
11.4594407343227	-1.50293334906658	55
11.4336239005402	-1.47713480894888	55
11.4078401133022	-1.45136933790477	55
11.3820897694376	-1.42563733209691	55
11.3563732638212	-1.39993918573617	55
11.3306909893732	-1.37427529108158	55
11.3050433370593	-1.34864603844043	55
11.2794306958911	-1.32305181616816	55
11.2538534529255	-1.29749301066842	55
11.2283119932651	-1.27197000639307	55
11.2028067000583	-1.24648318584216	55
11.1773379544987	-1.22103292956393	55
11.1519061358258	-1.19561961615482	55
11.1265116213246	-1.17024362225948	55
11.1011547863258	-1.14490532257076	55
11.0758360042055	-1.11960508982968	55
11.0505556463854	-1.0943432948255	55
11.0253140823331	-1.06912030639564	55
11.0001116795615	-1.04393649142573	55
10.9749488036292	-1.01879221484961	55
10.9498258181403	-0.993687839649309	55
10.9247430847448	-0.968623726855054	55
10.8997009631378	-0.943600235545273	55
10.8746998110605	-0.918617722846578	55
10.8497399842994	-0.893676543933801	55
10.8248218366866	-0.868777052029959	55
10.7999457200999	-0.843919598406269	55
10.7751119844628	-0.819104532382143	55
10.7503209777441	-0.794332201325201	55
10.7255730459585	-0.769602950651255	55
10.700868533166	-0.744917123824309	55
10.6762077814724	-0.720275062356568	55
10.6515911310291	-0.695677105808446	55
10.6270189200331	-0.671123591788544	55
10.6024914847268	-0.646614855953662	55
10.5780091593984	-0.622151232008801	55
10.5535722763817	-0.597733051707157	55
10.529181166056	-0.573360644850128	55
10.5048361568462	-0.549034339287302	55
10.4805375752228	-0.524754460916481	55
10.456285745702	-0.500521333683648	55
10.4320809908455	-0.476335279582996	55
10.4079236312606	-0.452196618656899	55
10.3838139856002	-0.428105668995954	55
10.3597523705629	-0.404062746738937	55
10.3357391008927	-0.38006816607283	55
10.3117744893794	-0.356122239232805	55
10.2878588468583	-0.33222527650225	55
10.2639924822103	-0.308377586212729	55
10.2401757023618	-0.284579474744016	55
10.216408812285	-0.260831246524079	55
10.1926921149975	-0.237133204029092	55
10.1690259115627	-0.213485647783418	55
10.1454105010895	-0.189888876359622	55
10.1218461807322	-0.166343186378465	55
10.0983332456911	-0.142848872508907	55
10.0748719892117	-0.119406227468107	55
10.0514627025854	-0.0960155420214175	55
10.028105675149	-0.0726771049823998	55
10.004801194285	-0.0493912032128061	55
9.9815495454215	-0.0261581216225792	55
9.95835101203209	-0.002978143169869	55
9.93520587563606	0.0201484511389736	55
9.91211441579828	0.043221382249405	55
9.88907691012919	0.0662403730586845	55
9.86609363428483	0.0892051484158758	55
9.84316486196688	0.112115435121829	55
9.82029086492256	0.134970961929217	55
9.79747191294472	0.157771459542507	55
9.77470827387179	0.180516660617959	55
9.75200021358781	0.203206299763646	55
9.72934799602242	0.22584011353944	55
9.70675188315085	0.248417840457012	55
9.68421213499391	0.270939220979841	55
9.66172900961804	0.293403997523202	55
9.63930276313525	0.315811914454175	55
9.61693364970317	0.338162718091644	55
9.594621921525	0.360456156706287	55
9.57236782884956	0.382691980520588	55
9.55017161997126	0.404869941708841	55
9.52803354123009	0.426989794397136	55
9.50595383701168	0.449051294663358	55
9.4839327497472	0.471054200537202	55
9.46197051991346	0.492998272000166	55
9.44006738603287	0.51488327098554	55
9.41822358467339	0.536708961378431	55
9.39643935044863	0.558475109015737	55
9.37471491601775	0.580181481686165	55
9.35305051208556	0.601827849130212	55
9.33144636740243	0.623413983040189	55
9.30990270876432	0.644939657060204	55
9.28841976101281	0.666404646786174	55
9.26699774703508	0.687808729765805	55
9.24563688776388	0.709151685498613	55
9.22433740217759	0.730433295435918	55
9.20309950730015	0.751653342980839	55
9.18192341820114	0.772811613488288	55
9.1608093479957	0.793907894264998	55
9.13975750784458	0.814941974569494	55
9.11876810695413	0.835913645612095	55
9.0978413525763	0.856822700554934	55
9.07697745000863	0.877668934511943	55
9.05617660259426	0.898452144548852	55
9.03543901172192	0.919172129683199	55
9.01476487682595	0.939828690884316	55
8.99415439538628	0.960421631073346	55
8.97360776292843	0.980950755123231	55
8.95312517302353	1.00141586985871	55
8.93270681728829	1.02181678405632	55
8.91235288538505	1.04215330844442	55
8.89206356502171	1.06242525570316	55
8.87183904195177	1.08263244046448	55
8.85167949997437	1.10277467931214	55
8.83158512093419	1.12285179078169	55
8.81155608472154	1.14286359536048	55
8.79159256927233	1.16280991548768	55
8.77169475056804	1.18269057555425	55
8.75186280263577	1.20250540190296	55
8.73209689754822	1.22225422282835	55
8.71239720542367	1.2419368685768	55
8.692763894426	1.26155317134648	55
8.6731971307647	1.28110296528736	55
8.65369707869485	1.30058608650121	55
8.63426390051712	1.3200023730416	55
8.61489775657778	1.33935166491392	55
8.5955988052687	1.35863380407534	55
8.57636720302736	1.37784863443483	55
8.55720310433681	1.39699600185318	55
8.53810666172571	1.41607575414299	55
8.51907802576833	1.43508774106862	55
8.50011734508452	1.45403181434627	55
8.48122476633972	1.47290782764393	55
8.46240043424499	1.4917156365814	55
8.44364449155697	1.51045509873025	55
8.42495707907791	1.5291260736139	55
8.40633833565564	1.54772842270754	55
8.3877883981836	1.56626200943818	55
8.36930740160083	1.5847266991846	55
8.35089547889196	1.60312235927741	55
8.33255276108721	1.62144885899902	55
8.3142793772624	1.63970606958365	55
8.29607545453896	1.6578938642173	55
8.27794111808391	1.67601211803777	55
8.25987649110986	1.69406070813469	55
8.24188169487502	1.71203951354947	55
8.22395684868322	1.72994841527532	55
8.20610206988384	1.74778729625728	55
8.18831747387189	1.76555604139215	55
8.17060317408797	1.78325453752857	55
8.15295928201829	1.80088267346695	55
8.13538590719464	1.81844033995953	55
8.11788315719439	1.83592742971033	55
8.10045113764056	1.85334383737519	55
8.08308995220172	1.87068945956174	55
8.06579970259204	1.88796419482941	55
8.04858048857132	1.90516794368946	55
8.03143240794492	1.9223006086049	55
8.01435555656383	1.93936209399058	55
7.99735002832461	1.95635230621315	55
7.98041591516943	1.97327115359106	55
7.96355330708604	1.99011854639454	55
7.94676229210782	2.00689439684566	55
7.93004295631373	2.02359861911826	55
7.9133953838283	2.04023112933799	55
7.89681965682171	2.0567918455823	55
7.8803158555097	2.07328068788047	55
7.8638840581536	2.08969757821354	55
7.84752434106038	2.10604244051438	55
7.83123677858256	2.12231520066764	55
7.81502144311828	2.13851578650981	55
7.79887840511128	2.15464412782913	55
7.78280773305089	2.17070015636569	55
7.76680949347203	2.18668380581134	55
7.75088375095524	2.20259501180978	55
7.73503056812663	2.21843371195646	55
7.71925000565791	2.23419984579867	55
7.70354212226642	2.24989335483549	55
7.68790697471506	2.26551418251779	55
7.67234461781233	2.28106227424827	55
7.65685510441236	2.2965375773814	55
7.64143848541483	2.31194004122347	55
7.62609480976505	2.32726961703257	55
7.61082412445393	2.34252625801859	55
7.59562647451795	2.35770991934323	55
7.5805019030392	2.37282055811997	55
7.56545045114538	2.38785813341413	55
7.55047215800976	2.40282260624278	55
7.53556706085124	2.41771393957485	55
7.52073519493429	2.43253209833102	55
7.50597659356899	2.4472770493838	55
7.49129128811101	2.4619487615575	55
7.47667930796163	2.47654720562823	55
7.4621406805677	2.4910723543239	55
7.4476754314217	2.50552418232422	55
7.43328358406169	2.5199026662607	55
7.41896516007132	2.53420778471667	55
7.40472017907985	2.54843951822723	55
7.39054865876214	2.56259784927932	55
7.37645061483862	2.57668276231165	55
7.36242606107536	2.59069424371475	55
7.34847500928398	2.60463228183094	55
7.33459746932175	2.61849686695436	55
7.32079344909148	2.63228799133093	55
7.30706295454161	2.64600564915838	55
7.29340598966618	2.65964983658625	55
7.27982255650482	2.67322055171588	55
7.26631265514274	2.68671779460041	55
7.25287628371078	2.70014156724476	55
7.23951343838534	2.7134918736057	55
7.22622411338846	2.72676871959175	55
7.21300830098773	2.73997211306327	55
7.19986599149638	2.75310206383241	55
7.1867971732732	2.76615858366311	55
7.17380183272261	2.77914168627112	55
7.1608799542946	2.79205138732401	55
7.14803152048477	2.80488770444113	55
7.13525651183432	2.81765065719363	55
7.12255490693003	2.83034026710448	55
7.10992668240431	2.84295655764843	55
7.09737181293513	2.85549955425206	55
7.08489027124608	2.86796928429372	55
7.07248202810633	2.88036577710359	55
7.06014705233067	2.89268906396363	55
7.04788531077947	2.90493917810762	55
7.03569676835869	2.91711615472112	55
7.02358138801992	2.92922003094153	55
7.01153913076031	2.94125084585801	55
6.99956995562262	2.95320864051154	55
6.98767381969521	2.96509345789491	55
6.97585067811205	2.9769053429527	55
6.96410048405267	2.98864434258129	55
6.95242318874224	3.00031050562887	55
6.9408187414515	3.01190388289544	55
6.92928708949679	3.02342452713278	55
6.91782817824006	3.03487249304449	55
6.90644195108884	3.04624783728596	55
6.89512834949626	3.0575506184644	55
6.88388731296106	3.06878089713879	55
6.87271877902757	3.07993873581994	55
6.86162268328571	3.09102419897046	55
6.85059895937101	3.10203735300475	55
6.83964753896459	3.11297826628902	55
6.82876835179315	3.12384700914127	55
6.81796132562902	3.13464365383132	55
6.80722638629012	3.14536827458079	55
6.79656345763992	3.15602094756308	55
6.78597246158757	3.16660175090342	55
6.77545331808774	3.17711076467882	55
6.76500594514074	3.1875480709181	55
6.75463025879247	3.1979137536019	55
6.74432617313442	3.20820789866262	55
6.73409360030367	3.21843059398451	55
6.72393245048291	3.22858192940359	55
6.71384263190043	3.23866199670769	55
6.70382405083011	3.24867088963644	55
6.69387661159143	3.25860870388129	55
6.68400021654945	3.26847553708546	55
6.67419476611486	3.27827148884399	55
6.66446015874392	3.28799666070373	55
6.65479629093849	3.29765115616332	55
6.64520305724604	3.30723508067321	55
6.63568035025962	3.31674854163563	55
6.6262280606179	3.32619164840465	55
6.61684607700513	3.33556451228611	55
6.60753428615115	3.34486724653766	55
6.59829257283142	3.35409996636876	55
6.58912081986698	3.36326278894067	55
6.58001890812446	3.37235583336644	55
6.57098671651611	3.38137922071094	55
6.56202412199978	3.39033307399082	55
6.55313099957887	3.39921751817455	55
6.54430722230243	3.40803268018241	55
6.53555266126508	3.41677868888646	55
6.52686718560705	3.42545567511056	55
6.51825066251415	3.4340637716304	55
6.5097029572178	3.44260311317344	55
6.50122393299502	3.45107383641896	55
6.49281345116842	3.45947607999805	55
6.4844713711062	3.46780998449358	55
6.47619755022217	3.47607569244023	55
6.46799184397574	3.48427334832449	55
6.45985410587189	3.49240309858464	55
6.45178418746124	3.50046509161078	55
6.44378193833996	3.5084594777448	55
6.43584720614986	3.51638640928038	55
6.42797983657831	3.52424604046302	55
6.42017967335831	3.53203852749002	55
6.41244655826843	3.53976402851047	55
6.40478033113285	3.54742270362528	55
6.39718082982135	3.55501471488715	55
6.38964789024929	3.56254022630058	55
6.38218134637765	3.56999940382188	55
6.374781030213	3.57739241535916	55
6.36744677180749	3.58471943077233	55
6.36017839925888	3.59198062187309	55
6.35297573871054	3.59917616242497	55
6.34583861435141	3.60630622814328	55
6.3317602611846	3.62037064769945	55
6.31794189418203	3.63417532530019	55
6.30438203649682	3.64772173693289	55
6.29107918001163	3.66101138981379	55
6.2780317853387	3.67404582238794	55
6.26523828181981	3.68682660432924	55
6.25269706752628	3.69935533654042	55
6.24040650925899	3.71163365115304	55
6.22836494254837	3.72366321152748	55
6.21657067165442	3.73544571225297	55
6.20502196956666	3.74698287914757	55
6.19371707800419	3.75827646925814	55
6.18265420741563	3.76932827086042	55
6.1718315369792	3.78014010345895	55
6.16124721460262	3.79071381778711	55
6.15089935692319	3.80105129580711	55
6.14078604930775	3.81115445071	55
6.13090534585272	3.82102522691564	55
6.12125526938403	3.83066560007275	55
6.11183381145718	3.84007757705885	55
6.10263893235724	3.84926319598033	55
6.0936685610988	3.85822452617238	55
6.08492059542603	3.86696366819904	55
6.07639290181262	3.87548275385316	55
6.06808331546185	3.88378394615645	55
6.05998964030652	3.89186943935943	55
6.052109649009	3.89974145894146	55
6.04444108296119	3.90740226161073	55
6.03698165228458	3.91485413530427	55
6.02972903583017	3.92209939918792	55
6.01923273334719	3.93258505164738	55
6.00918839125367	3.94261919207061	55
5.99958777990519	3.95221004288225	55
5.99042251135069	3.96136598460293	55
5.98168403933244	3.97009555584922	55
5.97336365928611	3.97840745333366	55
5.96545250834068	3.98631053186475	55
5.95794156531852	3.99381380434695	55
5.95082165073534	4.00092644178067	55
5.94192053555862	4.00981845097424	55
5.93367539148365	4.01805515175374	55
5.92606314637404	4.02565959439774	55
5.91740189534352	4.03431195913643	55
5.90964554100737	4.04206034778074	55
5.90146420141016	4.05023327733622	55
5.89336339280898	4.05832575107381	55
5.88583686419494	4.065844529781	55
5.87870616354071	4.07296788454391	55
5.87151421966857	4.08015241852323	55
5.86437154210286	4.08728773348562	55
5.85716522171937	4.09443457751181	55
5.8493425194062	4.10204041411748	55
5.84110538209	4.10989564944968	55
5.83308254811904	4.11741603023372	55
5.82496714764585	4.1249075138711	55
5.81726683899843	4.13191861272583	55
5.8086633746684	4.13964949673032	55
5.80109872392099	4.14636395036411	55
5.7929022140445	4.15355729934928	55
5.78405038128107	4.16123564401505	55
5.77452004434693	4.16940386757944	55
5.76428830443246	4.17806563614934	55
5.75614058803108	4.18488737047112	55
5.74757616797774	4.19198871026374	55
5.73858569665517	4.1993698543105	55
5.72915991582263	4.20703061629311	55
5.71928965661602	4.21497042479171	55
5.70896583954776	4.22318832328484	55
5.69817947450687	4.2316829701495	55
5.68692166075896	4.24045263866104	55
5.67518358694621	4.2494952169933	55
5.66708708242796	4.25567400191225	55
5.65877068849442	4.2619721433458	55
5.65023186057777	4.26838873030725	55
5.64146807176484	4.27492277574045	55
5.63247681279706	4.28157321651977	55
5.62325559207052	4.28833891345017	55
5.61380193563594	4.29521865126714	55
5.60411338719867	4.30221113863674	55
5.59418750811868	4.30931500815556	55
5.58402187741059	4.31652881635075	55
5.57361409174364	4.32385104368002	55
5.56296176544171	4.33128009453161	55
5.55206253048332	4.33881429722435	55
5.5409140365016	4.34645190400759	55
5.52951395078433	4.35419109106123	55
5.51785995827392	4.36202995849574	55
5.50594976156741	4.36996653035214	55
5.49378108091648	4.37799875460198	55
5.48135165422743	4.38612450314739	55
5.4686592370612	4.39434157182104	55
5.45570160263337	4.40264768038614	55
5.44247654181414	4.41104047253647	55
5.42898186312834	4.41951751589636	55
5.41521539275544	4.42807630202067	55
5.40117497452956	4.43671424639484	55
5.38685846993942	4.44542868843484	55
5.37226375812839	4.45421689148721	55
5.35738873589447	4.46307604282903	55
5.3422313176903	4.47200325366793	55
5.32678943562314	4.48099555914211	55
5.3110610394549	4.49004991832029	55
5.29504409660209	4.49916321420177	55
5.27873659213589	4.50833225371639	55
5.26213652878209	4.51755376772455	55
5.24524192692112	4.52682441101718	55
5.22805082458804	4.53614076231578	55
5.21056127747256	4.54549932427241	55
5.20170398435187	4.55019332052601	55
5.19277135891898	4.55489652346966	55
5.18376316310045	4.55960847454035	55
5.17467915992628	4.56432871042069	55
5.16551911352988	4.56905676303899	55
5.15628278914805	4.5737921595692	55
5.14696995312105	4.57853442243093	55
5.13758037289251	4.58328306928944	55
5.12811381700951	4.58803761305567	55
5.11857005512253	4.59279756188622	55
5.10894885798544	4.59756241918333	55
5.09924999745558	4.6023316835949	55
5.08947324649365	4.60710484901452	55
5.07961837916379	4.61188140458139	55
5.06968517063356	4.61666083468043	55
5.05967339717393	4.62144261894216	55
5.04958283615926	4.6262262322428	55
5.03941326606737	4.63101114470421	55
5.02916446647945	4.63579682169392	55
5.01883621808014	4.64058272382511	55
5.00842830265747	4.64536830695663	55
4.9979405031029	4.65015302219299	55
4.98737260341129	4.65493631588434	55
4.97672438868092	4.6597176296265	55
4.9659956451135	4.66449640026097	55
4.95518616001413	4.66927205987488	55
4.94429572179135	4.67404403580103	55
4.93332411995708	4.67881175061788	55
4.9222711451267	4.68357462214956	55
4.91113658901896	4.68833206346584	55
4.89992024445605	4.69308348288217	55
4.88862190536358	4.69782828395964	55
4.87724136677055	4.70256586550501	55
4.86577842480939	4.7072956215707	55
4.85423287671594	4.71201694145478	55
4.84260452082947	4.716729209701	55
4.83089315659264	4.72143180609874	55
4.81909858455154	4.72612410568307	55
4.80722060635567	4.7308054787347	55
4.79525902475795	4.73547529078	55
4.7832136436147	4.740132902591	55
4.77108426788567	4.74477767018541	55
4.75887070363402	4.74940894482658	55
4.74657275802632	4.7540260730235	55
4.73419023933256	4.75862839653087	55
4.72172295692615	4.76321525234901	55
4.70917072128389	4.76778597272391	55
4.69653334398603	4.77233988514722	55
4.6838106377162	4.77687631235626	55
4.67100241626147	4.78139457233398	55
4.65810849451232	4.78589397830903	55
4.64512868846263	4.79037383875568	55
4.6320628152097	4.79483345739389	55
4.61891069295426	4.79927213318927	55
4.60567214100044	4.80368916035307	55
4.59234697975579	4.80808382834223	55
4.57893503073127	4.81245542185934	55
4.56543611654126	4.81680322085263	55
4.55185006090354	4.82112650051601	55
4.53817668863933	4.82542453128906	55
4.52441582567324	4.82969657885698	55
4.51056729903332	4.83394190415067	55
4.496630936851	4.83815976334666	55
4.48260656836116	4.84234940786716	55
4.46849402390207	4.84651008438004	55
4.45429313491543	4.8506410347988	55
4.44000373394634	4.85474149628264	55
4.42562565464333	4.8588107012364	55
4.41115873175834	4.86284787731056	55
4.39660280114671	4.86685224740129	55
4.3819576997672	4.87082302965042	55
4.36722326568202	4.87475943744541	55
4.35239933805674	4.87866067941941	55
4.33748575716037	4.88252595945121	55
4.32248236436535	4.88635447666527	55
4.3073890021475	4.89014542543171	55
4.29220551408609	4.8938979953663	55
4.27693174486378	4.89761137133047	55
4.26156754026665	4.90128473343132	55
4.24611274718421	4.90491725702161	55
4.23056721360935	4.90850811269974	55
4.21493078863841	4.9120564663098	55
4.19920332247113	4.9155614789415	55
4.18338466641067	4.91902230693026	55
4.16747467286358	4.9224381018571	55
4.15147319533986	4.92580801054876	55
4.13538008845291	4.92913117507759	55
4.11919520791954	4.93240673276163	55
4.10291841055997	4.93563381616456	55
4.08654955429785	4.93881155309575	55
4.07008849816024	4.94193906661018	55
4.0535351022776	4.94501547500853	55
4.03688922788383	4.94803989183714	55
4.02015073731622	4.95101142588797	55
4.00331949401549	4.95392918119869	55
3.98639536252577	4.9567922570526	55
3.9693782084946	4.95959974797865	55
3.95226789867294	4.96235074375149	55
3.93506430091517	4.96504432939138	55
3.91776728417906	4.96767958516428	55
3.90037671852583	4.97025558658179	55
3.8828924751201	4.97277140440116	55
3.86531442622988	4.97522610462533	55
3.84764244522663	4.97761874850287	55
3.82987640658521	4.97994839252803	55
3.8120161858839	4.9822140884407	55
3.79406165980438	4.98441488322645	55
3.77601270613175	4.98654981911649	55
3.75786920375454	4.9886179335877	55
3.73963103266468	4.99061825936263	55
3.72129807395751	4.99254982440946	55
3.70287020983181	4.99441165194207	55
3.68434732358974	4.99620276041996	55
3.66572929963689	4.9979221635483	55
3.64701602348228	4.99956887027794	55
3.62820738173832	5.00114188480538	55
3.60930326212085	5.00264020657276	55
3.59030355344912	5.0040628302679	55
3.57120814564579	5.00540874582428	55
3.55201692973694	5.00667693842102	55
3.53272979785206	5.00786638848293	55
3.51334664322406	5.00897607168045	55
3.49386736018927	5.01000495892969	55
3.47429184418741	5.01095201639243	55
3.45461999176165	5.01181620547609	55
3.43485170055854	5.01259648283377	55
3.41498686932807	5.01329180036422	55
3.39502539792363	5.01390110521184	55
3.37496718730204	5.01442333976671	55
3.35481213952351	5.01485744166454	55
3.33456015775168	5.01520234378674	55
3.31421114625361	5.01545697426035	55
3.29376501039976	5.01562025645806	55
3.27322165666402	5.01569110899826	55
3.25258099262368	5.01566844574496	55
3.23184292695946	5.01555117580785	55
3.21100736945547	5.01533820354228	55
3.19007423099927	5.01502842854924	55
3.1690434235818	5.0146207456754	55
3.14791486029744	5.01411404501309	55
3.12668845534396	5.01350721190029	55
3.10536412402258	5.01279912692064	55
3.08394178273789	5.01198866590343	55
3.06242134899793	5.01107469992364	55
3.04080274141414	5.01005609530187	55
3.01908587970137	5.00893171360442	55
2.99727068467791	5.00770041164322	55
2.97535707826542	5.00636104147587	55
2.95334498348902	5.00491245040563	55
2.93123432447722	5.00335348098141	55
2.90902502646194	5.0016829709978	55
2.88671701577854	4.99989975349502	55
2.86431021986576	4.99800265675898	55
2.84180456726579	4.99599050432123	55
2.81919998762421	4.99386211495899	55
2.79649641169002	4.99161630269513	55
2.77369377131563	4.98925187679818	55
2.75079199945689	4.98676764178234	55
2.72779103017304	4.98416239740747	55
2.70469079862673	4.98143493867907	55
2.68149124108403	4.97858405584831	55
2.65819229491445	4.97560853441204	55
2.63479389859088	4.97250715511273	55
2.61129599168965	4.96927869393854	55
2.58769851489048	4.96592192212329	55
2.56400140997652	4.96243560614643	55
2.54020461983433	4.9588185077331	55
2.5163080884539	4.95506938385409	55
2.4923117609286	4.95118698672584	55
2.46821558345526	4.94717006381046	55
2.44401950333408	4.94301735781573	55
2.4197234689687	4.93872760669505	55
2.39532742986618	4.93429954364753	55
2.37083133663697	4.92973189711791	55
2.34623514099495	4.92502339079659	55
2.32153879575742	4.92017274361963	55
2.29674225484508	4.91517866976877	55
2.27184547328206	4.91003987867137	55
2.24684840719589	4.90475507500049	55
2.22175101381753	4.89932295867484	55
2.19655325148133	4.89374222485875	55
2.17125507962508	4.88801156396227	55
2.14585645878997	4.88212966164107	55
2.12035735062062	4.8760951987965	55
2.09475771786504	4.86990685157555	55
2.06905752437467	4.86356329137087	55
2.04325673510438	4.8570631848208	55
2.01735531611242	4.8504051938093	55
1.99135323456047	4.84358797546602	55
1.96525045871364	4.83661018216625	55
1.93904695794043	4.82947046153095	55
1.91274270271277	4.82216745642673	55
1.886337664606	4.81469980496587	55
1.85983181629887	4.80706614050632	55
1.83322513157356	4.79926509165164	55
1.80651758531564	4.79129528225111	55
1.77970915351412	4.78315533139965	55
1.75279981326141	4.7748438534378	55
1.72578954275333	4.76635945795183	55
1.69867832128912	4.75770074977361	55
1.67146612927145	4.74886632898069	55
1.64415294820639	4.73985479089629	55
1.61673876070341	4.73066472608927	55
1.58922355047543	4.72129472037419	55
1.56160730233874	4.71174335481119	55
1.53389000221309	4.70200920570616	55
1.50607163712162	4.69209084461059	55
1.47815219519088	4.68198683832165	55
1.45013166565086	4.67169574888217	55
1.42201003883492	4.66121613358064	55
1.39378730617988	4.65054654495119	55
1.36546346022595	4.63968553077365	55
1.33703849461677	4.62863163407347	55
1.30851240409938	4.61738339312177	55
1.27988518452424	4.60593934143535	55
1.25115683284522	4.59429800777663	55
1.22232734711961	4.58245791615374	55
1.19339672650812	4.57041758582044	55
1.16436497127486	4.55817553127613	55
1.13523208278737	4.5457302622659	55
1.1059980635166	4.5330802837805	55
1.0766629170369	4.52022409605633	55
1.04722664802605	4.50716019457545	55
1.01768926226524	4.49388707006557	55
0.988050766639086	4.48040320850008	55
0.958311169135598	4.46670709109801	55
0.928470478846212	4.45279719432405	55
0.898528705965779	4.43867198988859	55
0.86848586179256	4.42432994474761	55
0.838341958728234	4.4097695211028	55
0.808097010277894	4.39498917640151	55
0.777751031050048	4.37998736333671	55
0.747304036756616	4.36476252984708	55
0.716756044212934	4.34931311911692	55
0.686107071337755	4.3336375695762	55
0.655357137153242	4.31773431490056	55
0.624506261784976	4.3016017840113	55
0.593554466461951	4.28523840107536	55
0.562501773516577	4.26864258550536	55
0.531348206384675	4.25181275195956	55
0.500093789605486	4.23474731034191	55
0.468738548821661	4.21744466580198	55
0.437282510779266	4.19990321873503	55
0.405725703327785	4.18212136478197	55
