0.356473006998937	3.85325748007669	44.5
0.348141611721397	3.84763153377009	44.5
0.339881570121475	3.84190133901922	44.5
0.331694186555493	3.83606780068825	44.5
0.323580753906227	3.83013183996052	44.5
0.315542553378746	3.82409439419303	44.5
0.307580854298096	3.81795641676846	44.5
0.299696913908856	3.8117188769446	44.5
0.291891977176606	3.80538275970129	44.5
0.284167276591336	3.7989490655849	44.5
0.276524031972815	3.79241881055031	44.5
0.268963450277971	3.78579302580048	44.5
0.261486725410299	3.77907275762366	44.5
0.254095038031329	3.77225906722807	44.5
0.246789555374185	3.76535303057442	44.5
0.239571431059266	3.75835573820596	44.5
0.232441804912077	3.75126829507626	44.5
0.225401802783235	3.74409182037476	44.5
0.218452536370688	3.73682744735	44.5
0.21159510304416	3.7294763231307	44.5
0.204830585671867	3.72203960854459	44.5
0.198160052449519	3.7145184779351	44.5
0.19158455673164	3.70691411897596	44.5
0.185105136865228	3.69922773248359	44.5
0.178722816025793	3.69146053222752	44.5
0.17243860205578	3.68361374473871	44.5
0.166253487305426	3.67568860911588	44.5
0.160168448476048	3.6676863768298	44.5
0.154184446465819	3.65960831152573	44.5
0.148302426218025	3.6514556888238	44.5
0.142523316571848	3.64322979611767	44.5
0.136848030115696	3.63493193237114	44.5
0.131277463043091	3.62656340791309	44.5
0.125812495011149	3.61812554423054	44.5
0.120453989001674	3.60961967375999	44.5
0.115202791184882	3.60104713967699	44.5
0.110059730785784	3.59240929568403	44.5
0.105025619953236	3.58370750579683	44.5
0.100101253631696	3.57494314412888	44.5
0.0952874094356916	3.56611759467449	44.5
0.0905848475270246	3.55723225109022	44.5
0.0859943104947343	3.54828851647483	44.5
0.0815165232378333	3.53928780314769	44.5
0.0771521928508379	3.53023153242578	44.5
0.0729020085121088	3.52112113439923	44.5
0.0687666413750232	3.5119580477055	44.5
0.0647467444619904	3.50274371930219	44.5
0.060842952561333	3.49347960423859	44.5
0.0570558821270468	3.48416716542584	44.5
0.053386131181454	3.474807873406	44.5
0.0498342792207701	3.46540320611977	44.5
0.0464008871235942	3.45595464867313	44.5
0.0430864970623397	3.44646369310284	44.5
0.0398916324176187	3.4369318381408	44.5
0.0368167976955946	3.42736058897742	44.5
0.0338624784483147	3.41775145702388	44.5
0.0310291411970358	3.40810595967351	44.5
0.0283172333585548	3.39842562006217	44.5
0.025727183174557	3.38871196682769	44.5
0.0232593996439912	3.37896653386852	44.5
0.0209142724584842	3.3691908601015	44.5
0.0186921719408043	3.35938648921885	44.5
0.0165934489863827	3.34955496944437	44.5
0.0146184350079029	3.33969785328901	44.5
0.0127674418829673	3.32981669730569	44.5
0.0110407619048478	3.31991306184347	44.5
0.00943866773632906	3.3099885108012	44.5
0.00796141236665249	3.30004461138054	44.5
0.0066092290715658	3.29008293383849	44.5
0.00538233137648636	3.2801050512394	44.5
0.00428091302278277	3.27011253920661	44.5
0.00330514793718106	3.2601069756736	44.5
0.00245519020429996	3.25008994063485	44.5
0.00173117404231826	3.2400630158963	44.5
0.00113321378178111	3.2300277848256	44.5
0.000661403847545428	3.21998583210209	44.5
0.00031581874386899	3.20993874346649	44.5
9.65130426462402e-05	3.19988810547059	44.5
3.52137478931702e-06	3.18983550522662	44.5
3.68584247608661e-05	3.17978253015669	44.5
0.000196518928253897	3.16973076774212	44.5
0.00048247767302434	3.15968180527271	44.5
0.000894689502871304	3.14963722959612	44.5
0.00143308932476849	3.1395986268673	44.5
0.00209759211914251	3.12956758229798	44.5
0.00288809295329906	3.11954567990639	44.5
0.00380446699799275	3.10953450226709	44.5
0.00484656954713891	3.09953563026109	44.5
0.00601423604066442	3.08955064282618	44.5
0.00730728209049425	3.07958111670764	44.5
0.00872550350966728	3.06962862620919	44.5
0.0102686763445813	3.05969474294448	44.5
0.0119365569103562	3.04978103558882	44.5
0.0137288818293164	3.03988906963153	44.5
0.0156453680725798	3.0300204071287	44.5
0.0176857130047517	3.02017660645654	44.5
0.0198495944317152	3.0103592220653	44.5
0.0221366706515083	3.00056980423377	44.5
0.0245465805082832	2.99080989882452	44.5
0.027078943449337	2.98108104703974	44.5
0.0297333595852056	2.97138478517792	44.5
0.0325094097528097	2.96172264439121	44.5
0.035406655581647	2.95209615044363	44.5
0.0384246395630152	2.94250682347019	44.5
0.041562885122258	2.93295617773677	44.5
0.044820896694022	2.92344572140106	44.5
0.0481981598005119	2.91397695627434	44.5
0.0516941411327327	2.90455137758441	44.5
0.0553082886347054	2.8951704737394	44.5
0.0590400315906427	2.88583572609277	44.5
0.0628887807150725	2.87654860870939	44.5
0.0668539282458918	2.86731058813277	44.5
0.0709348480403398	2.85812312315342	44.5
0.0751308956738737	2.84898766457859	44.5
0.0794414085419298	2.83990565500308	44.5
0.0838657059645574	2.83087852858148	44.5
0.0884030892939053	2.82190771080171	44.5
0.0930528420245466	2.81299461825988	44.5
0.0978142299066238	2.80414065843662	44.5
0.102686501061794	2.79534722947484	44.5
0.107668886101962	2.78661571995891	44.5
0.112760598250771	2.77794750869539	44.5
0.117960833467848	2.76934396449532	44.5
0.123268770575769	2.76080644595808	44.5
0.128683571389734	2.75233630125681	44.5
0.134204380849922	2.74393486792555	44.5
0.139830327156523	2.73560347264801	44.5
0.145560521907395	2.72734343104809	44.5
0.151394060238361	2.71915604748211	44.5
0.157330020966094	2.71104261483284	44.5
0.163367466733584	2.70300441430536	44.5
0.169505444158154	2.69504271522471	44.5
0.175742983982017	2.68715877483547	44.5
0.182079101225326	2.67935383810322	44.5
0.188512795341717	2.67162913751795	44.5
0.195043050376309	2.66398589289943	44.5
0.20166883512613	2.65642531120458	44.5
0.208389103302959	2.64894858633691	44.5
0.215202793698548	2.64155689895794	44.5
0.222108830352196	2.6342514163008	44.5
0.229106122720658	2.62703329198588	44.5
0.236193565850355	2.61990366583869	44.5
0.243370040551855	2.61286366370985	44.5
0.250634413576611	2.6059143972973	44.5
0.257985537795912	2.59905696397077	44.5
0.265422252382025	2.59229244659848	44.5
0.27294338299151	2.58562191337613	44.5
0.280547741950654	2.57904641765825	44.5
0.288234128443026	2.57256699779184	44.5
0.296001328699094	2.56618467695241	44.5
0.3038481161879	2.55990046298239	44.5
0.311773251810734	2.55371534823204	44.5
0.319775484096811	2.54763030940266	44.5
0.327853549400888	2.54164630739243	44.5
0.336006172102811	2.53576428714464	44.5
0.344232064808945	2.52998517749846	44.5
0.352529928555476	2.52430989104231	44.5
0.360898453013525	2.5187393239697	44.5
0.36933631669607	2.51327435593776	44.5
0.377842187166621	2.50791584992829	44.5
0.386414721249626	2.5026646521115	44.5
0.395052565242579	2.4975215917124	44.5
0.40375435512978	2.49248748087985	44.5
0.412518716797731	2.48756311455831	44.5
0.421344266252126	2.48274927036231	44.5
0.430229609836395	2.47804670845364	44.5
0.439173344451786	2.47345617142135	44.5
0.448174057778923	2.46897838416445	44.5
0.457230328500832	2.46461405377745	44.5
0.466340726527383	2.46036386943872	44.5
0.475503813221117	2.45622850230164	44.5
0.484718141624422	2.4522086053886	44.5
0.493982256688028	2.44830481348795	44.5
0.503294695500773	2.44451774305366	44.5
0.512653987520616	2.44084799210807	44.5
0.522058654806849	2.43729614014738	44.5
0.531507212253487	2.43386274805021	44.5
0.540998167823777	2.43054835798895	44.5
0.550530022785812	2.42735349334423	44.5
0.560101271949198	2.42427865862221	44.5
0.569710403902736	2.42132433937493	44.5
0.579355901253101	2.41849100212365	44.5
0.589036240864444	2.41577909428517	44.5
0.598749894098925	2.41318904410117	44.5
0.608495327058092	2.41072126057061	44.5
0.61827100082511	2.4083761333851	44.5
0.628075371707768	2.40615403286742	44.5
0.637906891482246	2.404055309913	44.5
0.647764007637601	2.40208029593452	44.5
0.657645163620927	2.40022930280958	44.5
0.667548799083146	2.39850262283146	44.5
0.677473350125413	2.39690052866294	44.5
0.68741724954607	2.39542327329327	44.5
0.697378927088123	2.39407108999818	44.5
0.70735680968721	2.3928441923031	44.5
0.717349321720002	2.3917427739494	44.5
0.727354885253012	2.39076700886379	44.5
0.737371920291769	2.38991705113091	44.5
0.747398845030319	2.38919303496893	44.5
0.757434076101011	2.3885950747084	44.5
0.767476028824527	2.38812326477416	44.5
0.777523117460121	2.38777767967048	44.5
0.787573755456028	2.38755837396926	44.5
0.797626355699999	2.3874653823014	44.5
0.80767933076992	2.38749871935137	44.5
0.817731093184492	2.38765837985487	44.5
0.827780055653904	2.38794433859964	44.5
0.837824631330492	2.38835655042949	44.5
0.847863234059316	2.38889495025138	44.5
0.857894278628633	2.38955945304576	44.5
0.867916181020223	2.39034995387991	44.5
0.877927358659521	2.39126632792461	44.5
0.887926230665524	2.39230843047375	44.5
0.897911218100432	2.39347609696728	44.5
0.907880744218979	2.39476914301711	44.5
0.91783323471742	2.39618736443628	44.5
0.927767117982133	2.3977305372712	44.5
0.937680825337794	2.39939841783697	44.5
0.947572791295086	2.40119074275593	44.5
0.957441453797915	2.40310722899919	44.5
0.967285254470071	2.40514757393137	44.5
0.977102638861313	2.40731145535833	44.5
0.986892056692841	2.40959853157812	44.5
1.00003697236106	2.41277853001725	44.5
1.0110150957136	2.41540696216454	44.5
1.02199789941276	2.41800876138655	44.5
1.03298538345855	2.42058392768327	44.5
1.04397754785097	2.42313246105472	44.5
1.05497439259002	2.42565436150089	44.5
1.0659759176757	2.42814962902178	44.5
1.076982123108	2.43061826361738	44.5
1.08799300888693	2.43306026528771	44.5
1.09900857501249	2.43547563403276	44.5
1.11002882148468	2.43786436985252	44.5
1.1210537483035	2.440226472747	44.5
1.13208335546894	2.44256194271621	44.5
1.14311764298101	2.44487077976013	44.5
1.15415661083971	2.44715298387877	44.5
1.16520025904503	2.44940855507213	44.5
1.17624858759699	2.45163749334021	44.5
1.18730159649557	2.45383979868301	44.5
1.19835928574078	2.45601547110053	44.5
1.20942165533262	2.45816451059277	44.5
1.22048870527108	2.46028691715973	44.5
1.23156043555618	2.46238269080141	44.5
1.2426368461879	2.4644518315178	44.5
1.25371793716625	2.46649433930892	44.5
1.26480370849122	2.46851021417476	44.5
1.27589416016283	2.47049945611531	44.5
1.28698929218106	2.47246206513059	44.5
1.29808910454592	2.47439804122058	44.5
1.30919359725741	2.47630738438529	44.5
1.32030277031552	2.47819009462473	44.5
1.33141662372027	2.48004617193888	44.5
1.34253515747164	2.48187561632775	44.5
1.35365837156964	2.48367842779134	44.5
1.36478626601427	2.48545460632965	44.5
1.37591884080552	2.48720415194268	44.5
1.3870560959434	2.48892706463043	44.5
1.39819803142791	2.4906233443929	44.5
1.40934464725905	2.49229299123009	44.5
1.42049594343682	2.493936005142	44.5
1.43165191996121	2.49555238612862	44.5
1.44281257683224	2.49714213418997	44.5
1.45397791404989	2.49870524932604	44.5
1.46514793161416	2.50024173153682	44.5
1.47632262952507	2.50175158082233	44.5
1.4875020077826	2.50323479718255	44.5
1.49868606638676	2.50469138061749	44.5
1.50987480533755	2.50612133112715	44.5
1.52106822463497	2.50752464871154	44.5
1.53226632427901	2.50890133337064	44.5
1.54346910426968	2.51025138510446	44.5
1.55467656460698	2.51157480391299	44.5
1.56588870529091	2.51287158979625	44.5
1.57710552632147	2.51414174275424	44.5
1.58832702769865	2.51538526278693	44.5
1.59955320942246	2.51660214989435	44.5
1.6107840714929	2.51779240407649	44.5
1.62201961390997	2.51895602533334	44.5
1.63325983667366	2.52009301366492	44.5
1.64450473978399	2.52120336907121	44.5
1.65575432324094	2.52228709155223	44.5
1.66700858704452	2.52334418110796	44.5
1.67826753119472	2.52437463773841	44.5
1.68953115569156	2.52537846144359	44.5
1.70079946053502	2.52635565222348	44.5
1.71207244572511	2.52730621007809	44.5
1.72335011126182	2.52823013500742	44.5
1.73463245714517	2.52912742701147	44.5
1.74591948337514	2.52999808609024	44.5
1.75721118995174	2.53084211224373	44.5
1.76850757687497	2.53165950547194	44.5
1.77980864414483	2.53245026577487	44.5
1.79111439176131	2.53321439315251	44.5
1.80242481972443	2.53395188760488	44.5
1.81373992803417	2.53466274913196	44.5
1.82505971669053	2.53534697773377	44.5
1.83638418569353	2.53600457341029	44.5
1.84771333504315	2.53663553616154	44.5
1.8590471647394	2.5372398659875	44.5
1.87038567478228	2.53781756288818	44.5
1.88172886517179	2.53836862686359	44.5
1.89307673590792	2.53889305791371	44.5
1.90442928699069	2.53939085603855	44.5
1.91578651842008	2.53986202123811	44.5
1.9271484301961	2.54030655351239	44.5
1.93851502231874	2.54072445286139	44.5
1.94988629478802	2.54111571928511	44.5
1.96126224760392	2.54148035278354	44.5
1.97264288076645	2.5418183533567	44.5
1.9840281942756	2.54212972100458	44.5
1.99541818813139	2.54241445572717	44.5
2.0068128623338	2.54267255752449	44.5
2.01821221688284	2.54290402639652	44.5
2.02961625177851	2.54310886234328	44.5
2.04102496702081	2.54328706536475	44.5
2.05243836260973	2.54343863546094	44.5
2.06385643854528	2.54356357263186	44.5
2.07527919482746	2.54366187687749	44.5
2.08670663145627	2.54373354819784	44.5
2.09813874843171	2.54377858659291	44.5
2.10957554575377	2.5437969920627	44.5
2.12101702342246	2.54378876460721	44.5
2.13246318143778	2.54375390422644	44.5
2.14391401979973	2.54369241092039	44.5
2.1553695385083	2.54360428468905	44.5
2.1668297375635	2.54348952553244	44.5
2.17829461696533	2.54334813345055	44.5
2.18976417671379	2.54318010844337	44.5
2.20123841680888	2.54298545051092	44.5
2.21271733725059	2.54276415965318	44.5
2.22420093803893	2.54251623587016	44.5
2.2356892191739	2.54224167916187	44.5
2.2471821806555	2.54194048952829	44.5
2.25867982248372	2.54161266696943	44.5
2.27018214465858	2.54125821148529	44.5
2.28168914718006	2.54087712307587	44.5
2.29320083004817	2.54046940174117	44.5
2.3047171932629	2.54003504748119	44.5
2.31623823682427	2.53957406029593	44.5
2.32776396073226	2.53908644018539	44.5
2.33929436498688	2.53857218714957	44.5
2.35082944958813	2.53803130118846	44.5
2.362369214536	2.53746378230208	44.5
2.3739136598305	2.53686963049042	44.5
2.38546278547164	2.53624884575347	44.5
2.39701659145939	2.53560142809125	44.5
2.40857507779378	2.53492737750374	44.5
2.4201382444748	2.53422669399095	44.5
2.43170609150244	2.53349937755289	44.5
2.44327861887671	2.53274542818954	44.5
2.45485582659761	2.53196484590091	44.5
2.46643771466513	2.531157630687	44.5
2.47802428307929	2.53032378254781	44.5
2.48961553184007	2.52946330148334	44.5
2.50121146094748	2.52857618749359	44.5
2.51281207040151	2.52766244057856	44.5
2.52441736020218	2.52672206073824	44.5
2.53602733034947	2.52575504797265	44.5
2.54764198084339	2.52476140228178	44.5
2.55926131168394	2.52374112366562	44.5
2.57088532287112	2.52269421212419	44.5
2.58251401440492	2.52162066765747	44.5
2.59414738628535	2.52052049026548	44.5
2.60578543851241	2.5193936799482	44.5
2.6174281710861	2.51824023670564	44.5
2.62907558400641	2.51706016053781	44.5
2.64072767727336	2.51585345144469	44.5
2.65238445088693	2.51462010942629	44.5
2.66404590484713	2.51336013448261	44.5
2.67571203915395	2.51207352661365	44.5
2.68738285380741	2.51076028581941	44.5
2.69905834880749	2.50942041209989	44.5
2.7107385241542	2.50805390545508	44.5
2.72242337984754	2.506660765885	44.5
2.7341129158875	2.50524099338964	44.5
2.7458071322741	2.50379458796899	44.5
2.75750602900732	2.50232154962307	44.5
2.76920960608717	2.50082187835186	44.5
2.78091786351364	2.49929557415538	44.5
2.79263080128675	2.49774263703361	44.5
2.80434841940648	2.49616306698656	44.5
2.81607071787284	2.49455686401424	44.5
2.82779769668583	2.49292402811663	44.5
2.83952935584544	2.49126455929374	44.5
2.85126569535169	2.48957845754557	44.5
2.86300671520456	2.48786572287212	44.5
2.87475241540406	2.48612635527339	44.5
2.88650279595019	2.48436035474938	44.5
2.89825785684294	2.48256772130008	44.5
2.91001759808233	2.48074845492551	44.5
2.92178201966834	2.47890255562566	44.5
2.93355112160098	2.47703002340053	44.5
2.94532490388024	2.47513085825011	44.5
2.95710336650614	2.47320506017442	44.5
2.96888650947866	2.47125262917344	44.5
2.98067433279781	2.46927356524718	44.5
2.99246683646359	2.46726786839565	44.5
3.00426402047599	2.46523553861883	44.5
3.01606588483502	2.46317657591673	44.5
3.02787242954069	2.46109098028935	44.5
3.03968365459297	2.45897875173669	44.5
3.05149955999189	2.45683989025875	44.5
3.06332014573744	2.45467439585553	44.5
3.07514541182961	2.45248226852703	44.5
3.08697535826841	2.45026350827325	44.5
3.09880998505384	2.44801811509419	44.5
3.11064929218589	2.44574608898985	44.5
3.12249327966458	2.44344742996022	44.5
3.13434194748989	2.44112213800532	44.5
3.14619529566183	2.43877021312513	44.5
3.15805332418039	2.43639165531967	44.5
3.16991603304559	2.43398646458892	44.5
3.18178342225741	2.43155464093289	44.5
3.19365549181586	2.42909618435159	44.5
3.20553224172094	2.426611094845	44.5
3.21741367197265	2.42409937241313	44.5
3.22929978257098	2.42156101705598	44.5
3.24119057351594	2.41899602877355	44.5
3.25308604480753	2.41640440756584	44.5
3.26498619644575	2.41378615343285	44.5
3.2768910284306	2.41114126637458	44.5
3.28880054076207	2.40846974639103	44.5
3.30071473344017	2.40577159348219	44.5
3.3126336064649	2.40304680764808	44.5
3.32455715983626	2.40029538888868	44.5
3.33648539355424	2.39751733720401	44.5
3.34841830761885	2.39471265259406	44.5
3.36035590203009	2.39188133505882	44.5
3.37229817678796	2.3890233845983	44.5
3.38424513189246	2.3861388012125	44.5
3.39619676734358	2.38322758490143	44.5
3.40815308314133	2.38028973566507	44.5
3.42011407928571	2.37732525350343	44.5
3.43207975577672	2.37433413841651	44.5
3.44405011261435	2.37131639040431	44.5
3.45602514979862	2.36827200946683	44.5
3.46800486732951	2.36520099560407	44.5
3.47998926520702	2.36210334881603	44.5
3.49197834343117	2.3589790691027	44.5
3.50397210200194	2.3558281564641	44.5
3.51597054091935	2.35265061090021	44.5
3.52797366018338	2.34944643241105	44.5
3.53998145979403	2.3462156209966	44.5
3.55199393975132	2.34295817665688	44.5
3.56401110005523	2.33967409939187	44.5
3.57603294070577	2.33636338920159	44.5
3.58805946170294	2.33302604608602	44.5
3.60009066304674	2.32966207004517	44.5
3.61212654473716	2.32627146107904	44.5
3.62416710677421	2.32285421918763	44.5
3.63621234915789	2.31941034437094	44.5
3.6482622718882	2.31593983662897	44.5
3.66031687496514	2.31244269596172	44.5
3.6723761583887	2.30891892236919	44.5
3.68444012215889	2.30536851585138	44.5
3.69650876627571	2.30179147640828	44.5
3.70858209073916	2.29818780403991	44.5
3.72066009554923	2.29455749874625	44.5
3.73274278070594	2.29090056052732	44.5
3.74483014620927	2.2872169893831	44.5
3.75692219205922	2.28350678531361	44.5
3.76901891825581	2.27976994831883	44.5
3.78112032479902	2.27600647839877	44.5
3.79322641168887	2.27221637555344	44.5
3.80533717892534	2.26839963978282	44.5
3.81745262650843	2.26455627108692	44.5
3.82957275443816	2.26068626946574	44.5
3.84169756271451	2.25678963491928	44.5
3.85382705133749	2.25286636744754	44.5
3.8659612203071	2.24891646705051	44.5
3.87810006962334	2.24493993372821	44.5
3.8902435992862	2.24093676748063	44.5
3.90239180929569	2.23690696830776	44.5
3.91454469965181	2.23285053620962	44.5
3.92670227035456	2.22876747118619	44.5
3.93886452140394	2.22465777323749	44.5
3.95103145279994	2.2205214423635	44.5
3.96320306454257	2.21635847856424	44.5
3.97537935663183	2.21216888183969	44.5
3.98756032906772	2.20795265218986	44.5
3.99974598185023	2.20370978961475	44.5
4.01193631497937	2.19944029411436	44.5
4.02413132845514	2.19514416568869	44.5
4.03633102227754	2.19082140433774	44.5
4.04853539644657	2.18647201006151	44.5
4.06074445096222	2.18209598286	44.5
4.0729581858245	2.17769332273321	44.5
4.08517660103341	2.17326402968114	44.5
4.09739969658895	2.16880810370378	44.5
4.10962747249111	2.16432554480115	44.5
4.12185992873991	2.15981635297323	44.5
4.13409706533533	2.15528052822004	44.5
4.14633888227738	2.15071807054156	44.5
4.15858537956605	2.14612897993781	44.5
4.17083655720136	2.14151325640877	44.5
4.18309241518329	2.13687089995445	44.5
4.19535295351185	2.13220191057485	44.5
4.20761817218704	2.12750628826997	44.5
4.21988807120885	2.12278403303982	44.5
4.23216265057729	2.11803514488437	44.5
4.24444191029237	2.11325962380365	44.5
4.25672585035406	2.10845746979765	44.5
4.26901447076239	2.10362868286637	44.5
4.28130777151735	2.09877326300981	44.5
4.29360575261893	2.09389121022796	44.5
4.30590841406714	2.08898252452084	44.5
4.31821575586198	2.08404720588843	44.5
4.33052777800344	2.07908525433075	44.5
4.34284448049153	2.07409666984778	44.5
4.35516586332626	2.06908145243954	44.5
4.36749192650761	2.06403960210601	44.5
4.37982267003558	2.0589711188472	44.5
4.39215809391019	2.05387600266312	44.5
4.40449819813142	2.04875425355375	44.5
4.41684298269928	2.0436058715191	44.5
4.42919244761377	2.03843085655917	44.5
4.44154659287489	2.03322920867396	44.5
4.45390541848263	2.02800092786347	44.5
4.466268924437	2.02274601412769	44.5
4.478637110738	2.01746446746664	44.5
4.49100997738563	2.01215628788031	44.5
4.50338752437988	2.00682147536869	44.5
4.51576975172077	2.0014600299318	44.5
4.52815665940828	1.99607195156962	44.5
4.54054824744242	1.99065724028217	44.5
4.55294451582318	1.98521589606943	44.5
4.56534546455058	1.97974791893142	44.5
4.5777510936246	1.97425330886812	44.5
4.59016140304525	1.96873206587954	44.5
4.60257639281253	1.96318418996568	44.5
4.61499606292643	1.95760968112654	44.5
4.62742041338697	1.95200853936212	44.5
4.63984944419413	1.94638076467242	44.5
4.65228315534792	1.94072635705744	44.5
4.66472154684833	1.93504531651718	44.5
4.67716461869538	1.92933764305164	44.5
4.68961237088905	1.92360333666081	44.5
4.70206480342935	1.91784239734471	44.5
4.71452191631628	1.91205482510333	44.5
4.72698370954984	1.90624061993666	44.5
4.73945018313002	1.90039978184472	44.5
4.75192133705683	1.89453231082749	44.5
4.76439717133027	1.88863820688498	44.5
4.77687768595034	1.8827174700172	44.5
4.78936288091703	1.87677010022413	44.5
4.80185275623036	1.87079609750578	44.5
4.81434731189031	1.86479546186215	44.5
4.82684654789688	1.85876819329324	44.5
4.83935046425009	1.85271429179905	44.5
4.85185906094993	1.84663375737958	44.5
4.86437233799639	1.84052659003483	44.5
4.87689029538948	1.8343927897648	44.5
4.8894129331292	1.82823235656948	44.5
4.90194025121554	1.82204529044889	44.5
4.91447224964852	1.81583159140302	44.5
4.92700892842812	1.80959125943186	44.5
4.93955028755434	1.80332429453542	44.5
4.9520963270272	1.79703069671371	44.5
4.96464704684669	1.79071046596671	44.5
4.9772024470128	1.78436360229444	44.5
4.98976252752554	1.77799010569688	44.5
5.00232728838491	1.77158997617404	44.5
5.0148967295909	1.76516321372592	44.5
5.02747085114353	1.75870981835252	44.5
5.04004965304278	1.75222979005384	44.5
5.05263313528866	1.74572312882988	44.5
5.06522129788117	1.73918983468064	44.5
5.0778141408203	1.73262990760612	44.5
5.09041166410606	1.72604334760631	44.5
5.10301386773845	1.71943015468123	44.5
5.11562075171747	1.71279032883087	44.5
5.12823231604312	1.70612387005522	44.5
5.14084856071539	1.6994307783543	44.5
5.15346948573429	1.69271105372809	44.5
5.16609509109982	1.68596469617661	44.5
5.17872537681198	1.67919170569984	44.5
5.19136034287077	1.67239208229779	44.5
5.20399998927618	1.66556582597046	44.5
5.21664431602822	1.65871293671785	44.5
5.22929332312689	1.65183341453996	44.5
5.24194701057219	1.64492725943679	44.5
5.25460537836411	1.63799447140834	44.5
5.26726842650266	1.63103505045461	44.5
5.27993615498784	1.6240489965756	44.5
5.29260856381965	1.61703630977131	44.5
5.30528565299809	1.60999699004174	44.5
5.31796742252315	1.60293103738688	44.5
5.33065387239484	1.59583845180675	44.5
5.34334500261316	1.58871923330133	44.5
5.35604081317811	1.58157338187064	44.5
5.36874130408968	1.57440089751466	44.5
5.38144647534789	1.5672017802334	44.5
5.39415632695272	1.55997603002687	44.5
5.40687085890417	1.55272364689505	44.5
5.41959007120226	1.54544463083795	44.5
5.43231396384698	1.53813898185557	44.5
5.44504253683832	1.53080669994791	44.5
5.45777579017629	1.52344778511497	44.5
5.47051372386088	1.51606223735675	44.5
5.48325633789211	1.50865005667325	44.5
5.49600363226996	1.50121124306447	44.5
5.50875560699444	1.4937457965304	44.5
5.52151226206555	1.48625371707106	44.5
5.53427359748329	1.47873500468644	44.5
5.54703961324765	1.47118965937653	44.5
5.55981030935865	1.46361768114135	44.5
5.57258568581627	1.45601906998088	44.5
5.58536574262051	1.44839382589513	44.5
5.59815047977139	1.4407419488841	44.5
5.61093989726889	1.4330634389478	44.5
5.62373399511302	1.42535829608621	44.5
5.63653277330378	1.41762652029934	44.5
5.64933623184117	1.40986811158719	44.5
5.66214437072519	1.40208306994976	44.5
5.67495718995583	1.39427139538705	44.5
5.6877746895331	1.38643308789906	44.5
5.700596869457	1.37856814748578	44.5
5.71342372972752	1.37067657414723	44.5
5.72625527034467	1.3627583678834	44.5
5.73909149130846	1.35481352869428	44.5
5.75193239261887	1.34684205657989	44.5
5.7647779742759	1.33884395154022	44.5
5.77762823627957	1.33081921357526	44.5
5.79048317862986	1.32276784268502	44.5
5.80334280132678	1.31468983886951	44.5
5.81620710437033	1.30658520212871	44.5
5.82907608776051	1.29845393246263	44.5
5.84194975149731	1.29029602987127	44.5
5.85482809558074	1.28211149435463	44.5
5.8677111200108	1.27390032591271	44.5
5.88059882478749	1.26566252454551	44.5
5.89349120991081	1.25739809025303	44.5
5.90638827538075	1.24910702303527	44.5
5.91929002119732	1.24078932289222	44.5
5.93219644736052	1.2324449898239	44.5
5.94510755387035	1.2240740238303	44.5
5.9580233407268	1.21567642491141	44.5
5.97094380792988	1.20725219306725	44.5
5.9838689554796	1.1988013282978	44.5
5.99679878337593	1.19032383060308	44.5
6.0097332916189	1.18181969998307	44.5
6.02267248020849	1.17328893643778	44.5
6.03561634914471	1.16473153996721	44.5
6.04856489842756	1.15614751057137	44.5
6.06151812805704	1.14753684825024	44.5
6.07447603803315	1.13889955300383	44.5
6.08743862835588	1.13023562483213	44.5
6.10040589902524	1.12154506373516	44.5
6.11337785004123	1.11282786971291	44.5
6.12635448140384	1.10408404276538	44.5
6.13933579311309	1.09531358289257	44.5
6.15232178516896	1.08651649009447	44.5
6.16531245757146	1.0776927643711	44.5
6.17830781032059	1.06884240572244	44.5
6.19130784341634	1.05996541414851	44.5
6.20431255685873	1.05106178964929	44.5
6.21732195064774	1.04213153222479	44.5
6.23033602478338	1.03317464187502	44.5
6.24335477926564	1.02419111859996	44.5
6.25637821409454	1.01518096239962	44.5
6.26940632927006	1.006144173274	44.5
6.28243912479221	0.997080751223102	44.5
6.29547660066099	0.987990696246921	44.5
6.30851875687639	0.978874008345461	44.5
6.32156559343843	0.969730687518719	44.5
6.33461711034709	0.960560733766696	44.5
6.34767330760238	0.951364147089395	44.5
6.36073418520429	0.94214092748681	44.5
6.37379974315284	0.932891074958947	44.5
6.38686998144801	0.923614589505802	44.5
6.39994490008981	0.914311471127376	44.5
6.41302449907824	0.90498171982367	44.5
6.4261087784133	0.895625335594683	44.5
6.43919773809498	0.886242318440416	44.5
6.45229137812329	0.876832668360869	44.5
6.46538969849823	0.86739638535604	44.5
6.4784926992198	0.857933469425931	44.5
6.491600380288	0.848443920570542	44.5
6.50471274170282	0.838927738789871	44.5
6.51782978346427	0.829384924083921	44.5
6.53095150557235	0.819815476452689	44.5
6.54407790802706	0.810219395896177	44.5
6.55720899082839	0.800596682414385	44.5
6.57034475397635	0.790947336007311	44.5
6.58348519747094	0.781271356674957	44.5
6.59663032131216	0.771568744417322	44.5
6.60978012550001	0.761839499234407	44.5
6.62293461003448	0.752083621126211	44.5
6.63609377491558	0.742301110092735	44.5
6.64925762014331	0.732491966133978	44.5
6.66242614571767	0.72265618924994	44.5
6.67559935163865	0.712793779440622	44.5
6.68877723790626	0.702904736706023	44.5
6.7019598045205	0.692989061046144	44.5
6.71514705148137	0.683046752460984	44.5
6.72833897878887	0.673077810950542	44.5
6.74153558644299	0.663082236514821	44.5
6.75473687444374	0.653060029153819	44.5
6.76794284279112	0.643011188867537	44.5
6.78115349148513	0.632935715655974	44.5
6.79436882052577	0.62283360951913	44.5
6.80758882991303	0.612704870457006	44.5
6.82081351964692	0.602549498469601	44.5
6.83404288972744	0.592367493556916	44.5
6.84727694015458	0.582158855718949	44.5
6.86051567092836	0.571923584955702	44.5
6.87375908204876	0.561661681267175	44.5
6.88700717351579	0.551373144653367	44.5
6.90025994532945	0.541057975114278	44.5
6.91351739748973	0.530716172649908	44.5
6.92677952999665	0.520347737260258	44.5
6.94004634285019	0.509952668945328	44.5
6.95331783605036	0.499530967705117	44.5
6.96659400959715	0.489082633539626	44.5
6.97987486349058	0.478607666448853	44.5
6.99316039773063	0.4681060664328	44.5
7.00645061231731	0.457577833491466	44.5
7.01974550725062	0.447022967624852	44.5
7.03304508253056	0.436441468832957	44.5
7.04634933815712	0.425833337115781	44.5
7.05965827413031	0.415198572473325	44.5
7.07297189045013	0.404537174905589	44.5
7.08629018711658	0.393849144412572	44.5
7.09961316412965	0.383134480994273	44.5
7.11294082148936	0.372393184650695	44.5
7.12627315919569	0.361625255381837	44.5
7.13961017724865	0.350830693187696	44.5
7.15295187564823	0.340009498068276	44.5
7.16629825439445	0.329161670023575	44.5
7.17964931348729	0.318287209053593	44.5
7.19300505292676	0.307386115158331	44.5
7.20636547271286	0.296458388337788	44.5
7.21973057284558	0.285504028591965	44.5
7.23310035332493	0.27452303592086	44.5
7.24647481415091	0.263515410324475	44.5
7.25985395532352	0.252481151802811	44.5
7.27323777684276	0.241420260355865	44.5
7.28662627870862	0.230332735983639	44.5
7.30001946092112	0.219218578686132	44.5
7.31341732348024	0.208077788463344	44.5
7.32681986638599	0.196910365315275	44.5
7.34022708963836	0.185716309241926	44.5
7.35363899323736	0.174495620243296	44.5
7.367055577183	0.163248298319386	44.5
7.38047684147526	0.151974343470195	44.5
7.39390278611414	0.140673755695723	44.5
7.40733341109966	0.129346534995971	44.5
7.4207687164318	0.117992681370938	44.5
7.43420870211057	0.106612194820626	44.5
7.44765336813597	0.0952050753450324	44.5
7.46110271450799	0.0837713229441577	44.5
7.47455674122665	0.0723109376180027	44.5
7.48801544829193	0.0608239193665665	44.5
7.50147883570384	0.0493102681898505	44.5
7.51494690346238	0.0377699840878529	44.5
7.52841965156754	0.0262030670605755	44.5
7.54189708001934	0.0146095171080174	44.5
7.55537918881776	0.00298933423017855	44.5
7.56886597796281	-0.00865748157294099	44.5
7.58235744745448	-0.0203309303013413	44.5
7.59585359729279	-0.0320310119550222	44.5
7.60935442747772	-0.0437577265339826	44.5
7.62285993800928	-0.0555110740382245	44.5
7.63637012888747	-0.0672910544677472	44.5
7.64988500011228	-0.0790976678225497	44.5
7.66340455168373	-0.0909309141026338	44.5
7.6769287836018	-0.102790793307998	44.5
7.6904576958665	-0.114677305438644	44.5
7.70399128847782	-0.126590450494569	44.5
7.71752956143578	-0.138530228475775	44.5
7.73107251474036	-0.150496639382262	44.5
7.74462014839157	-0.16248968321403	44.5
7.75817246238941	-0.174509359971077	44.5
7.77172945673388	-0.186555669653405	44.5
7.78529113142497	-0.198628612261015	44.5
7.79885748646269	-0.210728187793905	44.5
7.81242852184704	-0.222854396252075	44.5
7.82600423757802	-0.235007237635527	44.5
7.83958463365562	-0.247186711944258	44.5
7.85316971007986	-0.259392819178271	44.5
7.86675946685072	-0.271625559337564	44.5
7.88035390396821	-0.283884932422137	44.5
7.89395302143232	-0.296170938431992	44.5
7.90755681924307	-0.308483577367127	44.5
7.92116529740044	-0.320822849227541	44.5
7.93477845590444	-0.333188754013238	44.5
7.94839629475507	-0.345581291724214	44.5
7.96201881395232	-0.358000462360471	44.5
7.97564601349621	-0.370446265922009	44.5
7.98927789338672	-0.382918702408828	44.5
8.00291445362386	-0.395417771820927	44.5
8.01655569420762	-0.407943474158307	44.5
8.03020161513802	-0.420495809420967	44.5
8.04385221641504	-0.433074777608908	44.5
8.05750749803869	-0.44568037872213	44.5
8.07116746000897	-0.458312612760633	44.5
8.08483210232587	-0.470971479724414	44.5
8.09850142498941	-0.483656979613477	44.5
8.11217542799957	-0.496369112427822	44.5
8.12585411135636	-0.509107878167447	44.5
8.13953747505978	-0.521873276832352	44.5
8.15322551910982	-0.534665308422538	44.5
8.16691824350649	-0.547483972938004	44.5
8.18061564824979	-0.560329270378751	44.5
8.19431773333972	-0.57320120074478	44.5
8.20802449877628	-0.586099764036088	44.5
8.22173594455946	-0.599024960252676	44.5
8.23545207068928	-0.611976789394547	44.5
8.24917287716572	-0.624955251461695	44.5
8.26289836398878	-0.637960346454126	44.5
8.27662853115848	-0.650992074371838	44.5
8.2903633786748	-0.66405043521483	44.5
8.30410290653775	-0.677135428983103	44.5
8.31784711474733	-0.690247055676656	44.5
8.33159600330354	-0.70338531529549	44.5
8.34534957220637	-0.716550207839605	44.5
8.35910782145584	-0.729741733309	44.5
8.37287075105193	-0.742959891703676	44.5
8.38663836099464	-0.756204683023632	44.5
8.40041065128399	-0.769476107268869	44.5
8.41418762191996	-0.782774164439386	44.5
8.42796927290257	-0.796098854535184	44.5
8.44175560423179	-0.809450177556263	44.5
8.45554661590765	-0.822828133502622	44.5
8.46934230793014	-0.836232722374262	44.5
8.48314268029925	-0.849663944171183	44.5
8.49694773301499	-0.863121798893385	44.5
8.51075746607736	-0.876606286540866	44.5
8.52457187948635	-0.890117407113629	44.5
8.53839097324198	-0.903655160611672	44.5
8.55221474734423	-0.917219547034996	44.5
8.56604320179311	-0.9308105663836	44.5
8.57987633658862	-0.944428218657484	44.5
8.59371415173075	-0.95807250385665	44.5
8.60755664721951	-0.971743421981096	44.5
8.62140382305491	-0.985440973030823	44.5
8.63525567923693	-0.99916515700583	44.5
8.64911221576557	-1.01291597390612	44.5
8.66297343264085	-1.02669342373169	44.5
8.67683932986275	-1.04049750648254	44.5
8.69070990743128	-1.05432822215867	44.5
8.70458516534644	-1.06818557076008	44.5
8.71846510360822	-1.08206955228677	44.5
8.73234972221664	-1.09598016673874	44.5
8.74623902117168	-1.10991741411599	44.5
8.76013300047335	-1.12388129441852	44.5
8.77403166012164	-1.13787180764634	44.5
8.78793500011657	-1.15188895379943	44.5
8.80184302045812	-1.16593273287781	44.5
8.8157557211463	-1.18000314488146	44.5
8.82967310218111	-1.1941001898104	44.5
8.84359516356255	-1.20822386766462	44.5
8.85752190529061	-1.22237417844411	44.5
8.8714533273653	-1.23655112214889	44.5
8.88538942978662	-1.25075469877895	44.5
8.89933021255457	-1.26498490833429	44.5
8.91327567566914	-1.27924175081491	44.5
8.92722581913035	-1.29352522622081	44.5
8.94118064293818	-1.30783533455199	44.5
8.94815980997208	-1.31500037606456	44.5
8.95514014709263	-1.32217207580845	44.5
8.96212165429985	-1.32935043378366	44.5
8.96910433159372	-1.33653544999019	44.5
8.97608817897425	-1.34372712442804	44.5
8.98307319644143	-1.35092545709722	44.5
8.99005938399528	-1.35813044799771	44.5
8.99704674163578	-1.36534209712952	44.5
9.00403526936293	-1.37256040449265	44.5
9.01102496717675	-1.3797853700871	44.5
9.01801583507722	-1.38701699391287	44.5
9.02500787306434	-1.39425527596997	44.5
9.03200108113813	-1.40150021625838	44.5
9.03899545929857	-1.40875181477811	44.5
9.04599100754567	-1.41601007152916	44.5
9.05298772587942	-1.42327498651154	44.5
9.05998561429984	-1.43054655972523	44.5
9.06698467280691	-1.43782479117024	44.5
9.07398490140063	-1.44510968084658	44.5
9.08098630008101	-1.45240122875423	44.5
9.08798886884805	-1.45969943489321	44.5
9.09499260770175	-1.4670042992635	44.5
9.10199751664211	-1.47431582186511	44.5
9.10900359566912	-1.48163400269805	44.5
9.11601084478279	-1.4889588417623	44.5
9.12301926398311	-1.49629033905788	44.5
9.13002885327009	-1.50362849458477	44.5
9.13703961264373	-1.51097330834299	44.5
9.14405154210402	-1.51832478033252	44.5
9.15106464165098	-1.52568291055338	44.5
9.15807891128459	-1.53304769900555	44.5
9.16509435100485	-1.54041914568905	44.5
9.17211096081178	-1.54779725060386	44.5
9.17912874070536	-1.55518201375	44.5
9.18614769068559	-1.56257343512745	44.5
9.19316781075249	-1.56997151473623	44.5
9.20018910090604	-1.57737625257633	44.5
9.20721156114625	-1.58478764864774	44.5
9.21423519147311	-1.59220570295048	44.5
9.22125999188663	-1.59963041548454	44.5
9.22828596238681	-1.60706178624991	44.5
9.23531310297365	-1.61449981524661	44.5
9.24234141364714	-1.62194450247463	44.5
9.24937089440729	-1.62939584793396	44.5
9.2564015452541	-1.63685385162462	44.5
9.26343336618756	-1.6443185135466	44.5
9.27046635720768	-1.6517898336999	44.5
9.27750051831446	-1.65926781208451	44.5
9.2845358495079	-1.66675244870045	44.5
9.29157235078799	-1.67424374354771	44.5
9.29861002215474	-1.68174169662629	44.5
9.30564886360814	-1.68924630793619	44.5
9.3126888751482	-1.69675757747741	44.5
9.31973005677492	-1.70427550524995	44.5
9.3267724084883	-1.7118000912538	44.5
9.33381593028833	-1.71933133548898	44.5
9.34086062217502	-1.72686923795548	44.5
9.34790648414837	-1.7344137986533	44.5
9.35495351620838	-1.74196501758244	44.5
9.36200171835504	-1.7495228947429	44.5
9.36905109058836	-1.75708743013468	44.5
9.37610163290833	-1.76465862375778	44.5
9.38315334531496	-1.7722364756122	44.5
9.39020622780825	-1.77982098569794	44.5
9.3972602803882	-1.787412154015	44.5
9.4043155030548	-1.79500998056338	44.5
9.41137189580806	-1.80261446534308	44.5
9.41842945864798	-1.8102256083541	44.5
9.42548819157455	-1.81784340959645	44.5
9.43254809458778	-1.82546786907011	44.5
9.43960916768767	-1.83309898677509	44.5
9.44667141087421	-1.84073676271139	44.5
9.45373482414742	-1.84838119687901	44.5
9.46079940750727	-1.85603228927795	44.5
9.46786516095379	-1.86369003990822	44.5
9.47493208448696	-1.8713544487698	44.5
9.48200017810679	-1.8790255158627	44.5
9.48906944181328	-1.88670324118692	44.5
9.49613987560642	-1.89438762474247	44.5
9.50321147948622	-1.90207866652933	44.5
9.51028425345268	-1.90977636654751	44.5
9.51735819750579	-1.91748072479702	44.5
9.52443331164556	-1.92519174127784	44.5
9.53150959587199	-1.93290941598998	44.5
9.53858705018508	-1.94063374893345	44.5
9.54566567458482	-1.94836474010823	44.5
9.55274546907122	-1.95610238951433	44.5
9.55982643364428	-1.96384669715176	44.5
9.56690856830399	-1.9715976630205	44.5
9.57399187305036	-1.97935528712056	44.5
9.58107634788338	-1.98711956945195	44.5
9.58816199280307	-1.99489051001465	44.5
9.59524880780941	-2.00266810880868	44.5
9.60233679290241	-2.01045236583402	44.5
9.60942594808206	-2.01824328109069	44.5
9.61651627334837	-2.02604085457867	44.5
9.62360776870134	-2.03384508629798	44.5
9.63070043414097	-2.04165597624861	44.5
9.63779426966725	-2.04947352443055	44.5
9.64488927528019	-2.05729773084382	44.5
9.65198545097978	-2.0651285954884	44.5
9.65908279676604	-2.07296611836431	44.5
9.66618131263895	-2.08081029947154	44.5
9.67328099859851	-2.08866113881008	44.5
9.68038185464474	-2.09651863637995	44.5
9.68748388077762	-2.10438279218114	44.5
9.69458707699716	-2.11225360621364	44.5
9.70169144330336	-2.12013107847747	44.5
9.70879697969621	-2.12801520897262	44.5
9.71590368617571	-2.13590599769909	44.5
9.72301156274188	-2.14380344465687	44.5
9.7301206093947	-2.15170754984598	44.5
9.73723082613419	-2.15961831326641	44.5
9.74434221296032	-2.16753573491816	44.5
9.75145476987312	-2.17545981480122	44.5
9.75856849687256	-2.18339055291561	44.5
9.76568339395867	-2.19132794926132	44.5
9.77279946113144	-2.19927200383835	44.5
9.77991669839086	-2.2072227166467	44.5
9.78703510573694	-2.21518008768637	44.5
9.79415468316967	-2.22314411695736	44.5
9.80127543068906	-2.23111480445967	44.5
9.80839734829511	-2.2390921501933	44.5
9.81552043598782	-2.24707615415825	44.5
9.82264469376718	-2.25506681635451	44.5
9.8297701216332	-2.2630641367821	44.5
9.83689671958588	-2.27106811544101	44.5
9.84402448762521	-2.27907875233125	44.5
9.85115342575121	-2.28709604745279	44.5
9.85828353396385	-2.29512000080567	44.5
9.86541481226316	-2.30315061238986	44.5
9.87254726064912	-2.31118788220537	44.5
9.87968087912174	-2.3192318102522	44.5
9.88681566768102	-2.32728239653035	44.5
9.89395162632695	-2.33533964103982	44.5
9.90108875505954	-2.34340354378061	44.5
9.90822705387879	-2.35147410475272	44.5
9.91536652278469	-2.35955132395615	44.5
9.92250716177725	-2.36763520139091	44.5
9.92964897085647	-2.37572573705698	44.5
9.93679195002234	-2.38382293095437	44.5
9.94393609927487	-2.39192678308308	44.5
9.95108141861406	-2.40003729344312	44.5
9.95822790803991	-2.40815446203447	44.5
9.96537556755241	-2.41627828885714	44.5
9.97252439715157	-2.42440877391113	44.5
9.97967439683739	-2.43254591719645	44.5
9.98682556660986	-2.44068971871308	44.5
9.99397790646899	-2.44884017846103	44.5
10.0011314164148	-2.45699729644031	44.5
10.0082860964472	-2.4651610726509	44.5
10.0154419465663	-2.47333150709282	44.5
10.0225989667721	-2.48150859976605	44.5
10.0297571570645	-2.4896923506706	44.5
10.0369165174436	-2.49788275980648	44.5
10.0440770479093	-2.50607982717367	44.5
10.0512387484617	-2.51428355277219	44.5
10.0584016191007	-2.52249393660202	44.5
10.0655656598264	-2.53071097866318	44.5
10.0727308706388	-2.53893467895565	44.5
10.0798972515378	-2.54716503747945	44.5
10.0870648025235	-2.55540205423456	44.5
10.0942335235958	-2.563645729221	44.5
10.1014034147548	-2.57189606243875	44.5
10.1085744760004	-2.58015305388783	44.5
10.1157467073327	-2.58841670356823	44.5
10.1229201087517	-2.59668701147994	44.5
10.1300946802573	-2.60496397762298	44.5
10.1372704218496	-2.61324760199734	44.5
10.1444473335285	-2.62153788460301	44.5
10.1516254152941	-2.62983482544001	44.5
10.1588046671463	-2.63813842450833	44.5
10.1659850890852	-2.64644868180796	44.5
10.1731666811108	-2.65476559733892	44.5
10.180349443223	-2.6630891711012	44.5
10.1875333754218	-2.6714194030948	44.5
10.1947184777074	-2.67975629331971	44.5
10.2019047500795	-2.68809984177595	44.5
10.2090921925384	-2.69645004846351	44.5
10.2162808050839	-2.70480691338239	44.5
10.223470587716	-2.71317043653259	44.5
10.2306615404348	-2.7215406179141	44.5
10.2378536632403	-2.72991745752694	44.5
10.2450469561324	-2.7383009553711	44.5
10.2522414191112	-2.74669111144658	44.5
10.2594370521766	-2.75508792575338	44.5
10.2666338553287	-2.7634913982915	44.5
10.2738318285675	-2.77190152906094	44.5
10.2810309718929	-2.7803183180617	44.5
10.288231285305	-2.78874176529378	44.5
10.2954327688037	-2.79717187075718	44.5
10.3026354223891	-2.8056086344519	44.5
10.3098392460611	-2.81405205637794	44.5
10.3170442398198	-2.8225021365353	44.5
10.3242504036651	-2.83095887492398	44.5
10.3314577375972	-2.83942227154398	44.5
10.3386662416158	-2.8478923263953	44.5
10.3458759157211	-2.85636903947794	44.5
10.3530867599131	-2.8648524107919	44.5
10.3602987741918	-2.87334244033718	44.5
10.367511958557	-2.88183912811378	44.5
10.374726313009	-2.89034247412171	44.5
10.3819418375476	-2.89885247836095	44.5
10.3891585321729	-2.90736914083151	44.5
10.3963763968848	-2.91589246153339	44.5
10.4035954316834	-2.92442244046659	44.5
10.4108156365686	-2.93295907763112	44.5
10.4180370115405	-2.94150237302696	44.5
10.425259556599	-2.95005232665412	44.5
10.4324832717442	-2.9586089385126	44.5
10.4397081569761	-2.96717220860241	44.5
10.4469342122946	-2.97574213692353	44.5
10.4541614376998	-2.98431872347597	44.5
10.4613898331916	-2.99290196825974	44.5
10.4686193987701	-3.00149187127482	44.5
10.4758501344353	-3.01008843252122	44.5
10.4830820401871	-3.01869165199895	44.5
10.4903151160255	-3.02730152970799	44.5
10.4975493619506	-3.03591806564836	44.5
10.5047847779624	-3.04454125982004	44.5
10.5120213640608	-3.05317111222304	44.5
10.5192591202459	-3.06180762285737	44.5
10.5264980465177	-3.07045079172301	44.5
10.5337381428761	-3.07910061881998	44.5
10.5409794093211	-3.08775710414826	44.5
10.5482218458529	-3.09642024770787	44.5
10.5554654524712	-3.1050900494988	44.5
10.5627102291763	-3.11376650952104	44.5
10.5699561759679	-3.12244962777461	44.5
10.5772032928463	-3.13113940425949	44.5
10.5844515798113	-3.1398358389757	44.5
10.5917010368629	-3.14853893192322	44.5
10.5989516640013	-3.15724868310207	44.5
10.6062034612262	-3.16596509251224	44.5
10.6134564285379	-3.17468816015372	44.5
10.6207105659361	-3.18341788602653	44.5
10.6279658734211	-3.19215427013066	44.5
10.6352223509927	-3.2008973124661	44.5
10.6424799986509	-3.20964701303287	44.5
10.6497388163959	-3.21840337183096	44.5
10.6569988042274	-3.22716638886037	44.5
10.6642599621456	-3.2359360641211	44.5
10.6715222901505	-3.24471239761314	44.5
10.6787857882421	-3.25349538933651	44.5
10.6860504564203	-3.2622850392912	44.5
10.6933162946851	-3.27108134747721	44.5
10.7005833030366	-3.27988431389454	44.5
10.7078514814748	-3.28869393854319	44.5
10.7151208299996	-3.29751022142315	44.5
10.7223913486111	-3.30633316253444	44.5
10.7296630373093	-3.31516276187705	44.5
10.7369358960941	-3.32399901945098	44.5
10.7442099249655	-3.33284193525623	44.5
10.7514851239236	-3.3416915092928	44.5
10.7587614929684	-3.35054774156069	44.5
10.7660390320998	-3.3594106320599	44.5
10.7733177413179	-3.36828018079043	44.5
10.7805976206226	-3.37715638775228	44.5
10.787878670014	-3.38603925294545	44.5
10.7951608894921	-3.39492877636994	44.5
10.8024442790568	-3.40382495802575	44.5
10.8097288387081	-3.41272779791288	44.5
10.8170145684462	-3.42163729603133	44.5
10.8243014682709	-3.4305534523811	44.5
10.8315895381822	-3.4394762669622	44.5
10.8388787781802	-3.44840573977461	44.5
10.8461691882648	-3.45734187081834	44.5
10.8534607684361	-3.46628466009339	44.5
10.8607535186941	-3.47523410759976	44.5
10.8680474390387	-3.48419021333745	44.5
10.87534252947	-3.49315297730647	44.5
10.8826387899879	-3.5021223995068	44.5
10.8899362205925	-3.51109847993845	44.5
10.8972348212838	-3.52008121860142	44.5
10.9045345920617	-3.52907061549572	44.5
10.9118355329263	-3.53806667062133	44.5
10.9191376438775	-3.54706938397826	44.5
10.9264409249154	-3.55607875556652	44.5
10.9337453760399	-3.56509478538609	44.5
10.940945996475	-3.57381587196787	44.5
10.9483097166117	-3.5823996888092	44.5
10.9558339201554	-3.59084318612083	44.5
10.9635159337922	-3.59914336396837	44.5
10.9713530281394	-3.60729727333814	44.5
10.9793424187147	-3.61530201718498	44.5
10.9874812669256	-3.62315475146151	44.5
10.995766681078	-3.63085268612864	44.5
11.0041957174039	-3.63839308614683	44.5
11.0127653811068	-3.64577327244786	44.5
11.0214726274258	-3.65299062288669	44.5
11.0303143627179	-3.66004257317306	44.5
11.0392874455567	-3.66692661778261	44.5
11.0483886878485	-3.67364031084709	44.5
11.0576148559652	-3.6801812670233	44.5
11.0669626718933	-3.68654716234067	44.5
11.0764288143983	-3.6927357350269	44.5
11.0860099202048	-3.69874478631158	44.5
11.0957025851916	-3.70457218120741	44.5
11.1055033656009	-3.71021584926873	44.5
11.1154087792621	-3.71567378532714	44.5
11.1254153068289	-3.72094405020395	44.5
11.1355193930298	-3.72602477139916	44.5
11.1457174479309	-3.7309141437567	44.5
11.156005848212	-3.73561043010587	44.5
11.1663809384534	-3.74011196187848	44.5
11.176839032435	-3.74441713970173	44.5
11.1873764144458	-3.74852443396644	44.5
11.197989340604	-3.75243238537051	44.5
11.2086740401877	-3.75613960543743	44.5
11.2194267169739	-3.75964477700954	44.5
11.2302435505877	-3.76294665471609	44.5
11.2411206978596	-3.76604406541564	44.5
11.2520542941911	-3.76893590861293	44.5
11.2630404549274	-3.77162115684983	44.5
11.2740752767379	-3.77409885607043	44.5
11.285154839003	-3.77636812596	44.5
11.2962752052069	-3.77842816025775	44.5
11.3074324243365	-3.7802782270433	44.5
11.318622532285	-3.78191766899673	44.5
11.3298415532603	-3.78334590363213	44.5
11.3410855011977	-3.78456242350453	44.5
11.3523503811759	-3.78556679639021	44.5
11.3636321908368	-3.78635866544027	44.5
11.3749269218071	-3.7869377493074	44.5
11.3862305611228	-3.78730384224587	44.5
11.3975390926545	-3.78745681418459	44.5
11.4088484985348	-3.78739661077336	44.5
11.4201547605858	-3.78712325340218	44.5
11.4314538617463	-3.7866368391936	44.5
11.4427417874995	-3.78593754096829	44.5
11.4540145272991	-3.78502560718358	44.5
11.4652680759944	-3.78390136184519	44.5
11.476498435253	-3.78256520439214	44.5
11.4877016149819	-3.78101760955481	44.5
11.4988736347445	-3.77925912718628	44.5
11.5100105251755	-3.77729038206696	44.5
11.5211083293908	-3.77511207368261	44.5
11.5321631043933	-3.77272497597584	44.5
11.5431709224741	-3.7701299370711	44.5
11.5541278726079	-3.76732787897334	44.5
11.5650300618424	-3.76431979724047	44.5
11.5758736166818	-3.7611067606296	44.5
11.5866546844627	-3.75768991071735	44.5
11.5973694347229	-3.75407046149422	44.5
11.6080140605627	-3.75024969893327	44.5
11.6185847799973	-3.74622898053327	44.5
11.6290778373004	-3.7420097348363	44.5
11.6394895043387	-3.73759346092028	44.5
11.6498160818965	-3.7329817278663	44.5
11.6600539009899	-3.72817617420115	44.5
11.6701993241705	-3.72317850731517	44.5
11.6802487468179	-3.71799050285561	44.5
11.6901985984199	-3.71261400409574	44.5
11.7000453438417	-3.70705092127998	44.5
11.7097854845816	-3.70130323094516	44.5
11.7194155600139	-3.69537297521829	44.5
11.7289321486186	-3.68926226109099	44.5
11.7383318691972	-3.6829732596709	44.5
11.7476113820737	-3.67650820541026	44.5
11.7567673902813	-3.66986939531209	44.5
11.7657966407339	-3.66305918811398	44.5
11.7746959253819	-3.65608000345014	44.5
11.7834620823517	-3.64893432099164	44.5
11.7920919970696	-3.64162467956544	44.5
11.8005826033679	-3.63415367625232	44.5
11.8089308845747	-3.62652396546419	44.5
11.8171338745853	-3.61873825800097	44.5
11.8251886589166	-3.61079932008744	44.5
11.8330923757419	-3.60270997239044	44.5
11.8408422169083	-3.5944730890167	44.5
11.8484354289342	-3.58609159649164	44.5
11.8558693139874	-3.57756847271966	44.5
11.8631412308441	-3.56890674592605	44.5
11.8702485958267	-3.56010949358109	44.5
11.8771888837224	-3.55117984130666	44.5
11.8839596286799	-3.54212096176568	44.5
11.8905584250858	-3.53293607353493	44.5
11.8969829284191	-3.52362843996145	44.5
11.9032308560844	-3.51420136800314	44.5
11.9092999882226	-3.50465820705377	44.5
11.9151881685002	-3.49500234775299	44.5
11.9208933048746	-3.48523722078163	44.5
11.9264133703381	-3.47536629564281	44.5
11.9317464036377	-3.46539307942923	44.5
11.9368905099721	-3.45532111557711	44.5
11.9418438616647	-3.44515398260726	44.5
11.9466046988133	-3.43489529285361	44.5
11.9511713299152	-3.42454869117978	44.5
11.955542132468	-3.41411785368407	44.5
11.9597155535465	-3.40360648639339	44.5
11.9636901103539	-3.39301832394648	44.5
11.9674643907492	-3.38235712826704	44.5
11.9710370537484	-3.37162668722713	44.5
11.9744068300016	-3.36083081330135	44.5
11.9775725222432	-3.34997334221232	44.5
11.9805330057177	-3.3390581315678	44.5
11.9832872285797	-3.32808905949017	44.5
11.9858342122667	-3.3170700232385	44.5
11.9881730518476	-3.3060049378239	44.5
11.9903029163438	-3.29489773461854	44.5
11.9922230490247	-3.28375235995883	44.5
11.9939327676762	-3.27257277374331	44.5
11.9954314648434	-3.26136294802573	44.5
11.9967186080464	-3.25012686560379	44.5
11.9977937399693	-3.23886851860408	44.5
11.9986564786228	-3.22759190706367	44.5
11.99930651748	-3.21630103750896	44.5
11.9997436255853	-3.20499992153213	44.5
11.9999676476361	-3.19369257436587	44.5
11.9999785040386	-3.1823830134568	44.5
11.9997761909354	-3.17107525703805	44.5
11.9993607802075	-3.15977332270163	44.5
11.9987324194483	-3.148481225971	44.5
11.9978913319115	-3.13720297887436	44.5
11.9968378164313	-3.12594258851921	44.5
11.9955722473168	-3.1147040556686	44.5
11.9940950742188	-3.10349137331976	44.5
11.9924068219698	-3.09230852528533	44.5
11.9905080903977	-3.08115948477797	44.5
11.9883995541129	-3.07004821299869	44.5
11.9860819622682	-3.05897865772943	44.5
11.9835561382931	-3.04795475193049	44.5
11.9808229796007	-3.03698041234309	44.5
11.9778834572693	-3.02605953809783	44.5
11.9747386156971	-3.01519600932934	44.5
11.9713895722316	-3.00439368579766	44.5
11.9678375167717	-2.99365640551691	44.5
11.9640837113459	-2.98298798339163	44.5
11.9601294896635	-2.97239220986141	44.5
11.9559762566405	-2.96187284955414	44.5
11.9516254879009	-2.95143363994844	44.5
11.947078729252	-2.94107829004577	44.5
11.9423375961356	-2.93081047905266	44.5
11.9374037730538	-2.92063385507345	44.5
11.9322790129702	-2.91055203381419	44.5
11.9269651366879	-2.90056859729796	44.5
11.9214640322017	-2.89068709259222	44.5
11.9157776540279	-2.88091103054854	44.5
11.9099080225095	-2.87124388455522	44.5
11.9038572230988	-2.86168908930319	44.5
11.8976274056158	-2.85225003956572	44.5
11.8912207834851	-2.84293008899223	44.5
11.8846396329491	-2.83373254891677	44.5
11.8778862922592	-2.82466068718155	44.5
11.8709631608451	-2.81571772697584	44.5
11.8398453351135	-2.77721038751324	44.5
11.8134071344344	-2.7445562251283	44.5
11.7870065924109	-2.71194865632111	44.5
11.7606443733016	-2.67938850068715	44.5
11.7343211374125	-2.64687657294339	44.5
11.7080375410971	-2.61441368292819	44.5
11.6817942367561	-2.58200063560132	44.5
11.6555918728379	-2.54963823104402	44.5
11.6294310938382	-2.5173272644589	44.5
11.6033125403003	-2.48506852617003	44.5
11.5772368488147	-2.45286280162289	44.5
11.5512046520196	-2.42071087138438	44.5
11.5252165786005	-2.38861351114284	44.5
11.4992732532904	-2.35657149170801	44.5
11.4733752968696	-2.32458557901106	44.5
11.447523326166	-2.2926565341046	44.5
11.421717954055	-2.26078511316265	44.5
11.3959597894592	-2.22897206748065	44.5
11.3702494373489	-2.19721814347548	44.5
11.3445874987416	-2.16552408268542	44.5
11.3189745707025	-2.13389062177018	44.5
11.293411246344	-2.10231849251092	44.5
11.2678981148262	-2.0708084218102	44.5
11.2424357613564	-2.03936113169198	44.5
11.2170247671894	-2.00797733930169	44.5
11.1916657096276	-1.97665775690616	44.5
11.1663591620207	-1.94540309189364	44.5
11.1411056937658	-1.91421404677382	44.5
11.1159058703076	-1.88309131917779	44.5
11.0907602531382	-1.85203560185808	44.5
11.0656693997969	-1.82104758268865	44.5
11.0406338638709	-1.79012794466486	44.5
11.0156541949944	-1.75927736590351	44.5
10.9907309388494	-1.72849651964282	44.5
10.965864637165	-1.69778607424243	44.5
10.941055827718	-1.66714669318342	44.5
10.9163050443326	-1.63657903506826	44.5
10.8916128168804	-1.60608375362088	44.5
10.8669796712804	-1.57566149768661	44.5
10.8424061294991	-1.54531291123221	44.5
10.8178927095504	-1.51503863334586	44.5
10.7934399254958	-1.48483929823719	44.5
10.769048287444	-1.45471553523719	44.5
10.7447183015513	-1.42466796879834	44.5
10.7204504700215	-1.39469721849452	44.5
10.6962452911056	-1.36480389902101	44.5
10.6721032591023	-1.33498862019456	44.5
10.6480248643577	-1.3052519869533	44.5
10.6240105932651	-1.2755945993568	44.5
10.6000609282655	-1.24601705258607	44.5
10.5761763478473	-1.21651993694351	44.5
10.5523573265463	-1.18710383785298	44.5
10.5286043349457	-1.15776933585972	44.5
10.5049178396763	-1.12851700663044	44.5
10.4812983034162	-1.09934742095323	44.5
10.457746184891	-1.07026114473765	44.5
10.4342619388736	-1.04125873901464	44.5
10.4108460161846	-1.01234075993658	44.5
10.3874988636919	-0.983507758777293	44.5
10.3642209243109	-0.954760281931989	44.5
10.3410126370042	-0.926098870917331	44.5
10.3178744367823	-0.89752406237139	44.5
10.2948067547027	-0.86903638805366	44.5
10.2718100178706	-0.840636374845067	44.5
10.2488846494386	-0.81232454474796	44.5
10.2260310686067	-0.784101414886102	44.5
10.2032496906223	-0.755967497504687	44.5
10.1805409267804	-0.727923299970335	44.5
10.1579051844233	-0.699969324771077	44.5
10.1353428669407	-0.67210606951638	44.5
10.11285437377	-0.644334026937138	44.5
10.0904401003958	-0.616653684885643	44.5
10.0681004383501	-0.58906552633564	44.5
10.0458357752127	-0.561570029382278	44.5
10.0236464946104	-0.534167667242139	44.5
10.0015329762177	-0.506858908253231	44.5
9.97949559575657	-0.479644215874972	44.5
9.95753472499628	-0.452524048688216	44.5
9.93565073175361	-0.425498860395239	44.5
9.9138439798928	-0.398569099819731	44.5
9.8921148293255	-0.371735210906818	44.5
9.87046363601083	-0.344997632723041	44.5
9.84889075195532	-0.318356799456361	44.5
9.82739652521298	-0.291813140416174	44.5
9.80598129988524	-0.265367080033297	44.5
9.78464541612099	-0.239019037859958	44.5
9.76338921011654	-0.212769428569822	44.5
9.74221301411568	-0.186618661957977	44.5
9.72111715640959	-0.160567142940922	44.5
9.70010196133695	-0.134615271556598	44.5
9.67916774928383	-0.108763442964346	44.5
9.6583148366838	-0.0830120474449489	44.5
9.63754353601782	-0.0573614704006125	44.5
9.61685415581432	-0.0318120923549516	44.5
9.59624700064917	-0.0063642889530211	44.5
9.57572237114569	0.018981569038707	44.5
9.55528056397464	0.0442251157323454	44.5
9.53492187185419	0.0693659901185719	44.5
9.51464658355002	0.0944038360666424	44.5
9.49445498387519	0.119338302324395	44.5
9.47434735369024	0.144169042518247	44.5
9.45432396990314	0.168895715153178	44.5
9.4343851054693	0.193517983612761	44.5
9.41453102939158	0.218035516159133	44.5
9.39476200672028	0.24244798593301	44.5
9.37507829855315	0.266755070953695	44.5
9.35548016203538	0.290956454119051	44.5
9.3359678503596	0.315051823205533	44.5
9.31654161276587	0.339040870868159	44.5
9.29720169454173	0.362923294640534	44.5
9.27794833702213	0.386698796934839	44.5
9.25878177758947	0.410367085041827	44.5
9.2397022496736	0.433927871130822	44.5
9.22070998275181	0.457380872249741	44.5
9.20180520234883	0.480725810325064	44.5
9.18298813003686	0.503962412161849	44.5
9.16425898343549	0.527090409443739	44.5
9.14561797621179	0.550109538732947	44.5
9.12706531808029	0.573019541470255	44.5
9.10860121480291	0.595820163975044	44.5
9.09022586818906	0.618511157445251	44.5
9.07193947609556	0.641092277957394	44.5
9.05374223242671	0.663563286466574	44.5
9.03563432713422	0.685923948806463	44.5
9.01761594621726	0.708174035689312	44.5
8.99968727172244	0.73031332270595	44.5
8.98184848174381	0.752341590325771	44.5
8.96409975042286	0.774258623896767	44.5
8.94644124794854	0.796064213645487	44.5
8.92887314055723	0.817758154677064	44.5
8.91139559053275	0.839340246975213	44.5
8.89400875620636	0.860810295402217	44.5
8.87671279195679	0.882168109698938	44.5
8.85950784821019	0.903413504484818	44.5
8.84239407144014	0.924546299257873	44.5
8.82537160416771	0.945566318394691	44.5
8.80844058496137	0.966473391150447	44.5
8.79160114843704	0.987267351658884	44.5
8.7748534252581	1.00794803893232	44.5
8.75819754213536	1.02851529686167	44.5
8.74163362182709	1.04896897421639	44.5
8.72516178313897	1.06930892464455	44.5
8.70878214092416	1.08953500667276	44.5
8.69249480608324	1.10964708370624	44.5
8.67629988556423	1.12964502402877	44.5
8.66019748236263	1.14952870080271	44.5
8.64418769552134	1.16929799206898	44.5
8.62827062013071	1.18895278074711	44.5
8.61244634732856	1.20849295463518	44.5
8.59671496430014	1.22791840640985	44.5
8.58107655427811	1.24722903362638	44.5
8.56553119654263	1.26642473871857	44.5
8.55007896642128	1.28550542899882	44.5
8.53471993528905	1.30447101665811	44.5
8.51945417056843	1.32332141876598	44.5
8.50428173572931	1.34205655727055	44.5
8.48920269028905	1.36067635899852	44.5
8.47421708981244	1.37918075565518	44.5
8.4593249859117	1.39756968382438	44.5
8.44452642624652	1.41584308496855	44.5
8.42982145452403	1.43400090542869	44.5
8.41521011049878	1.4520430964244	44.5
8.40069242997278	1.46996961405382	44.5
8.38626844479549	1.48778041929371	44.5
8.3719381828638	1.50547547799936	44.5
8.35770166812205	1.52305476090469	44.5
8.34355892056201	1.54051824362213	44.5
8.32950995622292	1.55786590664276	44.5
8.31555478719144	1.57509773533618	44.5
8.30169342160168	1.59221371995059	44.5
8.28792586363519	1.60921385561276	44.5
8.27425211352097	1.62609814232805	44.5
8.26067216753546	1.64286658498038	44.5
8.24718601800255	1.65951919333226	44.5
8.23379365329356	1.67605598202475	44.5
8.22049505782726	1.69247697057753	44.5
8.20729021206987	1.70878218338882	44.5
8.19417909253504	1.72497164973544	44.5
8.18116167178386	1.74104540377276	44.5
8.16823791842489	1.75700348453476	44.5
8.15540779711411	1.77284593593397	44.5
8.14267126855495	1.7885728067615	44.5
8.13002828949827	1.80418415068706	44.5
8.11747881274241	1.8196800262589	44.5
8.1050227871331	1.83506049690388	44.5
8.09266015756357	1.85032563092742	44.5
8.08039086497445	1.86547550151351	44.5
8.06821484635382	1.88051018672473	44.5
8.05613203473723	1.89542976950224	44.5
8.04414235920764	1.91023433766576	44.5
8.03224574489548	1.9249239839136	44.5
8.02044211297861	1.93949880582263	44.5
8.00873138068232	1.95395890584833	44.5
7.99711346127938	1.96830439132472	44.5
7.98558826408996	1.98253537446441	44.5
7.97415569448171	1.99665197235859	44.5
7.9628156538697	2.01065430697704	44.5
7.95156803971645	2.02454250516808	44.5
7.94041274553193	2.03831669865864	44.5
7.92934966087353	2.05197702405421	44.5
7.91837867134613	2.06552362283887	44.5
7.90749965860199	2.07895664137525	44.5
7.89671250034087	2.09227623090459	44.5
7.88601707030995	2.10548254754669	44.5
7.87541323830384	2.11857575229992	44.5
7.86490087016461	2.13155601104124	44.5
7.85447982778178	2.14442349452618	44.5
7.84414996909228	2.15717837838885	44.5
7.83391114808053	2.16982084314192	44.5
7.82376321477836	2.18235107417667	44.5
7.81370601526505	2.19476926176292	44.5
7.80373939166733	2.2070756010491	44.5
7.79386318215936	2.21927029206219	44.5
7.78407722096276	2.23135353970775	44.5
7.7743813383466	2.24332555376994	44.5
7.76477536062735	2.25518654891147	44.5
7.75525911016896	2.26693674467364	44.5
7.74583240538282	2.27857636547633	44.5
7.73649506072776	2.29010564061797	44.5
7.72724688671005	2.30152480427561	44.5
7.7180876898834	2.31283409550484	44.5
7.70901727284897	2.32403375823983	44.5
7.70003543425537	2.33512404129336	44.5
7.69114196879863	2.34610519835675	44.5
7.68233666722225	2.3569774879999	44.5
7.67361931631714	2.36774117367132	44.5
7.6649896989217	2.37839652369805	44.5
7.65644759392173	2.38894381128574	44.5
7.6479927762505	2.3993833145186	44.5
7.63962501688871	2.40971531635944	44.5
7.6313440828645	2.4199401046496	44.5
7.62314973725347	2.43005797210905	44.5
7.61504173917864	2.4400692163363	44.5
7.60701984381051	2.44997413980845	44.5
7.59908380236698	2.45977304988118	44.5
7.59123336211341	2.46946625878874	44.5
7.58346826636261	2.47905408364395	44.5
7.57578825447485	2.48853684643823	44.5
7.56819306185779	2.49791487404155	44.5
7.56068241996659	2.50718849820248	44.5
7.55325605630382	2.51635805554814	44.5
7.54591369441949	2.52542388758426	44.5
7.53865505391109	2.53438634069511	44.5
7.53147985042351	2.54324576614356	44.5
7.52438779564911	2.55200252007106	44.5
7.51737859732768	2.56065696349761	44.5
7.51045195924647	2.56920946232183	44.5
7.50360758124014	2.57766038732087	44.5
7.49684515919084	2.58601011415048	44.5
7.49016438502811	2.594259023345	44.5
7.48356494672898	2.60240750031731	44.5
7.4770465283179	2.6104559353589	44.5
7.47060880986677	2.61840472363982	44.5
7.46425146749493	2.6262542652087	44.5
7.45177659570369	2.64165723279776	44.5
7.43961924284777	2.65666813608665	44.5
7.42777667558985	2.67129035109316	44.5
7.4162460973517	2.68552733189234	44.5
7.4050246483142	2.69938261061643	44.5
7.39410940541729	2.71285979745491	44.5
7.38349738236002	2.72596258065449	44.5
7.37318552960054	2.73869472651909	44.5
7.36317073435606	2.75106007940987	44.5
7.35344982060292	2.76306256174522	44.5
7.34401954907652	2.77470617400073	44.5
7.33487661727137	2.78599499470924	44.5
7.32601765944107	2.79693318046081	44.5
7.3174392465983	2.80752496590272	44.5
7.30913788651484	2.81777466373947	44.5
7.30111002372157	2.82768666473281	44.5
7.29335203950844	2.83726543770168	44.5
7.2858602519245	2.84651552952228	44.5
7.27863091577791	2.85544156512801	44.5
7.27166022263589	2.86404824750952	44.5
7.26494430082478	2.87234035771465	44.5
7.25847921543	2.8803227548485	44.5
7.24924314236086	2.89172645992695	44.5
7.24054867998414	2.90246142973161	44.5
7.2323817475704	2.91254505165389	44.5
7.22472794423307	2.92199510824993	44.5
7.21757254892849	2.93082977724057	44.5
7.2109005204559	2.93906763151133	44.5
7.20272978984511	2.94915589995366	44.5
7.19535373459535	2.95826298506658	44.5
7.18873404537184	2.96643618987115	44.5
7.18146307384899	2.97541351144952	44.5
7.17410527756393	2.98449802463751	44.5
7.16722743499671	2.99298994220822	44.5
7.16072409975756	3.00101946020485	44.5
7.15441795483022	3.00880551126478	44.5
7.14794549907472	3.0167969024462	44.5
7.14122309843887	3.02507985084705	44.5
7.13484147412754	3.03288103147128	44.5
7.12783129987066	3.04137144468517	44.5
7.121114887355	3.04943199116641	44.5
7.11439402916651	3.05743016368688	44.5
7.10671813622324	3.06648765099472	44.5
7.09954824320787	3.0748784509128	44.5
7.09163852618414	3.08406184864384	44.5
7.0847552583569	3.09199439418823	44.5
7.07735965591297	3.10045912231962	44.5
7.06943482386955	3.10946567263902	44.5
7.06096409233483	3.11902281227225	44.5
7.05424289610423	3.12655677316322	44.5
7.04719852203304	3.13440790766655	44.5
7.03982418678133	3.14257894821539	44.5
7.03211317822937	3.15107235118633	44.5
7.02405885547759	3.15989029689933	44.5
7.01565464884664	3.16903468961781	44.5
7.00689405987736	3.17850715754857	44.5
6.99777066133078	3.18830905284183	44.5
6.98827809718811	3.19844145159123	44.5
6.97841008265078	3.20890515383382	44.5
6.9681604041404	3.21970068355005	44.5
6.9611122133987	3.22708218574924	44.5
6.95388986044937	3.23461128799097	44.5
6.94649155698784	3.24228794104236	44.5
6.93891552877773	3.25011204114082	44.5
6.93116001565084	3.25808342999406	44.5
6.92322327150717	3.2662018947801	44.5
6.91510356431491	3.27446716814726	44.5
6.9067991761104	3.28287892821418	44.5
6.8983084029982	3.29143679856979	44.5
6.88962955515106	3.30014034827331	44.5
6.8807609568099	3.3089890918543	44.5
6.87170094628382	3.31798248931258	44.5
6.86244787595013	3.32711994611831	44.5
6.8530001122543	3.33640081321194	44.5
6.84335603571001	3.34582438700422	44.5
6.83351404089911	3.3553899093762	44.5
6.82347253647165	3.36509656767925	44.5
6.81322994514585	3.37494349473504	44.5
6.80278470370812	3.38492976883552	44.5
6.79213526301307	3.39505441374298	44.5
6.78128008798349	3.40531639868999	44.5
6.77021765761034	3.41571463837943	44.5
6.75894646495278	3.42624799298448	44.5
6.74746501713817	3.43691526814862	44.5
6.73577183536203	3.44771521498566	44.5
6.72386545488808	3.45864653007968	44.5
6.71174442504823	3.46970785548508	44.5
6.69940730924257	3.48089777872657	44.5
6.68685268493937	3.49221483279915	44.5
6.6740791436751	3.50365749616813	44.5
6.6610852910544	3.51522419276912	44.5
6.64786974675011	3.52691329200803	44.5
6.63443114450326	3.5387231087611	44.5
6.62076813212305	3.55065190337485	44.5
6.60687937148688	3.56269788166609	44.5
6.59276353854033	3.57485919492197	44.5
6.57841932329716	3.58713393989992	44.5
6.56384542983933	3.59952015882768	44.5
6.54904057631697	3.61201583940329	44.5
6.53400349494842	3.6246189147951	44.5
6.51873293202019	3.63732726364177	44.5
6.51100970703249	3.64372023777478	44.5
6.50322764788696	3.65013871005223	44.5
6.49538660182609	3.65658239996747	44.5
6.48748641697164	3.66305102360576	44.5
6.47952694232461	3.66954429364422	44.5
6.47150802776528	3.6760619193519	44.5
6.4634295240532	3.68260360658973	44.5
6.45529128282715	3.68916905781054	44.5
6.44709315660521	3.69575797205904	44.5
6.4388349987847	3.70237004497183	44.5
6.43051666364219	3.70900496877744	44.5
6.42213800633353	3.71566243229626	44.5
6.41369888289384	3.72234212094058	44.5
6.40519915023749	3.72904371671459	44.5
6.3966386661581	3.73576689821438	44.5
6.38801728932856	3.74251134062791	44.5
6.37933487930103	3.74927671573506	44.5
6.37059129650694	3.7560626919076	44.5
6.36178640225694	3.76286893410918	44.5
6.35292005874099	3.76969510389535	44.5
6.34399212902829	3.77654085941356	44.5
6.33500247706729	3.78340585540315	44.5
6.32595096768573	3.79028974319535	44.5
6.31683746659058	3.7971921707133	44.5
6.3076618403681	3.804112782472	44.5
6.29842395648379	3.81105121957839	44.5
6.28912368328243	3.81800711973126	44.5
6.27976088998804	3.82498011722132	44.5
6.27033544670392	3.83196984293118	44.5
6.26084722441264	3.83897592433532	44.5
6.251296094976	3.84599798550012	44.5
6.24168193113508	3.85303564708387	44.5
6.23200460651022	3.86008852633675	44.5
6.22226399560103	3.86715623710081	44.5
6.21245997378637	3.87423838981002	44.5
6.20259241732437	3.88133459149024	44.5
6.19266120335241	3.88844444575921	44.5
6.18266620988714	3.89556755282659	44.5
6.17260731582448	3.90270350949389	44.5
6.16248440093959	3.90985190915457	44.5
6.15229734588691	3.91701234179395	44.5
6.14204603220013	3.92418439398923	44.5
6.13173034229221	3.93136764890955	44.5
6.12135015945537	3.93856168631589	44.5
6.1109053678611	3.94576608256118	44.5
6.10039585256012	3.9529804105902	44.5
6.08982149948245	3.96020423993963	44.5
6.07918219543735	3.96743713673808	44.5
6.06847782811334	3.974678663706	44.5
6.05770828607823	3.98192838015578	44.5
6.04687345877905	3.98918584199168	44.5
6.03597323654212	3.99645060170986	44.5
6.025007510573	4.00372220839837	44.5
6.01397617295655	4.01100020773715	44.5
6.00287911665685	4.01828414199807	44.5
5.99171623551726	4.02557355004483	44.5
5.9804874242604	4.03286796733308	44.5
5.96919257848816	4.04016692591034	44.5
5.95783159468167	4.04746995441602	44.5
5.94640437020135	4.05477657808145	44.5
5.93491080328685	4.06208631872981	44.5
5.92335079305711	4.06939869477622	44.5
5.91172423951031	4.07671322122766	44.5
5.90003104352392	4.08402940968302	44.5
5.88827110685463	4.09134676833309	44.5
5.87644433213843	4.09866480196054	44.5
5.86455062289055	4.10598301193993	44.5
5.8525898835055	4.11330089623773	44.5
5.84056201925702	4.1206179494123	44.5
5.82846693629815	4.1279336626139	44.5
5.81630454166115	4.13524752358465	44.5
5.80407474325759	4.14255901665861	44.5
5.79177744987827	4.1498676227617	44.5
5.77941257119325	4.15717281941176	44.5
5.76698001775185	4.1644740807185	44.5
5.75447970098269	4.17177087738354	44.5
5.7419115331936	4.17906267670039	44.5
5.7292754275717	4.18634894255445	44.5
5.71657129818337	4.19362913542302	44.5
5.70379905997425	4.20090271237529	44.5
5.69095862876923	4.20816912707234	44.5
5.67804992127248	4.21542782976716	44.5
5.66507285506741	4.22267826730461	44.5
5.65202734861672	4.22991988312146	44.5
5.63891332126235	4.23715211724638	44.5
5.6257306932255	4.24437440629991	44.5
5.61247938560665	4.25158618349452	44.5
5.59915932038552	4.25878687863453	44.5
5.58577042042112	4.26597591811619	44.5
5.57231260945168	4.27315272492762	44.5
5.55878581209474	4.28031671864887	44.5
5.54518995384707	4.28746731545182	44.5
5.53152496108469	4.29460392810032	44.5
5.51779076106293	4.30172596595005	44.5
5.50398728191634	4.30883283494863	44.5
5.49011445265874	4.31592393763554	44.5
5.47617220318321	4.32299867314218	44.5
5.46216046426212	4.33005643719182	44.5
5.44807916754705	4.33709662209964	44.5
5.4339282455689	4.34411861677272	44.5
5.41970763173778	4.35112180671002	44.5
5.40541726034309	4.3581055740024	44.5
5.39105706655349	4.36506929733261	44.5
5.3766269864169	4.37201235197529	44.5
5.36212695686048	4.37893410979699	44.5
5.3475569156907	4.38583393925614	44.5
5.33291680159323	4.39271120540307	44.5
5.31820655413306	4.39956526988001	44.5
5.3034261137544	4.40639549092106	44.5
5.28857542178075	4.41320122335224	44.5
5.27365442041484	4.41998181859146	44.5
5.25866305273869	4.42673662464851	44.5
5.24360126271358	4.43346498612508	44.5
5.22846899518003	4.44016624421476	44.5
5.21326619585785	4.44683973670304	44.5
5.19799281134608	4.45348479796728	44.5
5.18264878912305	4.46010075897676	44.5
5.16723407754634	4.46668694729262	44.5
5.15174862585279	4.47324268706795	44.5
5.1361923841585	4.47976729904767	44.5
5.12056530345883	4.48626010056865	44.5
5.10486733562842	4.4927204055596	44.5
5.08909843342116	4.49914752454118	44.5
5.07325855047018	4.5055407646259	44.5
5.05734764128791	4.51189942951818	44.5
5.04136566126602	4.51822281951434	44.5
5.02531256667544	4.52451023150259	44.5
5.00918831466636	4.53076095896302	44.5
4.99299286326826	4.53697429196764	44.5
4.97672617138984	4.54314951718033	44.5
4.96038819881909	4.54928591785688	44.5
4.94397890622325	4.55538277384497	44.5
4.92749825514883	4.56143936158417	44.5
4.91094620802159	4.56745495410594	44.5
4.89432272814656	4.57342882103364	44.5
4.87762777970803	4.57936022858254	44.5
4.86086132776955	4.58524843955977	44.5
4.84402333827394	4.59109271336438	44.5
4.82711377804327	4.5968923059873	44.5
4.81013261477887	4.60264647001137	44.5
4.79307981706134	4.6083544546113	44.5
4.77595535435055	4.61401550555373	44.5
4.75875919698562	4.61962886519715	44.5
4.74149131618492	4.62519377249197	44.5
4.7241516840461	4.6307094629805	44.5
4.70674027354606	4.63617516879693	44.5
4.68925705854099	4.64159011866734	44.5
4.6717020137663	4.64695353790971	44.5
4.65407511483668	4.65226464843394	44.5
4.63637633824609	4.65752266874177	44.5
4.61860566136775	4.66272681392688	44.5
4.60076306245412	4.66787629567482	44.5
4.58284852063695	4.67297032226305	44.5
4.56486201592724	4.67800809856091	44.5
4.54680352921524	4.68298882602965	44.5
4.52867304227048	4.68791170272239	44.5
4.51047053774175	4.69277592328416	44.5
4.49219599915708	4.69758067895188	44.5
4.47384941092379	4.70232515755437	44.5
4.45543075832844	4.70700854351235	44.5
4.43694002753687	4.7116300178384	44.5
4.41837720559417	4.71618875813704	44.5
4.39974228042469	4.72068393860465	44.5
4.38103524083205	4.72511473002952	44.5
4.36225607649913	4.72948029979182	44.5
4.34340477798805	4.73377981186363	44.5
4.32448133674024	4.73801242680892	44.5
4.30548574507634	4.74217730178355	44.5
4.28641799619628	4.74627359053528	44.5
4.26727808417925	4.75030044340375	44.5
4.24806600398369	4.7542570073205	44.5
4.22878175144731	4.75814242580899	44.5
4.20942532328709	4.76195583898452	44.5
4.18999671709925	4.76569638355434	44.5
4.17049593135929	4.76936319281757	44.5
4.15092296542196	4.7729553966652	44.5
4.13127781952129	4.77647212158016	44.5
4.11156049477054	4.77991249063724	44.5
4.09177099316226	4.78327562350314	44.5
4.07190931756826	4.78656063643645	44.5
4.05197547173959	4.78976664228764	44.5
4.03196946030658	4.79289275049911	44.5
4.01189128877881	4.79593806710511	44.5
3.99174096354515	4.79890169473182	44.5
3.97151849187369	4.80178273259729	44.5
3.9512238819118	4.80458027651148	44.5
3.93085714268613	4.80729341887623	44.5
3.91041828410256	4.80992124868529	44.5
3.88990731694626	4.81246285152429	44.5
3.86932425288164	4.81491730957075	44.5
3.84866910445237	4.81728370159411	44.5
3.82794188508142	4.81956110295568	44.5
3.80714260907096	4.82174858560867	44.5
3.78627129160248	4.82384521809818	44.5
3.76532794873669	4.82585006556122	44.5
3.74431259741359	4.82776218972667	44.5
3.72322525545243	4.82958064891533	44.5
3.70206594155171	4.83130449803987	44.5
3.68083467528921	4.83293278860488	44.5
3.65953147712196	4.83446456870681	44.5
3.63815636838627	4.83589888303404	44.5
3.61670937129769	4.83723477286681	44.5
3.59519050895103	4.83847127607728	44.5
3.57359980532038	4.8396074271295	44.5
3.55193728525909	4.8406422570794	44.5
3.53020297449975	4.84157479357482	44.5
3.50839689965424	4.84240406085548	44.5
3.48651908821368	4.843129079753	44.5
3.46456956854846	4.8437488676909	44.5
3.44254836990823	4.84426243868459	44.5
3.4204555224219	4.84466880334137	44.5
3.39829105709766	4.84496696886043	44.5
3.37605500582293	4.84515593903288	44.5
3.35374740136441	4.84523471424168	44.5
3.33136827736807	4.84520229146172	44.5
3.30891766835912	4.84505766425978	44.5
3.28639560974205	4.84479982279452	44.5
3.26380213780059	4.8444277538165	44.5
3.24113728969776	4.84394044066817	44.5
3.21840110347583	4.84333686328389	44.5
3.19559361805632	4.8426159981899	44.5
3.17271487324002	4.84177681850432	44.5
3.14976490970699	4.8408182939372	44.5
3.12674376901654	4.83973939079046	44.5
3.10365149360725	4.83853907195791	44.5
3.08048812679695	4.83721629692528	44.5
3.05725371278274	4.83577002177015	44.5
3.03394829664098	4.83419919916204	44.5
3.0105719243273	4.83250277836235	44.5
2.98712464267659	4.83067970522435	44.5
2.96360649940297	4.82872892219324	44.5
2.94001754309987	4.82664936830608	44.5
2.91635782323995	4.82443997919184	44.5
2.89262739017514	4.82209968707141	44.5
2.86882629513664	4.81962742075752	44.5
2.84495459023489	4.81702210565483	44.5
2.82101232845962	4.81428266375989	44.5
2.7969995636798	4.81140801366114	44.5
2.77291635064367	4.80839707053891	44.5
2.74876274497873	4.80524874616544	44.5
2.72453880319173	4.80196194890484	44.5
2.70024458266872	4.79853558371313	44.5
2.67588014167496	4.79496855213822	44.5
2.65144553935502	4.79125975231991	44.5
2.62694083573269	4.78740807898991	44.5
2.60236609171104	4.78341242347181	44.5
2.57772136907242	4.77927167368108	44.5
2.5530067304784	4.77498471412511	44.5
2.52822223946985	4.77055042590318	44.5
2.50336796046689	4.76596768670645	44.5
2.47844395876889	4.76123537081799	44.5
2.45345030055449	4.75635234911275	44.5
2.42838705288159	4.75131748905758	44.5
2.40325428368737	4.74612965471122	44.5
2.37805206178823	4.74078770672432	44.5
2.35278045687988	4.7352905023394	44.5
2.32743953953725	4.7296368953909	44.5
2.30202938121456	4.72382573630512	44.5
2.27655005424528	4.71785587210029	44.5
2.25100163184214	4.71172614638652	44.5
2.22538418809713	4.70543539936579	44.5
2.19969779798152	4.69898246783202	44.5
2.17394253734583	4.69236618517099	44.5
2.14811848291982	4.68558538136038	44.5
2.12222571231254	4.67863888296978	44.5
2.09626430401231	4.67152551316065	44.5
2.07023433738667	4.66424409168636	44.5
2.04413589268246	4.65679343489217	44.5
2.01796905102576	4.64917235571523	44.5
1.99173389442193	4.6413796636846	44.5
1.96543050575558	4.6334141649212	44.5
1.93905896879057	4.62527466213789	44.5
1.91261936817005	4.61695995463938	44.5
1.8861117894164	4.6084688383223	44.5
1.8595363189313	4.59980010567517	44.5
1.83289304399565	4.59095254577841	44.5
1.80618205276963	4.58192494430431	44.5
1.7794034342927	4.57271608351708	44.5
1.75255727848356	4.5633247422728	44.5
1.72564367614016	4.55374969601948	44.5
1.69866271893974	4.54398971679699	44.5
1.67161449943879	4.5340435732371	44.5
1.64449911107306	4.52391003056347	44.5
1.61731664815757	4.5135878505917	44.5
1.59006720588657	4.50307579172921	44.5
1.56275088033362	4.49237260897537	44.5
1.53536776845151	4.48147705392142	44.5
1.5079179680723	4.47038787475051	44.5
1.48040157790731	4.45910381623766	44.5
1.45281869754711	4.4476236197498	44.5
1.42516942746157	4.43594602324576	44.5
1.39745386899977	4.42406976127624	44.5
1.3696721243901	4.41199356498386	44.5
1.34182429674017	4.39971616210312	44.5
1.31391049003688	4.38723627696043	44.5
1.28593080914638	4.37455263047406	44.5
1.25788535981409	4.36166394015421	44.5
1.22977424866468	4.34856892010295	44.5
1.20159758320208	4.33526628101426	44.5
1.1733554718095	4.32175473017401	44.5
1.1450480237494	4.30803297145995	44.5
1.1166753491635	4.29409970534174	44.5
1.08823755907278	4.27995362888094	44.5
1.05973476537749	4.26559343573097	44.5
1.03116708085713	4.25101781613719	44.5
1.00253461917048	4.23622545693683	44.5
0.973837494855561	4.22121504155899	44.5
0.94507582332967	4.20598525002472	44.5
0.91624972088936	4.19053475894691	44.5
0.887359304710445	4.17486224153039	44.5
0.858404692848003	4.15896636757184	44.5
0.829386004236371	4.14284580345986	44.5
0.80030335868915	4.12649921217494	44.5
0.771156876899203	4.10992525328947	44.5
0.741946680438652	4.09312258296771	44.5
0.712672891758882	4.07608985396586	44.5
0.683335634190541	4.05882571563196	44.5
0.653935031943536	4.04132881390597	44.5
0.624471210107039	4.02359779131976	44.5
0.594944294649479	4.00563128699706	44.5
0.565354412418552	3.98742793665352	44.5
0.535701691141211	3.96898637259666	44.5
0.505986259423674	3.95030522372594	44.5
0.476208246751419	3.93138311553265	44.5
0.446367783489185	3.91221867010003	44.5
0.416465000880975	3.89281050610317	44.5
0.38650003105005	3.8731572388091	44.5
0.356473006998937	3.85325748007669	44.5
