-27.8662742966722	3.58499168181647	55
-27.8749903197212	3.57998225457122	55
-27.883642705927	3.57486369695603	55
-27.8922300889777	3.56963681725048	55
-27.9007511128259	3.56430244083947	55
-27.9092044319031	3.55886141008287	55
-27.9175887113323	3.55331458418252	55
-27.9259026271385	3.54766283904653	55
-27.9341448664581	3.54190706715096	55
-27.9423141277459	3.53604817739893	55
-27.9504091209809	3.53008709497704	55
-27.9584285678699	3.52402476120932	55
-27.966371202049	3.51786213340853	55
-27.9742357692845	3.51160018472506	55
-27.9820210276699	3.50523990399318	55
-27.9897257478226	3.49878229557496	55
-27.9973487130781	3.49222837920163	55
-28.0048887196818	3.48557918981255	55
-28.0123445769792	3.47883577739181	55
-28.019715107604	3.4719992068024	55
-28.026999147664	3.46507055761807	55
-28.0341955469249	3.45805092395285	55
-28.0413031689917	3.45094141428827	55
-28.0483208914885	3.44374315129832	55
-28.0552476062357	3.43645727167216	55
-28.0620822194246	3.42908492593466	55
-28.0688236517906	3.42162727826467	55
-28.0754708387834	3.4140855063112	55
-28.0820227307351	3.40646080100748	55
-28.0884782930261	3.39875436638286	55
-28.0948365062481	3.39096741937271	55
-28.1010963663656	3.38310118962622	55
-28.1072568848741	3.37515691931226	55
-28.1133170889564	3.36713586292321	55
-28.119276021636	3.35903928707686	55
-28.1251327419283	3.35086847031638	55
-28.1308863249892	3.34262470290847	55
-28.1365358622615	3.33430928663956	55
-28.1420804616175	3.32592353461028	55
-28.1475192475008	3.31746877102808	55
-28.1528513610641	3.30894633099815	55
-28.1580759603047	3.30035756031255	55
-28.163192220198	3.29170381523775	55
-28.1681993328272	3.28298646230041	55
-28.1730965075111	3.27420687807161	55
-28.1778829709291	3.26536644894948	55
-28.1825579672432	3.25646657094026	55
-28.1871207582171	3.24750864943786	55
-28.1915706233334	3.23849409900192	55
-28.1959068599068	3.22942434313446	55
-28.2001287831952	3.22030081405508	55
-28.204235726508	3.21112495247477	55
-28.2082270413112	3.20189820736845	55
-28.2121020973299	3.19262203574613	55
-28.215860282648	3.18329790242285	55
-28.2195010038044	3.17392727978734	55
-28.2230236858869	3.16451164756954	55
-28.2264277726233	3.15505249260694	55
-28.2297127264688	3.14555130860976	55
-28.2328780286911	3.13600959592508	55
-28.2359231794523	3.12642886129996	55
-28.2388476978877	3.11681061764345	55
-28.2416511221821	3.10715638378773	55
-28.2443330096423	3.09746768424823	55
-28.246892936767	3.08774604898294	55
-28.2493304993142	3.07799301315075	55
-28.2516453123644	3.06821011686908	55
-28.2538370103819	3.05839890497067	55
-28.2559052472721	3.0485609267596	55
-28.2578496964364	3.03869773576669	55
-28.2596700508238	3.02881088950412	55
-28.2613660229792	3.01890194921954	55
-28.262937345089	3.00897247964948	55
-28.2643837690231	2.9990240487723	55
-28.2657050663745	2.98905822756055	55
-28.266901028495	2.97907658973294	55
-28.2679714665284	2.96908071150578	55
-28.2689162114399	2.95907217134412	55
-28.2697351140436	2.94905254971249	55
-28.270428045025	2.93902342882528	55
-28.2709948949626	2.92898639239695	55
-28.2714355743439	2.91894302539189	55
-28.2717500135807	2.90889491377419	55
-28.2719381630194	2.89884364425716	55
-28.2719999929489	2.88879080405276	55
-28.2719354936057	2.878737980621	55
-28.2717446751749	2.86868676141924	55
-28.2714275677889	2.85863873365151	55
-28.2709842215227	2.84859548401787	55
-28.2704147063859	2.83855859846386	55
-28.2697191123113	2.82852966193007	55
-28.2688975491415	2.81851025810183	55
-28.2679501466108	2.80850196915915	55
-28.2668770543249	2.79850637552688	55
-28.2656784417377	2.78852505562513	55
-28.2643544981239	2.77855958562002	55
-28.2629054325496	2.76861153917477	55
-28.261331473839	2.75868248720126	55
-28.2596328705385	2.74877399761188	55
-28.2578098908772	2.73888763507201	55
-28.2558628227247	2.72902496075289	55
-28.2537919735457	2.71918753208514	55
-28.2515976703512	2.70937690251277	55
-28.2492802596472	2.69959462124793	55
-28.2468401073797	2.68984223302623	55
-28.244277598877	2.68012127786282	55
-28.241593138789	2.67043329080921	55
-28.2387871510229	2.66077980171087	55
-28.2358600786767	2.65116233496562	55
-28.2328123839692	2.64158240928296	55
-28.2296445481667	2.63204153744421	55
-28.2263570715071	2.62254122606363	55
-28.2229504731211	2.61308297535052	55
-28.2194252909502	2.6036682788723	55
-28.2157820816613	2.5942986233187	55
-28.2120214205596	2.58497548826694	55
-28.208143901497	2.57570034594813	55
-28.2041501367787	2.56647466101475	55
-28.2000407570664	2.5572998903094	55
-28.1958164112788	2.54817748263474	55
-28.1914777664892	2.53910887852469	55
-28.1870255078198	2.53009551001697	55
-28.1824603383339	2.52113880042694	55
-28.1777829789246	2.51224016412288	55
-28.1729941682013	2.50340100630262	55
-28.1680946623726	2.49462272277165	55
-28.1630852351274	2.48590669972269	55
-28.1579666775122	2.47725431351684	55
-28.1527397978066	2.46866693046616	55
-28.1474054213956	2.46014590661799	55
-28.141964390639	2.45169258754078	55
-28.1364175647387	2.4433083081116	55
-28.1307658196027	2.43499439230536	55
-28.1250100477071	2.42675215298576	55
-28.1191511579551	2.41858289169793	55
-28.1131900755332	2.41048789846292	55
-28.1071277417655	2.40246845157401	55
-28.1009651139647	2.39452581739483	55
-28.0947031652812	2.38666125015938	55
-28.0883428845493	2.378875991774	55
-28.0818852761311	2.37117127162124	55
-28.0753313597578	2.36354830636573	55
-28.0686821703687	2.35600829976205	55
-28.0619387579479	2.34855244246466	55
-28.0551021873585	2.34118191183984	55
-28.0481735381742	2.33389787177982	55
-28.041153904509	2.32670147251898	55
-28.0340443948444	2.31959385045217	55
-28.0268461318544	2.31257612795532	55
-28.0195602522283	2.30564941320815	55
-28.0121879064908	2.29881480001924	55
-28.0047302588208	2.29207336765322	55
-27.9971884868673	2.28542618066042	55
-27.9895637815636	2.27887428870871	55
-27.981857346939	2.2724187264178	55
-27.9740703999288	2.2660605131958	55
-27.9662041701824	2.25980065307829	55
-27.9582598998684	2.25364013456974	55
-27.9502388434793	2.24757993048745	55
-27.942142267633	2.24162099780788	55
-27.9339714508725	2.23576427751559	55
-27.9257276834646	2.23001069445461	55
-27.9174122671957	2.2243611571824	55
-27.9090265151664	2.21881655782638	55
-27.9005717515842	2.21337777194307	55
-27.8920493115543	2.20804565837981	55
-27.8834605408687	2.20282105913914	55
-27.8748067957939	2.19770479924585	55
-27.8660894428565	2.19269768661668	55
-27.8573098586277	2.18780051193276	55
-27.8484694295056	2.18301404851475	55
-27.8395695514964	2.1783390522007	55
-27.830611629994	2.17377626122673	55
-27.8215970795581	2.16932639611042	55
-27.8125273236906	2.16499015953707	55
-27.8034037946112	2.16076823624869	55
-27.7942279330309	2.15666129293591	55
-27.7850011879246	2.15266997813269	55
-27.7757250163023	2.14879492211391	55
-27.766400882979	2.14503673679584	55
-27.7570302603435	2.1413960156395	55
-27.7476146281257	2.13787333355696	55
-27.7381554731631	2.13446924682057	55
-27.7286542891659	2.13118429297508	55
-27.7191125764812	2.12801899075279	55
-27.7095318418561	2.1249738399916	55
-27.6999135981996	2.12204932155613	55
-27.6902593643439	2.11924589726173	55
-27.6805706648044	2.11656400980161	55
-27.6708490295391	2.11400408267688	55
-27.6610959937069	2.1115665201297	55
-27.6513130974252	2.10925170707947	55
-27.6415018855268	2.107060009062	55
-27.6316639073157	2.1049917721718	55
-27.6218007163228	2.10304732300747	55
-27.6119138700603	2.10122696862007	55
-27.6020049297757	2.09953099646465	55
-27.5920754602056	2.09795967435488	55
-27.5821270293284	2.09651325042074	55
-27.5721612081167	2.09519195306933	55
-27.5621795702891	2.09399599094882	55
-27.5521836920619	2.0929255529155	55
-27.5421751519003	2.09198080800393	55
-27.5321555302686	2.0911619054003	55
-27.5221264093814	2.09046897441881	55
-27.5120893729531	2.08990212448131	55
-27.502046005948	2.08946144509996	55
-27.4919978943303	2.08914700586315	55
-27.4819466248133	2.08895885642448	55
-27.4718937846089	2.08889702649493	55
-27.4618409611771	2.08896152583816	55
-27.4517897419754	2.08915234426898	55
-27.4417417142076	2.08946945165494	55
-27.431698464574	2.08991279792112	55
-27.42166157902	2.09048231305799	55
-27.4116326424862	2.09117790713252	55
-27.401613238658	2.09199947030233	55
-27.3916049497153	2.09294687283309	55
-27.381609356083	2.09401996511894	55
-27.3716280361813	2.09521857770617	55
-27.3616625661762	2.09654252131997	55
-27.3517145197309	2.09799158689429	55
-27.3417854677574	2.09956554560487	55
-27.3293932422666	2.10163052528882	55
-27.3191977059332	2.10330649308495	55
-27.3089951400443	2.10496015377482	55
-27.2987855445998	2.10659150735842	55
-27.2885689195998	2.10820055383575	55
-27.2783452650442	2.1097872932068	55
-27.2681145809331	2.11135172547159	55
-27.2578768672665	2.11289385063011	55
-27.2476321240443	2.11441366868236	55
-27.2373803512665	2.11591117962834	55
-27.2271215489333	2.11738638346804	55
-27.2168557170445	2.11883928020148	55
-27.2065828556001	2.12026986982865	55
-27.1963029646002	2.12167815234955	55
-27.1860160440447	2.12306412776418	55
-27.1757220939338	2.12442779607254	55
-27.1654211142672	2.12576915727463	55
-27.1551131050452	2.12708821137045	55
-27.1447980662675	2.12838495836	55
-27.1344759979344	2.12965939824327	55
-27.1241469000457	2.13091153102028	55
-27.1138107726015	2.13214135669103	55
-27.1034676156017	2.1333488752555	55
-27.0931174290463	2.1345340867137	55
-27.0827602129355	2.13569699106563	55
-27.0723959672691	2.13683758831129	55
-27.0620246920471	2.13795587845068	55
-27.0516463872696	2.1390518614838	55
-27.0412610529366	2.14012553741065	55
-27.030868689048	2.14117690623123	55
-27.0204692956039	2.14220596794554	55
-27.0100628726042	2.14321272255358	55
-26.999649420049	2.14419717005535	55
-26.9892289379383	2.14515931045086	55
-26.978801426272	2.14609914374009	55
-26.9683668850501	2.14701666992305	55
-26.9579253142728	2.14791188899974	55
-26.9474767139399	2.14878480097016	55
-26.9370210840514	2.14963540583432	55
-26.9265584246074	2.1504637035922	55
-26.9160887356078	2.15126969424381	55
-26.9056120170528	2.15205337778916	55
-26.8951282689421	2.15281475422823	55
-26.884637491276	2.15355382356103	55
-26.8741396840542	2.15427058578756	55
-26.863634847277	2.15496504090783	55
-26.8531229809442	2.15563718892182	55
-26.8426040850559	2.15628702982954	55
-26.832078159612	2.156914563631	55
-26.8215452046125	2.15751979032618	55
-26.8110052200576	2.1581027099151	55
-26.8004582059471	2.15866332239774	55
-26.789904162281	2.15920162777412	55
-26.7793430890594	2.15971762604422	55
-26.7687749862823	2.16021131720806	55
-26.7581998539496	2.16068270126562	55
-26.7476176920614	2.16113177821692	55
-26.7370285006176	2.16155854806194	55
-26.7264322796183	2.1619630108007	55
-26.7158290290635	2.16234516643318	55
-26.7052187489531	2.1627050149594	55
-26.6946014392871	2.16304255637934	55
-26.6839771000657	2.16335779069302	55
-26.6733457312887	2.16365071790043	55
-26.6627073329561	2.16392133800156	55
-26.652061905068	2.16416965099643	55
-26.6414094476243	2.16439565688503	55
-26.6307499606252	2.16459935566735	55
-26.6200834440704	2.16478074734341	55
-26.6094098979602	2.1649398319132	55
-26.5987293222943	2.16507660937671	55
-26.588041717073	2.16519107973396	55
-26.5773470822961	2.16528324298494	55
-26.5666454179637	2.16535309912965	55
-26.5559367240757	2.16540064816808	55
-26.5452210006321	2.16542589010025	55
-26.5344982476331	2.16542882492615	55
-26.5237684650785	2.16540945264578	55
-26.5130316529683	2.16536777325914	55
-26.5022878113026	2.16530378676623	55
-26.4915369400814	2.16521749316705	55
-26.4807790393046	2.16510889246159	55
-26.4700141089723	2.16497798464987	55
-26.4592421490844	2.16482476973188	55
-26.448463159641	2.16464924770762	55
-26.4376771406421	2.16445141857709	55
-26.4268840920876	2.16423128234029	55
-26.4160840139775	2.16398883899722	55
-26.405276906312	2.16372408854788	55
-26.3944627690909	2.16343703099227	55
-26.3836416023142	2.16312766633039	55
-26.372813405982	2.16279599456224	55
-26.3619781800943	2.16244201568782	55
-26.351135924651	2.16206572970713	55
-26.3402866396521	2.16166713662017	55
-26.3294303250978	2.16124623642694	55
-26.3185669809879	2.16080302912744	55
-26.3076966073224	2.16033751472168	55
-26.2968192041014	2.15984969320964	55
-26.2859347713249	2.15933956459133	55
-26.2750433089928	2.15880712886675	55
-26.2641448171052	2.1582523860359	55
-26.253239295662	2.15767533609878	55
-26.2423267446633	2.1570759790554	55
-26.231407164109	2.15645431490574	55
-26.2204805539992	2.15581034364981	55
-26.2095469143339	2.15514406528761	55
-26.198606245113	2.15445547981915	55
-26.1876585463366	2.15374458724441	55
-26.1767038180046	2.1530113875634	55
-26.1657420601171	2.15225588077613	55
-26.1547732726741	2.15147806688258	55
-26.1437974556755	2.15067794588276	55
-26.1328146091214	2.14985551777668	55
-26.1218247330117	2.14901078256432	55
-26.1108278273465	2.14814374024569	55
-26.0998238921257	2.1472543908208	55
-26.0888129273494	2.14634273428963	55
-26.0777949330176	2.1454087706522	55
-26.0667699091302	2.14445249990849	55
-26.0557378556872	2.14347392205851	55
-26.0446987726888	2.14247303710227	55
-26.0336526601348	2.14144984503975	55
-26.0225995180252	2.14040434587097	55
-26.0115393463601	2.13933653959592	55
-26.0004721451395	2.13824642621459	55
-25.9893979143633	2.137134005727	55
-25.9783166540316	2.13599927813313	55
-25.9672283641443	2.134842243433	55
-25.9561330447015	2.13366290162659	55
-25.9450306957031	2.13246125271392	55
-25.9339213171492	2.13123729669498	55
-25.9228049090398	2.12999103356976	55
-25.9116814713748	2.12872246333828	55
-25.9005510041543	2.12743158600052	55
-25.8894135073782	2.1261184015565	55
-25.8782689810466	2.12478291000621	55
-25.8671174251595	2.12342511134965	55
-25.8559588397168	2.12204500558681	55
-25.8447932247186	2.12064259271771	55
-25.8336205801648	2.11921787274234	55
-25.8224409060555	2.1177708456607	55
-25.8112542023906	2.11630151147279	55
-25.8000604691702	2.1148098701786	55
-25.7888597063943	2.11329592177815	55
-25.7776519140628	2.11175966627143	55
-25.7664370921758	2.11020110365844	55
-25.7552152407332	2.10862023393918	55
-25.7439863597351	2.10701705711365	55
-25.7327504491814	2.10539157318185	55
-25.7215075090722	2.10374378214377	55
-25.7102575394075	2.10207368399943	55
-25.6990005401872	2.10038127874882	55
-25.6877365114114	2.09866656639194	55
-25.67646545308	2.09692954692879	55
-25.6651873651931	2.09517022035937	55
-25.6539022477507	2.09338858668368	55
-25.6426101007527	2.09158464590172	55
-25.6313109241991	2.08975839801349	55
-25.62000471809	2.08790984301899	55
-25.6086914824254	2.08603898091822	55
-25.5973712172053	2.08414581171118	55
-25.5860439224296	2.08223033539787	55
-25.5747095980983	2.0802925519783	55
-25.5633682442115	2.07833246145245	55
-25.5520198607692	2.07635006382033	55
-25.5406644477713	2.07434535908194	55
-25.5293020052179	2.07231834723728	55
-25.5179325331089	2.07026902828635	55
-25.5065560314444	2.06819740222916	55
-25.4951725002244	2.06610346906569	55
-25.4837819394488	2.06398722879595	55
-25.4723843491177	2.06184868141994	55
-25.460979729231	2.05968782693766	55
-25.4495680797888	2.05750466534912	55
-25.438149400791	2.0552991966543	55
-25.4267236922377	2.05307142085321	55
-25.4152909541289	2.05082133794586	55
-25.4038511864645	2.04854894793223	55
-25.3924043892446	2.04625425081233	55
-25.3809505624691	2.04393724658617	55
-25.3694897061381	2.04159793525373	55
-25.3580218202516	2.03923631681502	55
-25.3465469048095	2.03685239127005	55
-25.3350649598118	2.0344461586188	55
-25.3235759852587	2.03201761886129	55
-25.3120799811499	2.0295667719975	55
-25.3005769474857	2.02709361802745	55
-25.2890668842659	2.02459815695112	55
-25.2775497914905	2.02208038876852	55
-25.2660256691596	2.01954031347966	55
-25.2544945172732	2.01697793108452	55
-25.2429563358312	2.01439324158312	55
-25.2314111248337	2.01178624497545	55
-25.2198588842807	2.0091569412615	55
-25.2082996141721	2.00650533044129	55
-25.1967333145079	2.0038314125148	55
-25.1851599852882	2.00113518748205	55
-25.173579626513	1.99841665534303	55
-25.1619922381822	1.99567581609773	55
-25.1503978202959	1.99291266974617	55
-25.1387963728541	1.99012721628833	55
-25.1271878958567	1.98731945572423	55
-25.1155723893037	1.98448938805386	55
-25.1039498531953	1.98163701327722	55
-25.0923202875312	1.9787623313943	55
-25.0806836923117	1.97586534240512	55
-25.0690400675366	1.97294604630967	55
-25.0573894132059	1.97000444310795	55
-25.0457317293197	1.96704053279995	55
-25.034067015878	1.96405431538569	55
-25.0223952728807	1.96104579086516	55
-25.0107165003279	1.95801495923836	55
-24.9990306982195	1.95496182050529	55
-24.9873378665556	1.95188637466595	55
-24.9756380053362	1.94878862172033	55
-24.9639311145612	1.94566856166845	55
-24.9522171942306	1.9425261945103	55
-24.9404962443446	1.93936152024588	55
-24.928768264903	1.93617453887519	55
-24.9170332559058	1.93296525039823	55
-24.9052912173531	1.929733654815	55
-24.8935421492449	1.9264797521255	55
-24.8817860515811	1.92320354232973	55
-24.8700229243617	1.91990502542769	55
-24.8582527675869	1.91658420141938	55
-24.8464755812565	1.9132410703048	55
-24.8346913653705	1.90987563208395	55
-24.822900119929	1.90648788675683	55
-24.811101844932	1.90307783432344	55
-24.7992965403794	1.89964547478378	55
-24.7874842062713	1.89619080813786	55
-24.7756648426076	1.89271383438566	55
-24.7638384493884	1.88921455352719	55
-24.7520050266136	1.88569296556245	55
-24.7401645742833	1.88214907049144	55
-24.7283170923975	1.87858286831416	55
-24.7164625809561	1.87499435903062	55
-24.7046010399592	1.8713835426408	55
-24.6927324694067	1.86775041914471	55
-24.6808568692987	1.86409498854235	55
-24.6689742396352	1.86041725083372	55
-24.6570845804161	1.85671720601883	55
-24.6451878916415	1.85299485409766	55
-24.6332841733113	1.84925019507022	55
-24.6213734254256	1.84548322893652	55
-24.6094556479843	1.84169395569654	55
-24.5975308409875	1.83788237535029	55
-24.5855990044352	1.83404848789778	55
-24.5736601383273	1.83019229333899	55
-24.5617142426639	1.82631379167394	55
-24.5497613174449	1.82241298290261	55
-24.5378013626704	1.81848986702501	55
-24.5258343783403	1.81454444404115	55
-24.5138603644547	1.81057671395101	55
-24.5018793210136	1.80658667675461	55
-24.4898912480169	1.80257433245193	55
-24.4778961454647	1.79853968104299	55
-24.4658940133569	1.79448272252777	55
-24.4538848516936	1.79040345690629	55
-24.4418686604748	1.78630188417853	55
-24.4298454397004	1.78217800434451	55
-24.4178151893704	1.77803181740421	55
-24.405777909485	1.77386332335765	55
-24.3937336000439	1.76967252220482	55
-24.3816822610474	1.76545941394571	55
-24.3696238924953	1.76122399858034	55
-24.3575584943876	1.7569662761087	55
-24.3454860667244	1.75268624653078	55
-24.3334066095057	1.7483839098466	55
-24.3213201227314	1.74405926605615	55
-24.3092266064016	1.73971231515942	55
-24.2971260605163	1.73534305715643	55
-24.2850184850754	1.73095149204717	55
-24.2729038800789	1.72653761983163	55
-24.2607822455269	1.72210144050983	55
-24.2486535814194	1.71764295408176	55
-24.2365178877563	1.71316216054742	55
-24.2243751645377	1.70865905990681	55
-24.2122254117636	1.70413365215993	55
-24.2000686294339	1.69958593730677	55
-24.1879048175486	1.69501591534735	55
-24.1757339761079	1.69042358628166	55
-24.1635561051115	1.6858089501097	55
-24.1513712045597	1.68117200683147	55
-24.1391792744523	1.67651275644697	55
-24.1269803147893	1.6718311989562	55
-24.1147743255708	1.66712733435916	55
-24.1025613067968	1.66240116265585	55
-24.0903412584672	1.65765268384627	55
-24.0781141805821	1.65288189793042	55
-24.0658800731414	1.6480888049083	55
-24.0536389361452	1.64327340477991	55
-24.0413907695935	1.63843569754525	55
-24.0291355734862	1.63357568320432	55
-24.0168733478234	1.62869336175712	55
-24.004604092605	1.62378873320365	55
-23.9923278078311	1.61886179754391	55
-23.9800444935016	1.6139125547779	55
-23.9677541496166	1.60894100490562	55
-23.9554567761761	1.60394714792707	55
-23.94315237318	1.59893098384226	55
-23.9308409406284	1.59389251265117	55
-23.9185224785212	1.58883173435381	55
-23.9061969868585	1.58374864895018	55
-23.8938644656402	1.57864325644028	55
-23.8815249148664	1.57351555682412	55
-23.8691783345371	1.56836555010168	55
-23.8568247246522	1.56319323627297	55
-23.8444640852118	1.55799861533799	55
-23.8320964162158	1.55278168729675	55
-23.8197217176643	1.54754245214923	55
-23.8073399895573	1.54228090989544	55
-23.7949512318947	1.53699706053539	55
-23.7825554446765	1.53169090406906	55
-23.7701526279029	1.52636244049646	55
-23.7577427815736	1.5210116698176	55
-23.7453259056889	1.51563859203246	55
-23.7329020002486	1.51024320714105	55
-23.7204710652527	1.50482551514338	55
-23.7080331007013	1.49938551603943	55
-23.6955881065944	1.49392320982922	55
-23.6831360829319	1.48843859651273	55
-23.6706770297139	1.48293167608998	55
-23.6582109469404	1.47740244856095	55
-23.6457378346113	1.47185091392566	55
-23.6332576927266	1.46627707218409	55
-23.6207705212864	1.46068092333626	55
-23.6082763202907	1.45506246738215	55
-23.5957750897394	1.44942170432178	55
-23.5832668296326	1.44375863415513	55
-23.5707515399703	1.43807325688222	55
-23.5582292207524	1.43236557250304	55
-23.5456998719789	1.42663558101758	55
-23.53316349365	1.42088328242586	55
-23.5206200857654	1.41510867672787	55
-23.5080696483254	1.4093117639236	55
-23.4955121813298	1.40349254401307	55
-23.4829476847786	1.39765101699627	55
-23.4703761586719	1.39178718287319	55
-23.4577976030097	1.38590104164385	55
-23.4452120177919	1.37999259330824	55
-23.4326194030186	1.37406183786636	55
-23.4200197586897	1.3681087753182	55
-23.4074130848053	1.36213340566378	55
-23.3947993813654	1.35613572890309	55
-23.3821786483699	1.35011574503613	55
-23.3695508858188	1.3440734540629	55
-23.3569160937123	1.3380088559834	55
-23.3442742720502	1.33192195079762	55
-23.3316254208325	1.32581273850558	55
-23.3189695400593	1.31968121910727	55
-23.3063066297306	1.31352739260269	55
-23.2936366898463	1.30735125899184	55
-23.2809597204065	1.30115281827472	55
-23.2682757214111	1.29493207045133	55
-23.2555846928602	1.28868901552167	55
-23.2428866347537	1.28242365348574	55
-23.2301815470917	1.27613598434354	55
-23.2174694298742	1.26982600809507	55
-23.2047502831011	1.26349372474033	55
-23.1920241067725	1.25713913427932	55
-23.1792909008883	1.25076223671204	55
-23.1665506654486	1.24436303203849	55
-23.1538034004534	1.23794152025867	55
-23.1410491059026	1.23149770137258	55
-23.1282877817962	1.22503157538022	55
-23.1155194281344	1.2185431422816	55
-23.1027440449169	1.2120324020767	55
-23.089961632144	1.20549935476553	55
-23.0771721898155	1.19894400034809	55
-23.0643757179314	1.19236633882438	55
-23.0515722164918	1.18576637019441	55
-23.0387616854967	1.17914409445816	55
-23.025944124946	1.17249951161564	55
-23.0131195348398	1.16583262166685	55
-23.0002879151781	1.1591434246118	55
-22.9874492659608	1.15243192045047	55
-22.9746035871879	1.14569810918287	55
-22.9617508788595	1.138941990809	55
-22.9488911409756	1.13216356532887	55
-22.9360243735361	1.12536283274246	55
-22.9231505765411	1.11853979304979	55
-22.9102697499906	1.11169444625084	55
-22.8973818938845	1.10482679234562	55
-22.8844870082228	1.09793683133414	55
-22.8715850930057	1.09102456321638	55
-22.8586761482329	1.08408998799235	55
-22.8457601739047	1.07713310566206	55
-22.8328371700209	1.07015391622549	55
-22.8199071365815	1.06315241968266	55
-22.8069700735866	1.05612861603355	55
-22.7940259810362	1.04908250527818	55
-22.7810748589302	1.04201408741653	55
-22.7681167072687	1.03492336244862	55
-22.7551515260516	1.02781033037443	55
-22.742179315279	1.02067499119398	55
-22.7292000749509	1.01351734490726	55
-22.7162138050672	1.00633739151426	55
-22.703220505628	0.999135131014998	55
-22.6902201766332	0.991910563409465	55
-22.6772128180829	0.984663688697661	55
-22.664198429977	0.977394506879588	55
-22.6511770123156	0.970103017955244	55
-22.6381485650987	0.962789221924631	55
-22.6251130883262	0.955453118787748	55
-22.6120705819982	0.948094708544595	55
-22.5990210461146	0.940713991195172	55
-22.5859644806755	0.933310966739479	55
-22.5729008856808	0.925885635177518	55
-22.5598302611306	0.918437996509285	55
-22.5467526070249	0.910968050734784	55
-22.5336679233636	0.903475797854011	55
-22.5205762101468	0.89596123786697	55
-22.5074774673744	0.888424370773658	55
-22.4943716950465	0.880865196574076	55
-22.4812588931631	0.873283715268225	55
-22.4681390617241	0.865679926856104	55
-22.4550122007296	0.858053831337712	55
-22.4418783101795	0.850405428713052	55
-22.4287373900739	0.842734718982121	55
-22.4155894404127	0.835041702144921	55
-22.402434461196	0.82732637820145	55
-22.3892724524238	0.81958874715171	55
-22.376103414096	0.8118288089957	55
-22.3629273462126	0.80404656373342	55
-22.3497442487738	0.79624201136487	55
-22.3365541217793	0.78841515189005	55
-22.3233569652294	0.78056598530896	55
-22.3101527791239	0.7726945116216	55
-22.2969415634628	0.764800730827971	55
-22.2837233182463	0.756884642928072	55
-22.2704980434741	0.748946247921903	55
-22.2572657391465	0.740985545809465	55
-22.2440264052633	0.733002536590756	55
-22.2307800418245	0.724997220265778	55
-22.2175266488302	0.716969596834529	55
-22.2042662262804	0.708919666297011	55
-22.190998774175	0.700847428653223	55
-22.1777242925141	0.692752883903165	55
-22.1644427812976	0.684636032046837	55
-22.1511542405256	0.676496873084239	55
-22.137858670198	0.668335407015372	55
-22.124556070315	0.660151633840234	55
-22.1112464408763	0.651945553558827	55
-22.0979297818821	0.643717166171151	55
-22.0846060933324	0.635466471677204	55
-22.0712753752272	0.627193470076987	55
-22.0579376275664	0.6188981613705	55
-22.04459285035	0.610580545557744	55
-22.0312410435781	0.602240622638717	55
-22.0178822072507	0.593878392613421	55
-22.0045163413677	0.585493855481855	55
-21.9911434459292	0.577087011244019	55
-21.9777635209352	0.568657859899913	55
-21.9643765663856	0.560206401449538	55
-21.9509825822804	0.551732635892892	55
-21.9375815686197	0.543236563229978	55
-21.9241735254035	0.534718183460792	55
-21.9107584526317	0.526177496585337	55
-21.8973363503044	0.517614502603613	55
-21.8839072184216	0.509029201515617	55
-21.8704710569832	0.500421593321353	55
-21.8570278659892	0.491791678020819	55
-21.8435776454398	0.483139455614015	55
-21.8301203953347	0.474464926100941	55
-21.8166561156742	0.465768089481597	55
-21.8031848064581	0.457048945755982	55
-21.7897064676864	0.448307494924099	55
-21.7762210993592	0.439543736985946	55
-21.7627287014765	0.430757671941522	55
-21.7492292740382	0.42194929979083	55
-21.7357228170444	0.413118620533866	55
-21.722209330495	0.404265634170633	55
-21.7086888143901	0.39539034070113	55
-21.6951612687297	0.386492740125358	55
-21.6816266935137	0.377572832443315	55
-21.6680850887422	0.368630617655003	55
-21.6545364544151	0.359666095760421	55
-21.6409807905325	0.350679266759569	55
-21.6274180970943	0.341670130652447	55
-21.6138483741006	0.332638687439056	55
-21.6002716215514	0.323584937119394	55
-21.5866878394466	0.314508879693463	55
-21.5730970277863	0.305410515161261	55
-21.5594991865704	0.29628984352279	55
-21.545894315799	0.287146864778049	55
-21.5322824154721	0.277981578927039	55
-21.5186634855896	0.268793985969758	55
-21.5050375261515	0.259584085906207	55
-21.4914045371579	0.250351878736387	55
-21.4777645186088	0.241097364460297	55
-21.4641174705042	0.231820543077937	55
-21.4504633928439	0.222521414589307	55
-21.4368022856282	0.213199978994407	55
-21.4231341488569	0.203856236293237	55
-21.4094589825301	0.194490186485798	55
-21.3957767866477	0.185101829572088	55
-21.3820875612098	0.175691165552109	55
-21.3683913062163	0.166258194425861	55
-21.3546880216673	0.156802916193342	55
-21.3409777075628	0.147325330854553	55
-21.3272603639027	0.137825438409493	55
-21.3135359906871	0.128303238858166	55
-21.2998045879159	0.118758732200568	55
-21.2860661555892	0.1091919184367	55
-21.2723206937069	0.0996027975665612	55
-21.2585682022691	0.0899913695901535	55
-21.2448086812758	0.0803576345074757	55
-21.2310421307269	0.0707015923185286	55
-21.2172685506225	0.0610232430233113	55
-21.2034879409625	0.0513225866218234	55
-21.189700301747	0.0415996231140663	55
-21.1759056329759	0.0318543525000394	55
-21.1621039346493	0.0220867747797424	55
-21.1482952067672	0.0122968899531757	55
-21.1344794493295	0.00248469802033968	55
-21.1206566623363	-0.00734980101876648	55
-21.1068268457875	-0.0172066071641428	55
-21.0929899996832	-0.0270857204157888	55
-21.0791461240234	-0.0369871407737046	55
-21.065295218808	-0.0469108682378905	55
-21.0514372840371	-0.0568569028083461	55
-21.0375723197106	-0.0668252444850719	55
-21.0237003258286	-0.0768158932680674	55
-21.009821302391	-0.0868288491573326	55
-20.9959352493979	-0.0968641121528675	55
-20.9820421668493	-0.106921682254673	55
-20.9681420547451	-0.117001559462746	55
-20.9542349130853	-0.127103743777091	55
-20.9403207418701	-0.137228235197706	55
-20.9263995410993	-0.14737503372459	55
-20.9124713107729	-0.157544139357744	55
-20.898536050891	-0.167735552097168	55
-20.8845937614536	-0.177949271942862	55
-20.8706444424606	-0.188185298894826	55
-20.856688093912	-0.198443632953059	55
-20.842724715808	-0.208724274117563	55
-20.8287543081484	-0.219027222388336	55
-20.8147768709332	-0.22935247776538	55
-20.8007924041625	-0.239700040248692	55
-20.7868009078363	-0.250069909838274	55
-20.7728023819545	-0.260462086534127	55
-20.7587968265172	-0.27087657033625	55
-20.7447842415243	-0.281313361244642	55
-20.7307646269759	-0.291772459259304	55
-20.716737982872	-0.302253864380236	55
-20.7027043092125	-0.312757576607438	55
-20.6886636059974	-0.32328359594091	55
-20.6746158732269	-0.333831922380652	55
-20.6605611109007	-0.344402555926663	55
-20.6464993190191	-0.354995496578943	55
-20.6324304975819	-0.365610744337495	55
-20.6183546465891	-0.376248299202316	55
-20.6042717660409	-0.386908161173407	55
-20.590181855937	-0.397590330250768	55
-20.5760849162777	-0.408294806434398	55
-20.5619809470627	-0.419021589724299	55
-20.5478699482923	-0.429770680120469	55
-20.5337519199663	-0.440542077622909	55
-20.5196268620847	-0.451335782231619	55
-20.5054947746477	-0.462151793946599	55
-20.491355657655	-0.47299011276785	55
-20.4772095111069	-0.483850738695367	55
-20.4630563350032	-0.494733671729158	55
-20.4488961293439	-0.505638911869217	55
-20.4347288941291	-0.516566459115546	55
-20.4205546293588	-0.527516313468144	55
-20.4063733350329	-0.538488474927013	55
-20.3921850111515	-0.549482943492152	55
-20.3779896577145	-0.56049971916356	55
-20.363787274722	-0.571538801941239	55
-20.349577862174	-0.582600191825187	55
-20.3353614200704	-0.593683888815405	55
-20.3211379484112	-0.604789892911894	55
-20.3069074471966	-0.61591820411465	55
-20.2926699164263	-0.627068822423678	55
-20.2784253561006	-0.638241747838975	55
-20.2641737662193	-0.649436980360543	55
-20.2499151467824	-0.66065451998838	55
-20.23564949779	-0.671894366722487	55
-20.2213768192421	-0.683156520562864	55
-20.2070971111386	-0.69444098150951	55
-20.1928103734796	-0.705747749562427	55
-20.1785166062651	-0.717076824721614	55
-20.164215809495	-0.72842820698707	55
-20.1499079831693	-0.739801896358796	55
-20.1355931272882	-0.751197892836792	55
-20.1212712418514	-0.762616196421057	55
-20.1069423268592	-0.774056807111593	55
-20.0926063823114	-0.785519724908399	55
-20.078263408208	-0.797004949811474	55
-20.0639134045491	-0.80851248182082	55
-20.0495563713347	-0.820042320936435	55
-20.0351923085647	-0.831594467158319	55
-20.0208212162392	-0.843168920486474	55
-20.0064430943581	-0.854765680920899	55
-19.9920579429215	-0.866384748461594	55
-19.9776657619294	-0.878026123108558	55
-19.9632665513817	-0.889689804861791	55
-19.9488603112784	-0.901375793721295	55
-19.9344470416197	-0.91308408968707	55
-19.9200267424053	-0.924814692759113	55
-19.9055994136355	-0.936567602937426	55
-19.8911650553101	-0.94834282022201	55
-19.8767236674291	-0.960140344612864	55
-19.8622752499926	-0.971960176109987	55
-19.8478198030006	-0.98380231471338	55
-19.833357326453	-0.995666760423042	55
-19.8188878203499	-1.00755351323898	55
-19.8044112846913	-1.01946257316118	55
-19.7899277194771	-1.03139394018965	55
-19.7754371247073	-1.04334761432439	55
-19.7609395003821	-1.0553235955654	55
-19.7464348465012	-1.06732188391269	55
-19.7319231630649	-1.07934247936624	55
-19.717404450073	-1.09138538192606	55
-19.7028787075255	-1.10345059159215	55
-19.6883459354225	-1.11553810836451	55
-19.673806133764	-1.12764793224314	55
-19.6592593025499	-1.13978006322805	55
-19.6447054417803	-1.15193450131922	55
-19.6301445514551	-1.16411124651666	55
-19.6155766315744	-1.17631029882037	55
-19.6010016821382	-1.18853165823035	55
-19.5864197031464	-1.2007753247466	55
-19.571830694599	-1.21304129836912	55
-19.5572346564962	-1.22532957909791	55
-19.5426315888377	-1.23764016693297	55
-19.5280214916238	-1.2499730618743	55
-19.5134043648543	-1.2623282639219	55
-19.4987802085292	-1.27470577307577	55
-19.4841490226486	-1.28710558933591	55
-19.4695108072125	-1.29952771270232	55
-19.4548655622208	-1.31197214317499	55
-19.4402132876736	-1.32443888075394	55
-19.4255539835709	-1.33692792543916	55
-19.4108876499126	-1.34943927723065	55
-19.3962142866987	-1.36197293612841	55
-19.3815338939294	-1.37452890213244	55
-19.3668464716044	-1.38710717524273	55
-19.352152019724	-1.3997077554593	55
-19.337450538288	-1.41233064278214	55
-19.3227420272964	-1.42497583721125	55
-19.3080264867493	-1.43764333874663	55
-19.2933039166467	-1.45033314738827	55
-19.2785743169885	-1.46304526313619	55
-19.2638376877748	-1.47577968599038	55
-19.2490940290055	-1.48853641595083	55
-19.2343433406807	-1.50131545301756	55
-19.2195856228004	-1.51411679719056	55
-19.2048208753645	-1.52694044846982	55
-19.190049098373	-1.53978640685536	55
-19.1752702918261	-1.55265467234717	55
-19.1604844557235	-1.56554524494524	55
-19.1456915900655	-1.57845812464959	55
-19.1308916948519	-1.5913933114602	55
-19.1160847700827	-1.60435080537709	55
-19.101270815758	-1.61733060640024	55
-19.0864498318778	-1.63033271452967	55
-19.0716218184421	-1.64335712976536	55
-19.0567867754507	-1.65640385210733	55
-19.0419447029039	-1.66947288155556	55
-19.0270956008015	-1.68256421811007	55
-19.0122394691435	-1.69567786177084	55
-18.9973763079301	-1.70881381253789	55
-18.982506117161	-1.7219720704112	55
-18.9676288968365	-1.73515263539079	55
-18.9527446469564	-1.74835550747664	55
-18.9378533675207	-1.76158068666876	55
-18.9229550585295	-1.77482817296716	55
-18.9080497199828	-1.78809796637182	55
-18.8931373518805	-1.80139006688275	55
-18.8782179542227	-1.81470447449996	55
-18.8707556193104	-1.82137004347341	55
-18.8632915270093	-1.82804118922343	55
-18.8558256773193	-1.83471791175002	55
-18.8483580702404	-1.84140021105317	55
-18.8408887057726	-1.8480880871329	55
-18.833417583916	-1.85478153998919	55
-18.8259447046704	-1.86148056962204	55
-18.818470068036	-1.86818517603147	55
-18.8109936740127	-1.87489535921746	55
-18.8035155226004	-1.88161111918002	55
-18.7960356137994	-1.88833245591915	55
-18.7885539476094	-1.89505936943484	55
-18.7810705240305	-1.90179185972711	55
-18.7735853430628	-1.90852992679594	55
-18.7660984047061	-1.91527357064133	55
-18.7586097089606	-1.9220227912633	55
-18.7511192558262	-1.92877758866183	55
-18.7436270453029	-1.93553796283693	55
-18.7361330773907	-1.9423039137886	55
-18.7286373520896	-1.94907544151683	55
-18.7211398693997	-1.95585254602163	55
-18.7136406293209	-1.962635227303	55
-18.7061396318531	-1.96942348536094	55
-18.6986368769965	-1.97621732019544	55
-18.691132364751	-1.98301673180652	55
-18.6836260951167	-1.98982172019415	55
-18.6761180680934	-1.99663228535836	55
-18.6686082836813	-2.00344842729914	55
-18.6610967418802	-2.01027014601648	55
-18.6535834426903	-2.01709744151039	55
-18.6460683861115	-2.02393031378086	55
-18.6385515721438	-2.03076876282791	55
-18.6310330007872	-2.03761278865152	55
-18.6235126720418	-2.0444623912517	55
-18.6159905859074	-2.05131757062844	55
-18.6084667423842	-2.05817832678176	55
-18.6009411414721	-2.06504465971164	55
-18.5934137831711	-2.07191656941809	55
-18.5858846674812	-2.07879405590111	55
-18.5783537944024	-2.08567711916069	55
-18.5708211639347	-2.09256575919684	55
-18.5632867760782	-2.09945997600956	55
-18.5557506308327	-2.10635976959885	55
-18.5482127281984	-2.1132651399647	55
-18.5406730681752	-2.12017608710712	55
-18.5331316507631	-2.12709261102611	55
-18.5255884759622	-2.13401471172167	55
-18.5180435437723	-2.14094238919379	55
-18.5104968541935	-2.14787564344248	55
-18.5029484072259	-2.15481447446774	55
-18.4953982028694	-2.16175888226956	55
-18.487846241124	-2.16870886684796	55
-18.4802925219897	-2.17566442820292	55
-18.4727370454665	-2.18262556633445	55
-18.4651798115545	-2.18959228124254	55
-18.4576208202535	-2.19656457292721	55
-18.4500600715637	-2.20354244138844	55
-18.442497565485	-2.21052588662624	55
-18.4349333020174	-2.2175149086406	55
-18.4273672811609	-2.22450950743153	55
-18.4197995029155	-2.23150968299903	55
-18.4122299672813	-2.2385154353431	55
-18.4046586742581	-2.24552676446374	55
-18.3970856238461	-2.25254367036094	55
-18.3895108160452	-2.25956615303471	55
-18.3819342508554	-2.26659421248505	55
-18.3743559282767	-2.27362784871195	55
-18.3667758483091	-2.28066706171543	55
-18.3591940109526	-2.28771185149547	55
-18.3516104162073	-2.29476221805207	55
-18.3440250640731	-2.30181816138525	55
-18.33643795455	-2.30887968149499	55
-18.328849087638	-2.3159467783813	55
-18.3212584633371	-2.32301945204418	55
-18.3136660816473	-2.33009770248363	55
-18.3060719425687	-2.33718152969964	55
-18.2984760461011	-2.34427093369222	55
-18.2908783922447	-2.35136591446136	55
-18.2832789809994	-2.35846647200708	55
-18.2756778123652	-2.36557260632936	55
-18.2680748863421	-2.37268431742821	55
-18.2604702029301	-2.37980160530363	55
-18.2528637621293	-2.38692446995561	55
-18.2452555639395	-2.39405291138417	55
-18.2376456083609	-2.40118692958929	55
-18.2300338953934	-2.40832652457097	55
-18.222420425037	-2.41547169632923	55
-18.2148051972917	-2.42262244486405	55
-18.2071882121575	-2.42977877017544	55
-18.1995694696345	-2.4369406722634	55
-18.1919489697225	-2.44410815112792	55
-18.1843267124217	-2.45128120676901	55
-18.176702697732	-2.45845983918667	55
-18.1690769256534	-2.4656440483809	55
-18.1614493961859	-2.47283383435169	55
-18.1538201093295	-2.48002919709905	55
-18.1461890650843	-2.48723013662298	55
-18.1385562634501	-2.49443665292348	55
-18.1309217044271	-2.50164874600055	55
-18.1232853880152	-2.50886641585418	55
-18.1156473142144	-2.51608966248437	55
-18.1080074830247	-2.52331848589114	55
-18.1003658944462	-2.53055288607448	55
-18.0927225484787	-2.53779286303438	55
-18.0850774451224	-2.54503841677085	55
-18.0774305843772	-2.55228954728388	55
-18.069781966243	-2.55954625457349	55
-18.06213159072	-2.56680853863966	55
-18.0544794578082	-2.5740763994824	55
-18.0468255675074	-2.5813498371017	55
-18.0391699198177	-2.58862885149758	55
-18.0315125147392	-2.59591344267002	55
-18.0238533522718	-2.60320361061903	55
-18.0161924324155	-2.6104993553446	55
-18.0085297551703	-2.61780067684675	55
-18.0008653205362	-2.62510757512546	55
-17.9931991285132	-2.63242005018074	55
-17.9855311791014	-2.63973810201258	55
-17.9778614723006	-2.64706173062099	55
-17.970190008111	-2.65439093600598	55
-17.9625167865325	-2.66172571816752	55
-17.9548418075651	-2.66906607710564	55
-17.9471650712089	-2.67641201282032	55
-17.9394865774637	-2.68376352531157	55
-17.9318063263296	-2.69112061457939	55
-17.9241243178067	-2.69848328062378	55
-17.9164405518949	-2.70585152344473	55
-17.9087550285942	-2.71322534304225	55
-17.9010677479046	-2.72060473941634	55
-17.8933787098261	-2.72798971256699	55
-17.8856879143587	-2.73538026249422	55
-17.8779953615025	-2.74277638919801	55
-17.8703010512574	-2.75017809267837	55
-17.8626049836233	-2.75758537293529	55
-17.8549071586004	-2.76499822996878	55
-17.8472075761886	-2.77241666377884	55
-17.839506236388	-2.77984067436547	55
-17.8318031391984	-2.78727026172867	55
-17.82409828462	-2.79470542586843	55
-17.8163916726526	-2.80214616678476	55
-17.8086833032964	-2.80959248447766	55
-17.8009731765513	-2.81704437894712	55
-17.7932612924173	-2.82450185019316	55
-17.7855476508944	-2.83196489821575	55
-17.7778322519827	-2.83943352301492	55
-17.770115095682	-2.84690772459066	55
-17.7623961819925	-2.85438750294296	55
-17.7546755109141	-2.86187285807183	55
-17.7469530824468	-2.86936378997727	55
-17.7392288965906	-2.87686029865927	55
-17.7315029533455	-2.88436238411784	55
-17.7237752527115	-2.89187004635298	55
-17.7160457946887	-2.89938328536469	55
-17.708314579277	-2.90690210115297	55
-17.7005816064763	-2.91442649371781	55
-17.6928468762868	-2.92195646305922	55
-17.6851103887084	-2.92949200917719	55
-17.6773721437412	-2.93703313207174	55
-17.669632141385	-2.94457983174285	55
-17.66189038164	-2.95213210819053	55
-17.654146864506	-2.95968996141478	55
-17.6464015899832	-2.96725339141559	55
-17.6386545580715	-2.97482239819297	55
-17.6309057687709	-2.98239698174692	55
-17.6231552220815	-2.98997714207744	55
-17.6154029180031	-2.99756287918452	55
-17.6076488565359	-3.00515419306817	55
-17.5998930376797	-3.01275108372839	55
-17.5921354614347	-3.02035355116518	55
-17.5843761278008	-3.02796159537853	55
-17.576615036778	-3.03557521636846	55
-17.5688521883663	-3.04319441413494	55
-17.5610875825658	-3.050819188678	55
-17.5533212193764	-3.05844953999762	55
-17.545553098798	-3.06608546809381	55
-17.5377832208308	-3.07372697296657	55
-17.5300115854747	-3.0813740546159	55
-17.5222381927297	-3.08902671304179	55
-17.5144630425959	-3.09668494824425	55
-17.5066861350731	-3.10434876022328	55
-17.4989074701615	-3.11201814897888	55
-17.4911270478609	-3.11969311451104	55
-17.4833448681715	-3.12737365681977	55
-17.4755609310932	-3.13505977590507	55
-17.467775236626	-3.14275147176694	55
-17.45998778477	-3.15044874440537	55
-17.452198575525	-3.15815159382037	55
-17.4444076088912	-3.16586002001194	55
-17.4366148848684	-3.17357402298008	55
-17.4288204034568	-3.18129360272478	55
-17.4210241646563	-3.18901875924605	55
-17.4132261684669	-3.19674949254389	55
-17.4054264148887	-3.2044858026183	55
-17.3976249039215	-3.21222768946927	55
-17.3898216355655	-3.21997515309681	55
-17.3820166098205	-3.22772819350092	55
-17.3742098266867	-3.23548681068159	55
-17.366401286164	-3.24325100463884	55
-17.3585909882525	-3.25102077537265	55
-17.350778932952	-3.25879612288302	55
-17.3429651202626	-3.26657704716997	55
-17.3351495501844	-3.27436354823348	55
-17.3273322227173	-3.28215562607356	55
-17.3195131378613	-3.28995328069021	55
-17.3116922956164	-3.29775651208342	55
-17.3038696959826	-3.30556532025321	55
-17.2960453389599	-3.31337970519956	55
-17.2879691720023	-3.32129688986903	55
-17.2797452131786	-3.32906044492347	55
-17.2713763844222	-3.33666761200872	55
-17.262865659138	-3.34411568833454	55
-17.2542160611463	-3.35140202763489	55
-17.2454306636081	-3.3585240411081	55
-17.2365125879332	-3.36547919833669	55
-17.2274650026715	-3.37226502818643	55
-17.2182911223869	-3.37887911968428	55
-17.2089942065155	-3.38531912287501	55
-17.1995775582071	-3.39158274965617	55
-17.1900445231521	-3.39766777459099	55
-17.1803984883924	-3.40357203569907	55
-17.1706428811182	-3.40929343522456	55
-17.1607811674505	-3.41482994038145	55
-17.150816851209	-3.42017958407583	55
-17.1407534726678	-3.42534046560476	55
-17.1305946072976	-3.4303107513316	55
-17.1203438644947	-3.43508867533751	55
-17.1100048862992	-3.43967254004884	55
-17.099581346101	-3.44406071684028	55
-17.0890769473341	-3.44825164661351	55
-17.0784954221615	-3.45224384035115	55
-17.0678405301486	-3.45603587964575	55
-17.0571160569279	-3.45962641720383	55
-17.0463258128537	-3.46301417732447	55
-17.0354736316482	-3.46619795635265	55
-17.0245633690397	-3.46917662310683	55
-17.0135989013927	-3.4719491192809	55
-17.0025841243303	-3.47451445982017	55
-16.9915229513503	-3.47687173327136	55
-16.9804193124348	-3.47902010210643	55
-16.9692771526538	-3.48095880302018	55
-16.9581004307637	-3.4826871472014	55
-16.9468931178005	-3.48420452057762	55
-16.9356591956692	-3.48551038403332	55
-16.9244026557288	-3.48660427360143	55
-16.9131274973743	-3.48748580062818	55
-16.9018377266158	-3.48815465191124	55
-16.8905373546552	-3.48861058981091	55
-16.8792303964607	-3.48885345233464	55
-16.8679208693407	-3.48888315319452	55
-16.8566127915165	-3.48869968183799	55
-16.8453101806942	-3.48830310345154	55
-16.8340170526376	-3.48769355893759	55
-16.8227374197413	-3.4868712648644	55
-16.8114752896052	-3.48583651338913	55
-16.8002346636105	-3.48458967215406	55
-16.7890195354982	-3.48313118415594	55
-16.7778338899497	-3.48146156758862	55
-16.7666817011718	-3.47958141565891	55
-16.7555669314839	-3.47749139637583	55
-16.7444935299109	-3.4751922523133	55
-16.7334654307796	-3.47268480034624	55
-16.7224865523211	-3.4699699313604	55
-16.7115607952786	-3.4670486099358	55
-16.7006920415216	-3.46392187400404	55
-16.6898841526665	-3.4605908344795	55
-16.6791409687048	-3.45705667486467	55
-16.6684663066386	-3.45332065082962	55
-16.6578639591246	-3.44938408976591	55
-16.6473376931262	-3.44524839031495	55
-16.6368912485757	-3.44091502187104	55
-16.626528337045	-3.43638552405937	55
-16.6162526404274	-3.43166150618895	55
-16.6060678096289	-3.42674464668082	55
-16.5959774632713	-3.42163669247175	55
-16.5859851864067	-3.41633945839357	55
-16.5760945292435	-3.4108548265283	55
-16.5663090058851	-3.40518474553954	55
-16.5566320930813	-3.39933122998007	55
-16.5470672289932	-3.39329635957608	55
-16.5376178119713	-3.3870822784883	55
-16.5282871993487	-3.38069119455015	55
-16.5190787062476	-3.37412537848332	55
-16.5099956044016	-3.367387163091	55
-16.5010411209937	-3.36047894242902	55
-16.4922184375091	-3.35340317095531	55
-16.4835306886053	-3.34616236265776	55
-16.4749809609981	-3.33875909016109	55
-16.466572292365	-3.33119598381276	55
-16.4583076702659	-3.32347573074846	55
-16.4501900310817	-3.31560107393732	55
-16.442222258971	-3.30757481120743	55
-16.4344071848452	-3.2993997942517	55
-16.4267475853631	-3.29107892761475	55
-16.4192461819437	-3.28261516766086	55
-16.4119056398	-3.27401152152364	55
-16.4047285669917	-3.2652710460376	55
-16.3977175134986	-3.25639684665206	55
-16.3908749703146	-3.24739207632781	55
-16.3842033685627	-3.23825993441686	55
-16.3777050786313	-3.22900366552576	55
-16.3713824093317	-3.21962655836276	55
-16.3652376070784	-3.21013194456939	55
-16.3592728550903	-3.20052319753672	55
-16.3534902726154	-3.19080373120682	55
-16.3478919141776	-3.1809769988598	55
-16.3424797688472	-3.17104649188686	55
-16.3372557595335	-3.16101573854985	55
-16.3322217423022	-3.15088830272767	55
-16.3273795057156	-3.14066778265004	55
-16.3227307701974	-3.13035780961908	55
-16.3182771874211	-3.11996204671911	55
-16.3140203397235	-3.1094841875152	55
-16.3099617395423	-3.09892795474082	55
-16.3061028288789	-3.08829709897522	55
-16.3024449787857	-3.07759539731083	55
-16.2989894888796	-3.06682665201129	55
-16.2957375868797	-3.05599468916054	55
-16.2926904281712	-3.04510335730338	55
-16.2898490953951	-3.03415652607819	55
-16.2872145980634	-3.02315808484195	55
-16.2847878722005	-3.01211194128848	55
-16.2825697800105	-3.00102202005998	55
-16.2805611095711	-2.98989226135266	55
-16.2787625745532	-2.97872661951678	55
-16.2771748139678	-2.96752906165174	55
-16.2757983919387	-2.95630356619652	55
-16.274633797502	-2.9450541215162	55
-16.2736814444327	-2.93378472448491	55
-16.2729416710972	-2.92249937906575	55
-16.2724147403334	-2.91120209488823	55
-16.2721008393575	-2.89989688582361	55
-16.2720000796968	-2.88858776855884	55
-16.2721124971508	-2.87727876116944	55
-16.2724380517781	-2.86597388169188	55
-16.2729766279108	-2.85467714669601	55
-16.2737280341952	-2.84339256985799	55
-16.2746920036604	-2.83212416053423	55
-16.2758681938125	-2.82087592233692	55
-16.2772561867568	-2.80965185171151	55
-16.278855489346	-2.79845593651686	55
-16.2806655333555	-2.78729215460833	55
-16.2826856756853	-2.77616447242448	55
-16.2849151985884	-2.76507684357779	55
-16.287353309926	-2.75403320745	55
-16.2899991434487	-2.74303748779244	55
-16.2928517591045	-2.73209359133196	55
-16.2959101433726	-2.72120540638284	55
-16.2991732096236	-2.71037680146536	55
-16.3026397985057	-2.69961162393128	55
-16.3063086783563	-2.68891369859692	55
-16.3101785456398	-2.67828682638421	55
-16.3142480254109	-2.66773478297026	55
-16.3185156718028	-2.65726131744583	55
-16.322979968541	-2.64687015098336	55
-16.3276393294822	-2.63656497551482	55
-16.3324920991776	-2.62634945241997	55
-16.3375365534611	-2.61622721122554	55
-16.3427709000624	-2.60620184831562	55
-16.3481932792428	-2.59627692565391	55
-16.353801764457	-2.58645596951819	55
-16.3595943630368	-2.57674246924739	55
-16.3655690168996	-2.56713987600192	55
-16.3717236032792	-2.55765160153742	55
-16.3780559354804	-2.54828101699265	55
-16.3845637636558	-2.53903145169166	55
-16.3912447756049	-2.52990619196097	55
-16.3980965975962	-2.5209084799619	55
-16.4051167952097	-2.5120415125387	55
-16.4123028742028	-2.50330844008265	55
-16.4196522813958	-2.49471236541283	55
-16.4271624055793	-2.48625634267362	55
-16.4348305784419	-2.47794337624966	55
-16.4426540755184	-2.46977641969831	55
-16.4741173051845	-2.43826953296727	55
-16.5003267433492	-2.41207803376517	55
-16.5265084715976	-2.38591427590807	55
-16.5526620676934	-2.35977868093204	55
-16.5787871113547	-2.33367166842137	55
-16.6048831842542	-2.30759365600856	55
-16.6309498700187	-2.28154505937427	55
-16.6569867542295	-2.2555262922474	55
-16.6829934244224	-2.22953776640501	55
-16.7089694700875	-2.2035798916724	55
-16.7349144826694	-2.17765307592302	55
-16.760828055567	-2.15175772507857	55
-16.7867097841337	-2.1258942431089	55
-16.8125592656773	-2.10006303203208	55
-16.8383760994598	-2.07426449191438	55
-16.8641598866978	-2.04849902087027	55
-16.8899102305624	-2.02276701506241	55
-16.9156267361788	-1.99706886870167	55
-16.9413090106268	-1.97140497404709	55
-16.9669566629407	-1.94577572140593	55
-16.9925693041089	-1.92018149913366	55
-17.0181465470745	-1.89462269363392	55
-17.0436880067349	-1.86909968935857	55
-17.0691932999417	-1.84361286880766	55
-17.0946620455013	-1.81816261252943	55
-17.1200938641742	-1.79274929912032	55
-17.1454883786754	-1.76737330522498	55
-17.1708452136742	-1.74203500553626	55
-17.1961639957945	-1.71673477279518	55
-17.2214443536146	-1.691472977791	55
-17.2466859176669	-1.66624998936114	55
-17.2718883204385	-1.64106617439123	55
-17.2970511963708	-1.61592189781512	55
-17.3221741818597	-1.59081752261481	55
-17.3472569152552	-1.56575340982056	55
-17.3722990368622	-1.54072991851078	55
-17.3973001889395	-1.51574740581208	55
-17.4222600157006	-1.4908062268993	55
-17.4471781633134	-1.46590673499546	55
-17.4720542799001	-1.44104928137177	55
-17.4968880155372	-1.41623421534765	55
-17.5216790222559	-1.3914618842907	55
-17.5464269540415	-1.36673263361676	55
-17.571131466834	-1.34204680678981	55
-17.5957922185276	-1.31740474532207	55
-17.6204088689709	-1.29280678877395	55
-17.6449810799669	-1.26825327475405	55
-17.6695085152732	-1.24374453891916	55
-17.6939908406016	-1.2192809149743	55
-17.7184277236183	-1.19486273467266	55
-17.742818833944	-1.17049032781563	55
-17.7671638431538	-1.14616402225281	55
-17.7914624247772	-1.12188414388198	55
-17.815714254298	-1.09765101664915	55
-17.8399190091545	-1.0734649625485	55
-17.8640763687394	-1.0493263016224	55
-17.8881860143998	-1.02523535196146	55
-17.9122476294371	-1.00119242970444	55
-17.9362608991073	-0.977197849038332	55
-17.9602255106206	-0.953251922198308	55
-17.9841411531417	-0.929354959467753	55
-18.0080075177897	-0.905507269178232	55
-18.0318242976382	-0.881709157709519	55
-18.055591187715	-0.857960929489582	55
-18.0793078850025	-0.834262886994594	55
-18.1029740884373	-0.810615330748921	55
-18.1265894989105	-0.787018559325124	55
-18.1501538192678	-0.763472869343967	55
-18.1736667543089	-0.739978555474409	55
-18.1971280107883	-0.716535910433609	55
-18.2205372974146	-0.69314522498692	55
-18.243894324851	-0.669806787947902	55
-18.267198805715	-0.646520886178309	55
-18.2904504545785	-0.623287804588082	55
-18.3136489879679	-0.600107826135372	55
-18.3367941243639	-0.576981231826529	55
-18.3598855842017	-0.553908300716098	55
-18.3829230898708	-0.530889309906818	55
-18.4059063657152	-0.507924534549627	55
-18.4288351380331	-0.485014247843674	55
-18.4517091350774	-0.462158721036286	55
-18.4745280870553	-0.439358223422996	55
-18.4972917261282	-0.416613022347544	55
-18.5199997864122	-0.393923383201857	55
-18.5426520039776	-0.371289569426063	55
-18.5652481168492	-0.348711842508491	55
-18.5877878650061	-0.326190461985662	55
-18.610270990382	-0.303725685442301	55
-18.6326972368647	-0.281317768511328	55
-18.6550663502968	-0.258966964873859	55
-18.677378078475	-0.236673526259215	55
-18.6996321711504	-0.214437702444915	55
-18.7218283800287	-0.192259741256661	55
-18.7439664587699	-0.170139888568366	55
-18.7660461629883	-0.148078388302145	55
-18.7880672502528	-0.126075482428301	55
-18.8100294800865	-0.104131410965336	55
-18.8319326139671	-0.0822464119799622	55
-18.8537764153266	-0.0604207215870716	55
-18.8755606495514	-0.0386545739497657	55
-18.8972850839822	-0.0169482012793378	55
-18.9189494879144	0.00469816616470942	55
-18.9405536325976	0.0262843000746869	55
-18.9620972912357	0.0478099740947009	55
-18.9835802389872	0.0692749638206718	55
-19.0050022529649	0.090679046800302	55
-19.0263631122361	0.112022002533111	55
-19.0476625978224	0.133303612470415	55
-19.0689004926998	0.154523660015336	55
-19.0900765817989	0.175681930522785	55
-19.1111906520043	0.196778211299495	55
-19.1322424921554	0.217812291603991	55
-19.1532318930459	0.238783962646592	55
-19.1741586474237	0.259693017589432	55
-19.1950225499914	0.280539251546441	55
-19.2158233974057	0.301322461583349	55
-19.2365609882781	0.322042446717696	55
-19.257235123174	0.342699007918813	55
-19.2778456046137	0.363291948107844	55
-19.2983922370716	0.383821072157728	55
-19.3188748269765	0.404286186893204	55
-19.3392931827117	0.42468710109082	55
-19.3596471146149	0.445023625478917	55
-19.3799364349783	0.465295572737655	55
-19.4001609580482	0.485502757498975	55
-19.4203205000256	0.505644996346633	55
-19.4404148790658	0.525722107816184	55
-19.4604439152785	0.545733912394981	55
-19.4804074307277	0.565680232522181	55
-19.500305249432	0.585560892588751	55
-19.5201371973642	0.605375718937453	55
-19.5399031024518	0.625124539862846	55
-19.5596027945763	0.644807185611298	55
-19.579236105574	0.664423488380978	55
-19.5988028692353	0.683973282321857	55
-19.6183029213052	0.703456403535706	55
-19.6377360994829	0.7228726900761	55
-19.6571022434222	0.742221981948416	55
-19.6764011947313	0.761504121109834	55
-19.6956327969726	0.780718951469327	55
-19.7147968956632	0.799866318887679	55
-19.7338933382743	0.818946071177483	55
-19.7529219742317	0.837958058103116	55
-19.7718826549155	0.856902131380767	55
-19.7907752336603	0.875778144678427	55
-19.809599565755	0.894585953615894	55
-19.828355508443	0.91332541576475	55
-19.8470429209221	0.931996390648401	55
-19.8656616643444	0.950598739742039	55
-19.8842116018164	0.969132326472673	55
-19.9026925983992	0.987597016219093	55
-19.921104521108	1.00599267631191	55
-19.9394472389128	1.02431917603352	55
-19.9577206227376	1.04257638661815	55
-19.975924545461	1.06076418125179	55
-19.9940588819161	1.07888243507227	55
-20.0121235088901	1.09693102516919	55
-20.030118305125	1.11490983058397	55
-20.0480431513168	1.13281873230982	55
-20.0658979301162	1.15065761329177	55
-20.0836825261281	1.16842635842665	55
-20.101396825912	1.18612485456306	55
-20.1190407179817	1.20375299050145	55
-20.1366140928054	1.22131065699402	55
-20.1541168428056	1.23879774674483	55
-20.1715488623594	1.25621415440969	55
-20.1889100477983	1.27355977659624	55
-20.206200297408	1.29083451186391	55
-20.2234195114287	1.30803826072395	55
-20.2405675920551	1.32517092563939	55
-20.2576444434362	1.34223241102508	55
-20.2746499716754	1.35922262324765	55
-20.2915840848306	1.37614147062556	55
-20.308446692914	1.39298886342904	55
-20.3252377078922	1.40976471388016	55
-20.3419570436863	1.42646893615275	55
-20.3586046161717	1.44310144637248	55
-20.3751803431783	1.4596621626168	55
-20.3916841444903	1.47615100491496	55
-20.4081159418464	1.49256789524804	55
-20.4244756589396	1.50891275754887	55
-20.4407632214174	1.52518551770214	55
-20.4569785568817	1.5413861035443	55
-20.4731215948887	1.55751444486363	55
-20.4891922669491	1.57357047340018	55
-20.505190506528	1.58955412284584	55
-20.5211162490448	1.60546532884428	55
-20.5369694318734	1.62130402899096	55
-20.5527499943421	1.63707016283317	55
-20.5684578777336	1.65276367186998	55
-20.5840930252849	1.66838449955229	55
-20.5996553821877	1.68393259128276	55
-20.6151448955876	1.69940789441589	55
-20.6305615145852	1.71481035825796	55
-20.6459051902349	1.73013993406707	55
-20.6611758755461	1.74539657505309	55
-20.6763735254821	1.76058023637773	55
-20.6914980969608	1.77569087515447	55
-20.7065495488546	1.79072845044863	55
-20.7215278419902	1.80569292327728	55
-20.7364329391488	1.82058425660934	55
-20.7512648050657	1.83540241536552	55
-20.766023406431	1.8501473664183	55
-20.780708711889	1.864819078592	55
-20.7953206920384	1.87941752266273	55
-20.8098593194323	1.8939426713584	55
-20.8243245685783	1.90839449935872	55
-20.8387164159383	1.9227729832952	55
-20.8530348399287	1.93707810175116	55
-20.8672798209201	1.95130983526173	55
-20.8814513412379	1.96546816631382	55
-20.8955493851614	1.97955307934615	55
-20.9095739389246	1.99356456074925	55
-20.923524990716	2.00750259886544	55
-20.9374025306783	2.02136718398885	55
-20.9512065509085	2.03515830836542	55
-20.9649370454584	2.04887596619288	55
-20.9785940103338	2.06252015362075	55
-20.9921774434952	2.07609086875038	55
-21.0056873448573	2.0895881116349	55
-21.0191237162892	2.10301188427926	55
-21.0324865616147	2.11636219064019	55
-21.0457758866115	2.12963903662625	55
-21.0589916990123	2.14284243009777	55
-21.0721340085036	2.1559723808669	55
-21.0852028267268	2.1690289006976	55
-21.0981981672774	2.18201200330562	55
-21.1111200457054	2.19492170435851	55
-21.1239684795152	2.20775802147563	55
-21.1367434881657	2.22052097422813	55
-21.14944509307	2.23321058413898	55
-21.1620733175957	2.24582687468293	55
-21.1746281870649	2.25836987128655	55
-21.1871097287539	2.27083960132821	55
-21.1995179718937	2.28323609413808	55
-21.2118529476693	2.29555938099813	55
-21.2241146892205	2.30780949514211	55
-21.2363032316413	2.31998647175562	55
-21.2484186119801	2.33209034797602	55
-21.2604608692397	2.34412116289251	55
-21.2724300443774	2.35607895754604	55
-21.2843261803048	2.36796377492941	55
-21.2961493218879	2.37977565998719	55
-21.3078995159473	2.39151465961579	55
-21.3195768112578	2.40318082266337	55
-21.3311812585485	2.41477419992994	55
-21.3427129105032	2.42629484416728	55
-21.3541718217599	2.43774281007899	55
-21.3655580489112	2.44911815432046	55
-21.3768716505037	2.46042093549889	55
-21.3881126870389	2.47165121417328	55
-21.3992812209724	2.48280905285444	55
-21.4103773167143	2.49389451600496	55
-21.421401040629	2.50490767003925	55
-21.4323524610354	2.51584858332351	55
-21.4432316482068	2.52671732617577	55
-21.454038674371	2.53751397086582	55
-21.4647736137099	2.54823859161528	55
-21.4754365423601	2.55889126459758	55
-21.4860275384124	2.56947206793791	55
-21.4965466819123	2.57998108171331	55
-21.5069940548593	2.5904183879526	55
-21.5173697412075	2.60078407063639	55
-21.5276738268656	2.61107821569712	55
-21.5379063996963	2.62130091101901	55
-21.5480675495171	2.63145224643809	55
-21.5581573680996	2.64153231374219	55
-21.5681759491699	2.65154120667094	55
-21.5781233884086	2.66147902091578	55
-21.5879997834505	2.67134585411995	55
-21.5978052338851	2.68114180587849	55
-21.6075398412561	2.69086697773823	55
-21.6172037090615	2.70052147319782	55
-21.626796942754	2.71010539770771	55
-21.6363196497404	2.71961885867013	55
-21.6457719393821	2.72906196543915	55
-21.6551539229949	2.73843482932061	55
-21.6644657138488	2.74773756357216	55
-21.6737074271686	2.75697028340326	55
-21.682879180133	2.76613310597516	55
-21.6919810918755	2.77522615040094	55
-21.7010132834839	2.78424953774543	55
-21.7099758780002	2.79320339102532	55
-21.7188690004211	2.80208783520905	55
-21.7276927776976	2.81090299721691	55
-21.7364473387349	2.81964900592096	55
-21.745132814393	2.82832599214506	55
-21.7537493374858	2.83693408866489	55
-21.7622970427822	2.84547343020794	55
-21.770776067005	2.85394415345346	55
-21.7791865488316	2.86234639703255	55
-21.7875286288938	2.87068030152807	55
-21.7958024497778	2.87894600947472	55
-21.8040081560243	2.88714366535898	55
-21.8121458941281	2.89527341561914	55
-21.8202158125388	2.90333540864528	55
-21.82821806166	2.91132979477929	55
-21.8361527938501	2.91925672631487	55
-21.8440201634217	2.92711635749752	55
-21.8518203266417	2.93490884452452	55
-21.8595534417316	2.94263434554497	55
-21.8672196688671	2.95029302065978	55
-21.8748191701787	2.95788503192165	55
-21.8823521097507	2.96541054333508	55
-21.8898186536223	2.97286972085638	55
-21.897218969787	2.98026273239366	55
-21.9045532281925	2.98758974780682	55
-21.9118216007411	2.99485093890759	55
-21.9190242612895	3.00204647945946	55
-21.9261613856486	3.00917654517777	55
-21.9402397388154	3.02324096473395	55
-21.954058105818	3.03704564233469	55
-21.9676179635032	3.05059205396739	55
-21.9809208199884	3.06388170684828	55
-21.9939682146613	3.07691613942244	55
-22.0067617181802	3.08969692136374	55
-22.0193029324737	3.10222565357492	55
-22.031593490741	3.11450396818753	55
-22.0436350574516	3.12653352856198	55
-22.0554293283456	3.13831602928747	55
-22.0669780304333	3.14985319618206	55
-22.0782829219958	3.16114678629264	55
-22.0893457925844	3.17219858789492	55
-22.1001684630208	3.18301042049345	55
-22.1107527853974	3.19358413482161	55
-22.1211006430768	3.20392161284161	55
-22.1312139506922	3.2140247677445	55
-22.1410946541473	3.22389554395014	55
-22.150744730616	3.23353591710724	55
-22.1601661885428	3.24294789409335	55
-22.1693610676428	3.25213351301483	55
-22.1783314389012	3.26109484320688	55
-22.187079404574	3.26983398523354	55
-22.1956070981874	3.27835307088766	55
-22.2039166845382	3.28665426319095	55
-22.2120103596935	3.29473975639393	55
-22.219890350991	3.30261177597596	55
-22.2275589170388	3.31027257864523	55
-22.2350183477154	3.31772445233877	55
-22.2422709641698	3.32496971622242	55
-22.2527672666528	3.33545536868188	55
-22.2628116087463	3.34548950910511	55
-22.2724122200948	3.35508035991675	55
-22.2815774886493	3.36423630163743	55
-22.2903159606676	3.37296587288372	55
-22.2986363407139	3.38127777036816	55
-22.3065474916593	3.38918084889925	55
-22.3140584346815	3.39668412138144	55
-22.3211783492647	3.40379675881517	55
-22.3300794644414	3.41268876800874	55
-22.3383246085163	3.42092546878824	55
-22.345936853626	3.42852991143224	55
-22.3545981046565	3.43718227617093	55
-22.3623544589926	3.44493066481524	55
-22.3705357985898	3.45310359437072	55
-22.378636607191	3.4611960681083	55
-22.3861631358051	3.4687148468155	55
-22.3932938364593	3.47583820157841	55
-22.4004857803314	3.48302273555773	55
-22.4076284578971	3.49015805052012	55
-22.4148347782806	3.49730489454631	55
-22.4226574805938	3.50491073115198	55
-22.43089461791	3.51276596648418	55
-22.438917451881	3.52028634726822	55
-22.4470328523541	3.5277778309056	55
-22.4547331610016	3.53478892976033	55
-22.4633366253316	3.54251981376482	55
-22.470901276079	3.54923426739861	55
-22.4790977859555	3.55642761638378	55
-22.4879496187189	3.56410596104954	55
-22.4974799556531	3.57227418461394	55
-22.5077116955675	3.58093595318383	55
-22.5158594119689	3.58775768750561	55
-22.5244238320223	3.59485902729823	55
-22.5334143033448	3.60224017134499	55
-22.5428400841774	3.6099009333276	55
-22.552710343384	3.6178407418262	55
-22.5630341604522	3.62605864031934	55
-22.5738205254931	3.63455328718399	55
-22.585078339241	3.64332295569554	55
-22.5968164130538	3.6523655340278	55
-22.604912917572	3.65854431894675	55
-22.6132293115056	3.6648424603803	55
-22.6217681394222	3.67125904734175	55
-22.6305319282352	3.67779309277494	55
-22.6395231872029	3.68444353355427	55
-22.6487444079295	3.69120923048467	55
-22.6581980643641	3.69808896830164	55
-22.6678866128013	3.70508145567124	55
-22.6778124918813	3.71218532519005	55
-22.6879781225894	3.71939913338525	55
-22.6983859082564	3.72672136071451	55
-22.7090382345583	3.73415041156611	55
-22.7199374695167	3.74168461425885	55
-22.7310859634984	3.74932222104208	55
-22.7424860492157	3.75706140809573	55
-22.7541400417261	3.76490027553024	55
-22.7660502384326	3.77283684738663	55
-22.7782189190835	3.78086907163648	55
-22.7906483457726	3.78899482018189	55
-22.8033407629388	3.79721188885554	55
-22.8162983973666	3.80551799742064	55
-22.8295234581859	3.81391078957097	55
-22.8430181368717	3.82238783293085	55
-22.8567846072446	3.83094661905517	55
-22.8708250254704	3.83958456342933	55
-22.8851415300606	3.84829900546934	55
-22.8997362418716	3.85708720852171	55
-22.9146112641055	3.86594635986353	55
-22.9297686823097	3.87487357070243	55
-22.9452105643769	3.88386587617661	55
-22.9609389605451	3.89292023535479	55
-22.9769559033979	3.90203353123627	55
-22.9932634078641	3.91120257075089	55
-23.0098634712179	3.92042408475904	55
-23.0267580730789	3.92969472805168	55
-23.043949175412	3.93901107935028	55
-23.0614387225274	3.94836964130691	55
-23.0702960156481	3.95306363756051	55
-23.079228641081	3.95776684050416	55
-23.0882368368995	3.96247879157484	55
-23.0973208400737	3.96719902745519	55
-23.1064808864701	3.97192708007349	55
-23.1157172108519	3.9766624766037	55
-23.125030046879	3.98140473946542	55
-23.1344196271075	3.98615338632394	55
-23.1438861829905	3.99090793009017	55
-23.1534299448775	3.99566787892072	55
-23.1630511420146	4.00043273621782	55
-23.1727500025444	4.0052020006294	55
-23.1825267535064	4.00997516604901	55
-23.1923816208362	4.01475172161589	55
-23.2023148293664	4.01953115171492	55
-23.2123266028261	4.02431293597666	55
-23.2224171638407	4.02909654927729	55
-23.2325867339326	4.03388146173871	55
-23.2428355335205	4.03866713872842	55
-23.2531637819199	4.04345304085961	55
-23.2635716973425	4.04823862399113	55
-23.2740594968971	4.05302333922748	55
-23.2846273965887	4.05780663291883	55
-23.2952756113191	4.062587946661	55
-23.3060043548865	4.06736671729546	55
-23.3168138399859	4.07214237690937	55
-23.3277042782086	4.07691435283552	55
-23.3386758800429	4.08168206765238	55
-23.3497288548733	4.08644493918406	55
-23.360863410981	4.09120238050034	55
-23.3720797555439	4.09595379991667	55
-23.3833780946364	4.10069860099414	55
-23.3947586332295	4.10543618253951	55
-23.4062215751906	4.1101659386052	55
-23.4177671232841	4.11488725848928	55
-23.4293954791705	4.1195995267355	55
-23.4411068434074	4.12430212313324	55
-23.4529014154485	4.12899442271757	55
-23.4647793936443	4.13367579576919	55
-23.4767409752421	4.13834560781449	55
-23.4887863563853	4.1430032196255	55
-23.5009157321143	4.14764798721991	55
-23.513129296366	4.15227926186107	55
-23.5254272419737	4.156896390058	55
-23.5378097606674	4.16149871356537	55
-23.5502770430738	4.16608556938351	55
-23.5628292787161	4.17065628975841	55
-23.575466656014	4.17521020218172	55
-23.5881893622838	4.17974662939076	55
-23.6009975837385	4.18426488936848	55
-23.6138915054877	4.18876429534352	55
-23.6268713115374	4.19324415579018	55
-23.6399371847903	4.19770377442839	55
-23.6530893070457	4.20214245022376	55
-23.6663278589996	4.20655947738757	55
-23.6796530202442	4.21095414537673	55
-23.6930649692687	4.21532573889383	55
-23.7065638834587	4.21967353788713	55
-23.7201499390965	4.22399681755051	55
-23.7338233113607	4.22829484832355	55
-23.7475841743268	4.23256689589148	55
-23.7614327009667	4.23681222118516	55
-23.775369063149	4.24103008038116	55
-23.7893934316388	4.24521972490166	55
-23.8035059760979	4.24938040141453	55
-23.8177068650846	4.2535113518333	55
-23.8319962660537	4.25761181331714	55
-23.8463743453567	4.26168101827089	55
-23.8608412682417	4.26571819434506	55
-23.8753971988533	4.26972256443579	55
-23.8900423002328	4.27369334668492	55
-23.904776734318	4.27762975447991	55
-23.9196006619433	4.28153099645391	55
-23.9345142428396	4.28539627648571	55
-23.9495176356346	4.28922479369977	55
-23.9646109978525	4.29301574246621	55
-23.9797944859139	4.29676831240079	55
-23.9950682551362	4.30048168836497	55
-24.0104324597333	4.30415505046582	55
-24.0258872528158	4.30778757405611	55
-24.0414327863906	4.31137842973424	55
-24.0570692113616	4.3149267833443	55
-24.0727966775289	4.318431795976	55
-24.0886153335893	4.32189262396475	55
-24.1045253271364	4.3253084188916	55
-24.1205268046601	4.32867832758326	55
-24.1366199115471	4.33200149211209	55
-24.1528047920805	4.33527704979613	55
-24.16908158944	4.33850413319906	55
-24.1854504457021	4.34168187013024	55
-24.2019115018398	4.34480938364468	55
-24.2184648977224	4.34788579204303	55
-24.2351107721162	4.35091020887163	55
-24.2518492626838	4.35388174292247	55
-24.2686805059845	4.35679949823319	55
-24.2856046374742	4.35966257408709	55
-24.3026217915054	4.36247006501315	55
-24.3197321013271	4.36522106078599	55
-24.3369356990848	4.36791464642588	55
-24.3542327158209	4.37054990219878	55
-24.3716232814742	4.37312590361628	55
-24.3891075248799	4.37564172143566	55
-24.4066855737701	4.37809642165983	55
-24.4243575547734	4.38048906553737	55
-24.4421235934148	4.38281870956253	55
-24.4599838141161	4.3850844054752	55
-24.4779383401956	4.38728520026095	55
-24.4959872938683	4.38942013615099	55
-24.5141307962455	4.3914882506222	55
-24.5323689673353	4.39348857639712	55
-24.5507019260425	4.39542014144396	55
-24.5691297901682	4.39728196897656	55
-24.5876526764103	4.39907307745445	55
-24.6062707003631	4.4007924805828	55
-24.6249839765177	4.40243918731244	55
-24.6437926182617	4.40401220183988	55
-24.6626967378791	4.40551052360726	55
-24.6816964465509	4.4069331473024	55
-24.7007918543542	4.40827906285878	55
-24.7199830702631	4.40954725545552	55
-24.7392702021479	4.41073670551743	55
-24.7586533567759	4.41184638871495	55
-24.7781326398107	4.41287527596419	55
-24.7977081558126	4.41382233342692	55
-24.8173800082383	4.41468652251059	55
-24.8371482994415	4.41546679986827	55
-24.8570131306719	4.41616211739872	55
-24.8769746020764	4.41677142224633	55
-24.897032812698	4.4172936568012	55
-24.9171878604765	4.41772775869904	55
-24.9374398422483	4.41807266082124	55
-24.9577888537464	4.41832729129484	55
-24.9782349896002	4.41849057349256	55
-24.998778343336	4.41856142603276	55
-25.0194190073763	4.41853876277946	55
-25.0401570730405	4.41842149284235	55
-25.0609926305445	4.41820852057678	55
-25.0819257690007	4.41789874558374	55
-25.1029565764182	4.4174910627099	55
-25.1240851397026	4.41698436204759	55
-25.145311544656	4.41637752893479	55
-25.1666358759774	4.41566944395513	55
-25.1880582172621	4.41485898293793	55
-25.2095786510021	4.41394501695813	55
-25.2311972585859	4.41292641233637	55
-25.2529141202986	4.41180203063892	55
-25.2747293153221	4.41057072867772	55
-25.2966429217346	4.40923135851037	55
-25.318655016511	4.40778276744012	55
-25.3407656755228	4.40622379801591	55
-25.3629749735381	4.40455328803229	55
-25.3852829842215	4.40277007052951	55
-25.4076897801342	4.40087297379348	55
-25.4301954327342	4.39886082135573	55
-25.4528000123758	4.39673243199348	55
-25.47550358831	4.39448661972962	55
-25.4983062286844	4.39212219383268	55
-25.5212080005431	4.38963795881684	55
-25.544208969827	4.38703271444196	55
-25.5673092013733	4.38430525571356	55
-25.590508758916	4.38145437288281	55
-25.6138077050855	4.37847885144653	55
-25.6372061014091	4.37537747214723	55
-25.6607040083103	4.37214901097304	55
-25.6843014851095	4.36879223915778	55
-25.7079985900235	4.36530592318093	55
-25.7317953801657	4.3616888247676	55
-25.7556919115461	4.35793970088858	55
-25.7796882390714	4.35405730376033	55
-25.8037844165447	4.35004038084496	55
-25.8279804966659	4.34588767485022	55
-25.8522765310313	4.34159792372955	55
-25.8766725701338	4.33716986068203	55
-25.901168663363	4.33260221415241	55
-25.925764859005	4.32789370783109	55
-25.9504612042426	4.32304306065413	55
-25.9752577451549	4.31804898680326	55
-26.0001545267179	4.31291019570587	55
-26.0251515928041	4.30762539203499	55
-26.0502489861825	4.30219327570934	55
-26.0754467485187	4.29661254189325	55
-26.1007449203749	4.29088188099677	55
-26.12614354121	4.28499997867557	55
-26.1516426493794	4.278965515831	55
-26.177242282135	4.27277716861005	55
-26.2029424756253	4.26643360840537	55
-26.2287432648956	4.25993350185529	55
-26.2546446838876	4.2532755108438	55
-26.2806467654395	4.24645829250051	55
-26.3067495412864	4.23948049920075	55
-26.3329530420596	4.23234077856545	55
-26.3592572972872	4.22503777346123	55
-26.385662335394	4.21757012200037	55
-26.4121681837011	4.20993645754081	55
-26.4387748684264	4.20213540868614	55
-26.4654824146844	4.19416559928561	55
-26.4922908464859	4.18602564843414	55
-26.5192001867386	4.1777141704723	55
-26.5462104572467	4.16922977498633	55
-26.5733216787109	4.1605710668081	55
-26.6005338707285	4.15173664601518	55
-26.6278470517936	4.14272510793079	55
-26.6552612392966	4.13353504312377	55
-26.6827764495246	4.12416503740868	55
-26.7103926976613	4.11461367184569	55
-26.7381099977869	4.10487952274066	55
-26.7659283628784	4.09496116164509	55
-26.7938478048091	4.08485715535615	55
-26.8218683343491	4.07456606591667	55
-26.8499899611651	4.06408645061513	55
-26.8782126938201	4.05341686198569	55
-26.906536539774	4.04255584780814	55
-26.9349615053832	4.03150195110797	55
-26.9634875959006	4.02025371015627	55
-26.9921148154758	4.00880965846984	55
-27.0208431671548	3.99716832481113	55
-27.0496726528804	3.98532823318824	55
-27.0786032734919	3.97328790285493	55
-27.1076350287251	3.96104584831062	55
-27.1367679172126	3.9486005793004	55
-27.1660019364834	3.935950600815	55
-27.1953370829631	3.92309441309083	55
-27.224773351974	3.91003051160995	55
-27.2543107377348	3.89675738710007	55
-27.2839492333609	3.88327352553458	55
-27.3136888308644	3.8695774081325	55
-27.3435295211538	3.85566751135855	55
-27.3734712940342	3.84154230692308	55
-27.4035141382074	3.82720026178211	55
-27.4336580412718	3.8126398381373	55
-27.4639029897221	3.797859493436	55
-27.49424896895	3.78285768037121	55
-27.5246959632434	3.76763284688158	55
-27.5552439557871	3.75218343615142	55
-27.5858929286622	3.7365078866107	55
-27.6166428628468	3.72060463193506	55
-27.647493738215	3.7044721010458	55
-27.678445533538	3.68810871810986	55
-27.7094982264834	3.67151290253986	55
-27.7406517936153	3.65468306899406	55
-27.7719062103945	3.6376176273764	55
-27.8032614511783	3.62031498283648	55
-27.8347174892207	3.60277353576953	55
-27.8662742966722	3.58499168181647	55
