-28.1332983943116	5.61285204131488	19
-28.138903473444	5.60450659303244	19
-28.144403240787	5.59609137002359	19
-28.1497968278635	5.58760770114959	19
-28.1550833829636	5.57905692608011	19
-28.160262071279	5.57044039508164	19
-28.1653320750347	5.56175946880433	19
-28.1702925936184	5.55301551806706	19
-28.1751428437068	5.54420992364101	19
-28.179882059389	5.53534407603163	19
-28.184509492288	5.52641937525903	19
-28.1890244116785	5.51743723063691	19
-28.1934261046024	5.50839906055005	19
-28.1977138759813	5.49930629223026	19
-28.2018870487265	5.49016036153108	19
-28.2059449638456	5.48096271270098	19
-28.2098869805467	5.47171479815534	19
-28.2137124763397	5.46241807824707	19
-28.2174208471346	5.45307402103601	19
-28.2210115073364	5.44368410205712	19
-28.2244838899384	5.43424980408745	19
-28.2278374466112	5.42477261691203	19
-28.2310716477892	5.41525403708856	19
-28.2341859827545	5.40569556771114	19
-28.2371799597177	5.39609871817291	19
-28.2400531058949	5.38646500392764	19
-28.2428049675832	5.37679594625049	19
-28.2454351102316	5.36709307199776	19
-28.2479431185102	5.35735791336578	19
-28.2503285963754	5.34759200764894	19
-28.2525911671325	5.33779689699696	19
-28.2547304734954	5.32797412817138	19
-28.2567461776429	5.31812525230125	19
-28.2586379612718	5.30825182463824	19
-28.2604055256477	5.29835540431105	19
-28.2620485916516	5.28843755407915	19
-28.2635668998243	5.27849984008609	19
-28.2649602104074	5.26854383161208	19
-28.266228303381	5.2585711008263	19
-28.2673709784985	5.24858322253854	19
-28.2683880553183	5.23858177395056	19
-28.2692793732321	5.22856833440703	19
-28.2700447914905	5.21854448514614	19
-28.2706841892251	5.20851180904989	19
-28.2711974654676	5.19847189039413	19
-28.2715845391657	5.1884263145984	19
-28.271845349196	5.17837666797559	19
-28.2719798543736	5.16832453748138	19
-28.2719880334585	5.15827151046372	19
-28.2718698851591	5.14821917441209	19
-28.2716254281325	5.13816911670691	19
-28.2712547009813	5.12812292436878	19
-28.2707577622475	5.11808218380793	19
-28.2701346904035	5.1080484805737	19
-28.2693855838397	5.09802339910414	19
-28.2685105608486	5.08800852247582	19
-28.2675097596065	5.07800543215387	19
-28.2663833381515	5.0680157077422	19
-28.2651314743586	5.0580409267341	19
-28.2637543659117	5.04808266426313	19
-28.2622522302721	5.03814249285437	19
-28.2606253046444	5.02822198217612	19
-28.2588738459391	5.01832269879201	19
-28.2569981307317	5.00844620591364	19
-28.2549984552196	4.99859406315374	19
-28.2528751351745	4.98876782627986	19
-28.2506285058935	4.9789690469687	19
-28.2482589221452	4.96919927256111	19
-28.2457667581144	4.95946004581773	19
-28.2431524073427	4.94975290467536	19
-28.2404162826664	4.94007938200411	19
-28.2375588161513	4.93044100536535	19
-28.2345804590245	4.92083929677049	19
-28.2314816816031	4.91127577244062	19
-28.22826297322	4.90175194256709	19
-28.2249248421466	4.89226931107304	19
-28.2214678155124	4.88282937537593	19
-28.217892439222	4.87343362615101	19
-28.2141992778688	4.86408354709601	19
-28.2103889146458	4.85478061469682	19
-28.2064619512535	4.84552629799429	19
-28.2024190078049	4.83632205835231	19
-28.1982607227277	4.82716934922702	19
-28.1939877526633	4.81806961593729	19
-28.1896007723632	4.8090242954365	19
-28.1851004745825	4.80003481608561	19
-28.1804875699703	4.79110259742762	19
-28.1757627869578	4.7822290499634	19
-28.1709268716429	4.77341557492896	19
-28.1659805876727	4.76466356407417	19
-28.1609247161229	4.75597439944302	19
-28.1557600553742	4.74734945315532	19
-28.1504874209863	4.73879008719007	19
-28.1451076455694	4.73029765317038	19
-28.1396215786523	4.72187349215004	19
-28.1340300865486	4.71351893440172	19
-28.1283340522198	4.70523529920694	19
-28.1225343751357	4.69702389464773	19
-28.1166319711325	4.68888601740005	19
-28.1106277722682	4.68082295252906	19
-28.1045227266755	4.67283597328617	19
-28.0983177984118	4.66492634090799	19
-28.0920139673072	4.65709530441718	19
-28.0856122288098	4.64934410042516	19
-28.0791135938282	4.6416739529369	19
-28.0725190885723	4.63408607315761	19
-28.0658297543909	4.62658165930147	19
-28.0590466476073	4.61916189640242	19
-28.0521708393528	4.61182795612703	19
-28.0452034153973	4.60458099658949	19
-28.0381454759776	4.59742216216872	19
-28.0309981356243	4.59035258332766	19
-28.0237625229854	4.58337337643477	19
-28.0164397806477	4.57648564358771	19
-28.0090310649574	4.56969047243936	19
-28.0015375458365	4.562988936026	19
-27.9939604065985	4.55638209259793	19
-27.9863008437615	4.54987098545231	19
-27.9785600668593	4.54345664276843	19
-27.9707392982504	4.53714007744537	19
-27.9628397729246	4.53092228694201	19
-27.9548627383088	4.52480425311956	19
-27.946809454069	4.51878694208647	19
-27.9386811919123	4.51287130404591	19
-27.9304792353854	4.50705827314571	19
-27.9222048796724	4.50134876733083	19
-27.91385943139	4.49574368819842	19
-27.9054442083811	4.49024392085546	19
-27.8969605395071	4.48485033377897	19
-27.8884097644377	4.47956377867887	19
-27.8797932334392	4.47438509036349	19
-27.8711123071619	4.46931508660775	19
-27.8623683564246	4.46435456802402	19
-27.8535627619986	4.45950431793569	19
-27.8446969143892	4.45476510225347	19
-27.8357722136166	4.45013766935446	19
-27.8267900689945	4.44562274996395	19
-27.8177518989076	4.44122105704005	19
-27.8086591305878	4.43693328566111	19
-27.7995131998886	4.43276011291593	19
-27.7903155510585	4.42870219779686	19
-27.7810676365129	4.42476018109574	19
-27.7717709166046	4.42093468530271	19
-27.7624268593936	4.4172263145079	19
-27.7530369404147	4.41363565430604	19
-27.743602642445	4.41016327170401	19
-27.7341254552696	4.40680971503126	19
-27.7246068754461	4.40357551385329	19
-27.7150484060687	4.40046117888793	19
-27.7054515565305	4.3974672019248	19
-27.6958178422852	4.39459405574755	19
-27.686148784608	4.39184219405927	19
-27.6764459103553	4.38921205141084	19
-27.6667107517233	4.38670404313225	19
-27.6569448460065	4.38431856526709	19
-27.6471497353545	4.38205599450997	19
-27.6373269665289	4.37991668814704	19
-27.6274780906588	4.37790098399958	19
-27.6176046629958	4.37600920037063	19
-27.6077082426686	4.37424163599477	19
-27.5977903924367	4.37259856999089	19
-27.5878526784436	4.37108026181816	19
-27.5778966699696	4.36968695123505	19
-27.5679239391838	4.36841885826146	19
-27.5579360608961	4.36727618314395	19
-27.5479346123081	4.36625910632418	19
-27.5379211727646	4.36536778841037	19
-27.5278973235037	4.36460237015195	19
-27.5178646474074	4.36396297241733	19
-27.5078247287517	4.36344969617483	19
-27.4977791529559	4.36306262247672	19
-27.4877295063331	4.36280181244642	19
-27.4776773758389	4.36266730726887	19
-27.4676243488213	4.36265912818397	19
-27.4575720127696	4.36277727648332	19
-27.4475219550645	4.36302173350992	19
-27.4374757627263	4.36339246066117	19
-27.4274350221655	4.36388939939497	19
-27.4174013189312	4.36451247123891	19
-27.4073762374617	4.36526157780274	19
-27.3973613608334	4.36613660079385	19
-27.3873582705114	4.36713740203596	19
-27.3773685460997	4.36826382349095	19
-27.3673937650916	4.36951568728382	19
-27.3574355026207	4.37089279573076	19
-27.3474953312119	4.37239493137039	19
-27.3375748205337	4.37402185699807	19
-27.3276755371496	4.37577331570339	19
-27.3177990442712	4.37764903091071	19
-27.3079469015113	4.37964870642287	19
-27.2981206646374	4.38177202646791	19
-27.2883218853262	4.38401865574898	19
-27.2785521109187	4.38638823949729	19
-27.2688128841753	4.38888040352807	19
-27.2591057430329	4.39149475429976	19
-27.2494322203617	4.39423087897605	19
-27.2397938437229	4.39708834549113	19
-27.230192135128	4.40006670261792	19
-27.2206286107982	4.40316548003931	19
-27.2111047809246	4.40638418842241	19
-27.2016221494306	4.40972231949586	19
-27.1921822137335	4.41317934613007	19
-27.1827864645086	4.41675472242045	19
-27.1734363854536	4.42044788377365	19
-27.1641334530544	4.42425824699667	19
-27.1548791363518	4.42818521038899	19
-27.1456748967099	4.43222815383756	19
-27.1365221875846	4.43638643891475	19
-27.1274224542948	4.44065940897915	19
-27.118377133794	4.44504638927923	19
-27.1093876544432	4.44954668705997	19
-27.1004554357852	4.45415959167216	19
-27.0915818883209	4.4588843746847	19
-27.0827684132865	4.46372028999958	19
-27.0740164024317	4.46866657396971	19
-27.0653272378006	4.4737224455195	19
-27.0567022915129	4.47888710626825	19
-27.0481429255476	4.48415974065613	19
-27.0396504915279	4.48953951607307	19
-27.0312263305076	4.49502558299015	19
-27.0228717727593	4.50061707509381	19
-27.0145881375645	4.50631310942264	19
-27.0063767330053	4.51211278650678	19
-26.9982277438131	4.51796917553948	19
-26.9855601045027	4.52703425943603	19
-26.9728934058086	4.5360432184733	19
-26.9602276477306	4.54499605265128	19
-26.9475628302688	4.55389276196997	19
-26.9348989534232	4.56273334642936	19
-26.9222360171937	4.57151780602947	19
-26.9095740215804	4.58024614077028	19
-26.8969129665833	4.58891835065181	19
-26.8842528522023	4.59753443567405	19
-26.8715936784375	4.606094395837	19
-26.8589354452889	4.61459823114065	19
-26.8462781527564	4.62304594158502	19
-26.8336218008401	4.6314375271701	19
-26.82096638954	4.63977298789588	19
-26.808311918856	4.64805232376238	19
-26.7956583887882	4.65627553476959	19
-26.7830057993366	4.6644426209175	19
-26.7703541505011	4.67255358220613	19
-26.7577034422818	4.68060841863547	19
-26.7450536746787	4.68860713020551	19
-26.7324048476917	4.69654971691627	19
-26.7197569613209	4.70443617876774	19
-26.7071100155663	4.71226651575991	19
-26.6944640104279	4.7200407278928	19
-26.6818189459056	4.7277588151664	19
-26.6691748219995	4.7354207775807	19
-26.6565316387095	4.74302661513572	19
-26.6438893960357	4.75057632783144	19
-26.6312480939781	4.75806991566788	19
-26.6186077325366	4.76550737864502	19
-26.6059683117114	4.77288871676288	19
-26.5933298315022	4.78021393002145	19
-26.5806922919093	4.78748301842072	19
-26.5680556929325	4.79469598196071	19
-26.5554200345719	4.8018528206414	19
-26.5427853168275	4.80895353446281	19
-26.5301515396992	4.81599812342492	19
-26.5175187031871	4.82298658752775	19
-26.5048868072911	4.82991892677129	19
-26.4922558520113	4.83679514115553	19
-26.4796258373477	4.84361523068049	19
-26.4669967633003	4.85037919534615	19
-26.454368629869	4.85708703515253	19
-26.4417414370539	4.86373875009961	19
-26.429115184855	4.87033434018741	19
-26.4164898732722	4.87687380541591	19
-26.4038655023056	4.88335714578513	19
-26.3912420719552	4.88978436129505	19
-26.3786195822209	4.89615545194569	19
-26.3659980331028	4.90247041773703	19
-26.3533774246009	4.90872925866909	19
-26.3407577567151	4.91493197474185	19
-26.3281390294455	4.92107856595533	19
-26.3155212427921	4.92716903230951	19
-26.3029043967548	4.93320337380441	19
-26.2902884913337	4.93918159044001	19
-26.2776735265288	4.94510368221633	19
-26.26505950234	4.95096964913335	19
-26.2524464187674	4.95677949119109	19
-26.239834275811	4.96253320838953	19
-26.2272230734707	4.96823080072868	19
-26.2146128117466	4.97387226820855	19
-26.2020034906387	4.97945761082912	19
-26.189395110147	4.98498682859041	19
-26.1767876702714	4.9904599214924	19
-26.164181171012	4.99587688953511	19
-26.1515756123687	5.00123773271852	19
-26.1389709943416	5.00654245104264	19
-26.1263673169307	5.01179104450748	19
-26.1137645801359	5.01698351311302	19
-26.1011627839574	5.02211985685927	19
-26.0885619283949	5.02720007574624	19
-26.0759620134487	5.03222416977391	19
-26.0633630391186	5.0371921389423	19
-26.0507650054047	5.04210398325139	19
-26.038167912307	5.0469597027012	19
-26.0255717598254	5.05175929729171	19
-26.01297654796	5.05650276702293	19
-26.0003822767107	5.06119011189487	19
-25.9877889460776	5.06582133190751	19
-25.9751965560607	5.07039642706086	19
-25.96260510666	5.07491539735492	19
-25.9500145978754	5.0793782427897	19
-25.937425029707	5.08378496336518	19
-25.9248364021548	5.08813555908138	19
-25.9122487152187	5.09243002993828	19
-25.8996619688988	5.09666837593589	19
-25.8870761631951	5.10085059707421	19
-25.8744912981075	5.10497669335325	19
-25.8619073736361	5.10904666477299	19
-25.8493243897809	5.11306051133344	19
-25.8367423465418	5.11701823303461	19
-25.8241612439189	5.12091982987648	19
-25.8115810819122	5.12476530185906	19
-25.7990018605216	5.12855464898235	19
-25.7864235797472	5.13228787124636	19
-25.773846239589	5.13596496865107	19
-25.7612698400469	5.13958594119649	19
-25.748694381121	5.14315078888262	19
-25.7361198628113	5.14665951170947	19
-25.7235462851177	5.15011210967702	19
-25.7109736480404	5.15350858278528	19
-25.6984019515791	5.15684893103426	19
-25.6858311957341	5.16013315442394	19
-25.6732613805052	5.16336125295433	19
-25.6606925058925	5.16653322662543	19
-25.6481245718959	5.16964907543724	19
-25.6355575785155	5.17270879938977	19
-25.6229915257513	5.175712398483	19
-25.6104264136033	5.17865987271694	19
-25.5978622420714	5.18155122209159	19
-25.5852990111557	5.18438644660695	19
-25.5727367208561	5.18716554626303	19
-25.5601753711727	5.18988852105981	19
-25.5476149621055	5.1925553709973	19
-25.5350554936545	5.1951660960755	19
-25.5224969658196	5.19772069629441	19
-25.5099393786009	5.20021917165404	19
-25.4973827319983	5.20266152215437	19
-25.484827026012	5.20504774779541	19
-25.4722722606418	5.20737784857716	19
-25.4597184358877	5.20965182449962	19
-25.4471655517498	5.21186967556279	19
-25.4346136082281	5.21403140176667	19
-25.4220626053226	5.21613700311126	19
-25.4095125430332	5.21818647959657	19
-25.39696342136	5.22017983122258	19
-25.384415240303	5.2221170579893	19
-25.3718679998621	5.22399815989673	19
-25.3593217000374	5.22582313694487	19
-25.3467763408289	5.22759198913372	19
-25.3342319222365	5.22930471646329	19
-25.3216884442603	5.23096131893355	19
-25.3091459069003	5.23256179654454	19
-25.2966043101564	5.23410614929623	19
-25.2840636540287	5.23559437718863	19
-25.2715239385172	5.23702648022174	19
-25.2589851636218	5.23840245839556	19
-25.2464473293426	5.23972231171009	19
-25.2339104356796	5.24098604016533	19
-25.2213744826328	5.24219364376128	19
-25.2088394702021	5.24334512249794	19
-25.1963053983876	5.24444047637531	19
-25.1837722671892	5.24547970539339	19
-25.171240076607	5.24646280955218	19
-25.158708826641	5.24738978885168	19
-25.1461785172911	5.24826064329189	19
-25.1336491485574	5.24907537287281	19
-25.1211207204399	5.24983397759444	19
-25.1085932329386	5.25053645745678	19
-25.0960666860534	5.25118281245983	19
-25.0835410797844	5.25177304260359	19
-25.0710164141315	5.25230714788806	19
-25.0584926890949	5.25278512831324	19
-25.0459699046743	5.25320698387914	19
-25.03344806087	5.25357271458573	19
-25.0209271576818	5.25388232043304	19
-25.0084071951098	5.25413580142106	19
-24.995888173154	5.25433315754979	19
-24.9833700918143	5.25447438881923	19
-24.9708529510908	5.25455949522938	19
-24.9583367509834	5.25458847678024	19
-24.9458214914923	5.25456133347181	19
-24.9333071726173	5.25447806530409	19
-24.9207937943584	5.25433867227708	19
-24.9082813567158	5.25414315439078	19
-24.8957698596893	5.25389151164519	19
-24.8832593032789	5.25358374404031	19
-24.8707496874848	5.25321985157614	19
-24.8582410123067	5.25279983425268	19
-24.8457332777449	5.25232369206992	19
-24.8332264837993	5.25179142502788	19
-24.8207206304698	5.25120303312655	19
-24.8082157177564	5.25055851636593	19
-24.7957117456593	5.24985787474602	19
-24.7832087141783	5.24910110826682	19
-24.7707066233134	5.24828821692833	19
-24.7582054730648	5.24741920073055	19
-24.7457052634323	5.24649405967348	19
-24.733205994416	5.24551279375712	19
-24.7207076660158	5.24447540298147	19
-24.7082102782318	5.24338188734652	19
-24.695713831064	5.24223224685229	19
-24.6832183245123	5.24102648149877	19
-24.6707237585768	5.23976459128596	19
-24.6582301332575	5.23844657621386	19
-24.6457374485544	5.23707243628246	19
-24.6332457044674	5.23564217149178	19
-24.6207549009966	5.23415578184181	19
-24.6082650381419	5.23261326733255	19
-24.5957761159034	5.231014627964	19
-24.5832881342811	5.22935986373616	19
-24.570801093275	5.22764897464902	19
-24.558314992885	5.2258819607026	19
-24.5458298331112	5.22405882189689	19
-24.5333456139535	5.22217955823189	19
-24.5208623354121	5.2202441697076	19
-24.5083799974868	5.21825265632401	19
-24.4958986001776	5.21620501808114	19
-24.4834181434846	5.21410125497898	19
-24.4709386274078	5.21194136701753	19
-24.4584600519472	5.20972535419678	19
-24.4459824171027	5.20745321651675	19
-24.4335057228744	5.20512495397743	19
-24.4210299692623	5.20274056657882	19
-24.4085551562663	5.20030005432091	19
-24.3960812838865	5.19780341720372	19
-24.3836083521229	5.19525065522724	19
-24.3711363609754	5.19264176839147	19
-24.3586653104441	5.1899767566964	19
-24.346195200529	5.18725562014205	19
-24.33372603123	5.18447835872841	19
-24.3212578025472	5.18164497245547	19
-24.3087905144806	5.17875546132325	19
-24.2963241670301	5.17580982533174	19
-24.2838587601958	5.17280806448094	19
-24.2713942939777	5.16975017877084	19
-24.2589307683757	5.16663616820146	19
-24.2464681833899	5.16346603277279	19
-24.2340065390203	5.16023977248482	19
-24.2215458352669	5.15695738733757	19
-24.2090860721296	5.15361887733103	19
-24.1966272496084	5.1502242424652	19
-24.1841693677035	5.14677348274007	19
-24.1717124264147	5.14326659815566	19
-24.1592564257421	5.13970358871195	19
-24.1468013656856	5.13608445440896	19
-24.1343472462453	5.13240919524667	19
-24.1218940674212	5.1286778112251	19
-24.1094418292133	5.12489030234424	19
-24.0969905316215	5.12104666860408	19
-24.0845401746459	5.11714691000464	19
-24.0720907582864	5.11319102654591	19
-24.0596422825432	5.10917901822788	19
-24.047194747416	5.10511088505057	19
-24.0347481529051	5.10098662701396	19
-24.0223024990103	5.09680624411807	19
-24.0098577857317	5.09256973636289	19
-23.9974140130693	5.08827710374841	19
-23.984971181023	5.08392834627465	19
-23.9725292895929	5.07952346394159	19
-23.9600883387789	5.07506245674925	19
-23.9476483285812	5.07054532469761	19
-23.9352092589996	5.06597206778669	19
-23.9227711300341	5.06134268601647	19
-23.9103339416849	5.05665717938697	19
-23.8978976939518	5.05191554789818	19
-23.8854623868348	5.04711779155009	19
-23.8730280203341	5.04226391034272	19
-23.8605945944495	5.03735390427605	19
-23.848162109181	5.0323877733501	19
-23.8357305645288	5.02736551756485	19
-23.8232999604927	5.02228713692032	19
-23.8108702970727	5.01715263141649	19
-23.798441574269	5.01196200105338	19
-23.7860137920814	5.00671524583098	19
-23.77358695051	5.00141236574928	19
-23.7611610495547	4.9960533608083	19
-23.7487360892156	4.99063823100802	19
-23.7363120694927	4.98516697634845	19
-23.7238889903859	4.9796395968296	19
-23.7114668518953	4.97405609245145	19
-23.6990456540209	4.96841646321402	19
-23.6866253967627	4.96272070911729	19
-23.6742060801206	4.95696883016128	19
-23.6617877040947	4.95116082634597	19
-23.6493702686849	4.94529669767138	19
-23.6369537738913	4.93937644413749	19
-23.6245382197139	4.93340006574431	19
-23.6121236061527	4.92736756249185	19
-23.5997099332076	4.9212789343801	19
-23.5872972008787	4.91513418140905	19
-23.5748854091659	4.90893330357871	19
-23.5624745580693	4.90267630088908	19
-23.5500646475889	4.89636317334017	19
-23.5376556777247	4.88999392093196	19
-23.5252476484766	4.88356854366447	19
-23.5128405598447	4.87708704153768	19
-23.5004344118289	4.87054941455161	19
-23.4880292044294	4.86395566270624	19
-23.475624937646	4.85730578600158	19
-23.4632216114787	4.85059978443764	19
-23.4508192259277	4.8438376580144	19
-23.4384177809928	4.83701940673188	19
-23.426017276674	4.83014503059006	19
-23.4136177129714	4.82321452958896	19
-23.401219089885	4.81622790372856	19
-23.3888214074148	4.80918515300887	19
-23.3764246655607	4.80208627742989	19
-23.3640288643228	4.79493127699163	19
-23.3516340037011	4.78772015169407	19
-23.3392400836955	4.78045290153722	19
-23.3268471043062	4.77312952652108	19
-23.3144550655329	4.76575002664566	19
-23.3020639673759	4.75831440191094	19
-23.289673809835	4.75082265231694	19
-23.2772845929102	4.74327477786364	19
-23.2648963166017	4.73567077855105	19
-23.2525089809093	4.72801065437918	19
-23.2401225858331	4.72029440534801	19
-23.227737131373	4.71252203145755	19
-23.2153526175291	4.7046935327078	19
-23.2029690443014	4.69680890909877	19
-23.1905864116898	4.68886816063044	19
-23.1782047196945	4.68087128730282	19
-23.1658239683152	4.67281828911592	19
-23.1534441575522	4.66470916606972	19
-23.1410652874053	4.65654391816423	19
-23.1286873578746	4.64832254539945	19
-23.11631036896	4.64004504777538	19
-23.1039343206617	4.63171142529202	19
-23.0915592129794	4.62332167794938	19
-23.0791850459134	4.61487580574744	19
-23.0668118194635	4.60637380868621	19
-23.0544395336298	4.59781568676569	19
-23.0420681884123	4.58920143998589	19
-23.0296977838109	4.58053106834679	19
-23.0173283198257	4.5718045718484	19
-23.0049597964566	4.56302195049072	19
-22.9925922137038	4.55418320427375	19
-22.9802255715671	4.5452883331975	19
-22.9678598700465	4.53633733726195	19
-22.9554951091421	4.52733021646711	19
-22.9431312888539	4.51826697081298	19
-22.9307684091819	4.50914760029956	19
-22.918406470126	4.49997210492686	19
-22.9060454716863	4.49074048469486	19
-22.8936854138628	4.48145273960357	19
-22.8813262966554	4.47210886965299	19
-22.8689681200642	4.46270887484312	19
-22.8566108840892	4.45325275517396	19
-22.8442545887303	4.44374051064552	19
-22.8318992339876	4.43417214125777	19
-22.8195448198611	4.42454764701075	19
-22.8071913463508	4.41486702790443	19
-22.7948388134566	4.40513028393882	19
-22.7824872211785	4.39533741511392	19
-22.7701365695167	4.38548842142973	19
-22.757786858471	4.37558330288625	19
-22.7454380880415	4.36562205948348	19
-22.7330902582281	4.35560469122143	19
-22.7207433690309	4.34553119810008	19
-22.7083974204499	4.33540158011944	19
-22.696052412485	4.32521583727951	19
-22.6837083451364	4.31497396958029	19
-22.6713652184038	4.30467597702178	19
-22.6590230322875	4.29432185960398	19
-22.6466817867873	4.28391161732689	19
-22.6343414819033	4.27344525019051	19
-22.6220021176354	4.26292275819484	19
-22.6096636939838	4.25234414133988	19
-22.5973262109482	4.24170939962563	19
-22.5849896685289	4.23101853305209	19
-22.5726540667257	4.22027154161926	19
-22.5603194055387	4.20946842532714	19
-22.5479856849679	4.19860918417573	19
-22.5356529050132	4.18769381816503	19
-22.5233210656747	4.17672232729504	19
-22.5109901669523	4.16569471156576	19
-22.4986602088462	4.15461097097719	19
-22.4863311913562	4.14347110552933	19
-22.4740031144823	4.13227511522218	19
-22.4616759782247	4.12102300005574	19
-22.4493497825831	4.10971476003001	19
-22.4370245275578	4.09835039514499	19
-22.4247002131486	4.08692990540068	19
-22.4123768393556	4.07545329079708	19
-22.4000544061788	4.06392055133419	19
-22.3877329136181	4.05233168701201	19
-22.3754123616736	4.04068669783054	19
-22.3630927503453	4.02898558378978	19
-22.3507740796332	4.01722834488973	19
-22.3384563495372	4.00541498113039	19
-22.3261395600573	3.99354549251176	19
-22.3138237111937	3.98161987903384	19
-22.3015088029462	3.96963814069662	19
-22.2891948353148	3.95760027750012	19
-22.2768818082997	3.94550628944434	19
-22.2645697219007	3.93335617652925	19
-22.2522585761179	3.92114993875488	19
-22.2399483709512	3.90888757612122	19
-22.2276391064007	3.89656908862827	19
-22.2153307824664	3.88419447627603	19
-22.2030233991483	3.8717637390645	19
-22.1907169564463	3.85927687699368	19
-22.1784114543605	3.84673389006357	19
-22.1661068928908	3.83413477827416	19
-22.1538032720373	3.82147954162547	19
-22.1415005918	3.80876818011749	19
-22.1291988521789	3.79600069375022	19
-22.1168980531739	3.78317708252366	19
-22.1045981947851	3.77029734643781	19
-22.0922992770124	3.75736148549267	19
-22.0800012998559	3.74436949968823	19
-22.0677042633156	3.73132138902451	19
-22.0554081673915	3.7182171535015	19
-22.0431130120835	3.7050567931192	19
-22.0308187973917	3.69184030787761	19
-22.0185255233161	3.67856769777673	19
-22.0062331898566	3.66523896281655	19
-21.9939417970133	3.65185410299709	19
-21.9816513447861	3.63841311831834	19
-21.9693618331752	3.6249160087803	19
-21.9570732621804	3.61136277438297	19
-21.9447856318017	3.59775341512634	19
-21.9324989420393	3.58408793101043	19
-21.920213192893	3.57036632203523	19
-21.9079283843628	3.55658858820074	19
-21.8956445164489	3.54275472950695	19
-21.8833615891511	3.52886474595388	19
-21.8710796024694	3.51491863754152	19
-21.858798556404	3.50091640426987	19
-21.8465184509547	3.48685804613892	19
-21.8342392861216	3.47274356314869	19
-21.8219610619046	3.45857295529917	19
-21.8096837783038	3.44434622259036	19
-21.7974074353192	3.43006336502225	19
-21.7851320329507	3.41572438259486	19
-21.7728575711984	3.40132927530818	19
-21.7605840500623	3.38687804316221	19
-21.7483114695423	3.37237068615694	19
-21.7360398296386	3.35780720429239	19
-21.7237691303509	3.34318759756855	19
-21.7114993716795	3.32851186598541	19
-21.6992305536242	3.31378000954299	19
-21.6869626761851	3.29899202824128	19
-21.6746957393621	3.28414792208028	19
-21.6624297431554	3.26924769105998	19
-21.6501646875647	3.2542913351804	19
-21.6379005725903	3.23927885444153	19
-21.625637398232	3.22421024884336	19
-21.6133751644899	3.20908551838591	19
-21.6011138713639	3.19390466306916	19
-21.5888535188542	3.17866768289313	19
-21.5765941069606	3.16337457785781	19
-21.5643356356831	3.14802534796319	19
-21.5520781050218	3.13261999320929	19
-21.5398215149767	3.11715851359609	19
-21.5275658655478	3.10164090912361	19
-21.515311156735	3.08606717979184	19
-21.5030573885384	3.07043732560077	19
-21.490804560958	3.05475134655042	19
-21.4785526739937	3.03900924264078	19
-21.4663017276456	3.02321101387184	19
-21.4601766072026	3.01529085266514	19
-21.4540517219137	3.00735666024362	19
-21.4479270717788	2.99940843660727	19
-21.4418026567979	2.9914461817561	19
-21.4356784769711	2.98346989569011	19
-21.4295545322983	2.9754795784093	19
-21.4234308227796	2.96747522991366	19
-21.4173073484149	2.9594568502032	19
-21.4111841092042	2.95142443927792	19
-21.4050611051476	2.94337799713782	19
-21.398938336245	2.9353175237829	19
-21.3928158024965	2.92724301921315	19
-21.386693503902	2.91915448342858	19
-21.3805714404616	2.91105191642918	19
-21.3744496121752	2.90293531821497	19
-21.3683280190428	2.89480468878593	19
-21.3622066610645	2.88666002814207	19
-21.3560855382402	2.87850133628338	19
-21.34996465057	2.87032861320988	19
-21.3438439980538	2.86214185892155	19
-21.3377235806916	2.8539410734184	19
-21.3316033984835	2.84572625670042	19
-21.3254834514295	2.83749740876763	19
-21.3193637395294	2.82925452962001	19
-21.3132442627835	2.82099761925757	19
-21.3071250211915	2.8127266776803	19
-21.3010060147536	2.80444170488822	19
-21.2948872434698	2.79614270088131	19
-21.2887687073399	2.78782966565958	19
-21.2826504063642	2.77950259922302	19
-21.2765323405424	2.77116150157165	19
-21.2704145098747	2.76280637270545	19
-21.2642969143611	2.75443721262443	19
-21.2581795540015	2.74605402132859	19
-21.2520624287959	2.73765679881792	19
-21.2459455387444	2.72924554509243	19
-21.2398288838469	2.72082026015212	19
-21.2337124641035	2.71238094399699	19
-21.2275962795141	2.70392759662703	19
-21.2214803300787	2.69546021804225	19
-21.2153646157974	2.68697880824265	19
-21.2092491366701	2.67848336722823	19
-21.2031338926969	2.66997389499898	19
-21.1970188838777	2.66145039155491	19
-21.1909041102126	2.65291285689602	19
-21.1847895717015	2.64436129102231	19
-21.1786752683444	2.63579569393377	19
-21.1725612001414	2.62721606563041	19
-21.1664473670924	2.61862240611223	19
-21.1603337691975	2.61001471537922	19
-21.1542204064566	2.6013929934314	19
-21.1481072788697	2.59275724026875	19
-21.1419943864369	2.58410745589128	19
-21.1358817291582	2.57544364029899	19
-21.1297693070334	2.56676579349187	19
-21.1236571200627	2.55807391546993	19
-21.1175451682461	2.54936800623317	19
-21.1114334515835	2.54064806578158	19
-21.1053219700749	2.53191409411518	19
-21.0992107237204	2.52316609123395	19
-21.0930997125199	2.5144040571379	19
-21.0869889364735	2.50562799182702	19
-21.0808783955811	2.49683789530133	19
-21.0747680898428	2.48803376756081	19
-21.0686580192585	2.47921560860547	19
-21.0625481838282	2.4703834184353	19
-21.056438583552	2.46153719705031	19
-21.0503292184298	2.45267694445051	19
-21.0442200884616	2.44380266063587	19
-21.0381111936475	2.43491434560642	19
-21.0320025339875	2.42601199936214	19
-21.0258941094815	2.41709562190304	19
-21.0197859201295	2.40816521322912	19
-21.0136779659316	2.39922077334038	19
-21.0075702468877	2.39026230223681	19
-21.0014627629978	2.38128979991842	19
-20.995355514262	2.37230326638521	19
-20.9892485006803	2.36330270163718	19
-20.9831417222525	2.35428810567432	19
-20.9770351789789	2.34525947849664	19
-20.9709288708592	2.33621682010414	19
-20.9648227978936	2.32716013049681	19
-20.9587169600821	2.31808940967467	19
-20.9526113574246	2.3090046576377	19
-20.9465059899211	2.29990587438591	19
-20.9404008575717	2.29079305991929	19
-20.9342959603763	2.28166621423786	19
-20.9281912983349	2.2725253373416	19
-20.9220868714476	2.26337042923051	19
-20.9159826797144	2.25420148990461	19
-20.9098787231351	2.24501851936388	19
-20.90377500171	2.23582151760833	19
-20.8976715154388	2.22661048463796	19
-20.8915682643217	2.21738542045277	19
-20.8854652483587	2.20814632505275	19
-20.8793624675497	2.19889319843791	19
-20.8732599218947	2.18962604060825	19
-20.8671576113938	2.18034485156376	19
-20.8610555360469	2.17104963130446	19
-20.8549536958541	2.16174037983033	19
-20.8488520908152	2.15241709714138	19
-20.8427507209305	2.1430797832376	19
-20.8366495861998	2.133728438119	19
-20.8305486866231	2.12436306178558	19
-20.8244480222005	2.11498365423734	19
-20.8183475929319	2.10559021547428	19
-20.8122473988173	2.09618274549639	19
-20.8061474398568	2.08676124430368	19
-20.8000477160504	2.07732571189615	19
-20.7939482273979	2.0678761482738	19
-20.7878489738995	2.05841255343662	19
-20.7817499555552	2.04893492738462	19
-20.7756511723649	2.0394432701178	19
-20.7695526243287	2.02993758163615	19
-20.7634543114464	2.02041786193968	19
-20.7573562337183	2.0108841110284	19
-20.7512583911441	2.00133632890228	19
-20.745160783724	1.99177451556135	19
-20.739063411458	1.98219867100559	19
-20.732966274346	1.97260879523501	19
-20.726869372388	1.96300488824961	19
-20.7207727055841	1.95338695004938	19
-20.7146762739342	1.94375498063434	19
-20.7085800774384	1.93410898000447	19
-20.7024841160966	1.92444894815977	19
-20.6963883899088	1.91477488510026	19
-20.6902928988751	1.90508679082592	19
-20.6841976429955	1.89538466533676	19
-20.6781026222698	1.88566850863278	19
-20.6720078366982	1.87593832071398	19
-20.6659132862807	1.86619410158035	19
-20.6598189710172	1.8564358512319	19
-20.6537248909077	1.84666356966863	19
-20.6476310459523	1.83687725689053	19
-20.6415374361509	1.82707691289761	19
-20.6354440615036	1.81726253768988	19
-20.6293509220103	1.80743413126731	19
-20.6232580176711	1.79759169362993	19
-20.6171653484859	1.78773522477772	19
-20.6110729144547	1.77786472471069	19
-20.6049807155776	1.76798019342884	19
-20.5988887518545	1.75808163093216	19
-20.5927970232854	1.74816903722066	19
-20.5867055298704	1.73824241229434	19
-20.5806142716095	1.7283017561532	19
-20.5745232485026	1.71834706879724	19
-20.5684324605497	1.70837835022645	19
-20.5623419077509	1.69839560044084	19
-20.5562515901061	1.68839881944041	19
-20.5501615076153	1.67838800722515	19
-20.5440716602786	1.66836316379507	19
-20.5379820480959	1.65832428915017	19
-20.5318926710673	1.64827138329045	19
-20.5258035291927	1.63820444621591	19
-20.5197146224722	1.62812347792654	19
-20.5136259509057	1.61802847842235	19
-20.5075375144932	1.60791944770334	19
-20.5014493132348	1.5977963857695	19
-20.4953613471305	1.58765929262084	19
-20.4892736161801	1.57750816825736	19
-20.4831861203838	1.56734301267906	19
-20.4770988597416	1.55716382588593	19
-20.4710118342534	1.54697060787799	19
-20.4649250439192	1.53676335865522	19
-20.4588384887391	1.52654207821762	19
-20.452752168713	1.51630676656521	19
-20.446666083841	1.50605742369797	19
-20.440580234123	1.49579404961591	19
-20.434494619559	1.48551664431903	19
-20.4284092401491	1.47522520780732	19
-20.4223240958933	1.46491974008079	19
-20.4162391867914	1.45460024113944	19
-20.4101545128436	1.44426671098327	19
-20.4040700740499	1.43391914961228	19
-20.3979858704102	1.42355755702646	19
-20.3919019019245	1.41318193322582	19
-20.3858181685929	1.40279227821036	19
-20.3797346704153	1.39238859198007	19
-20.3736514073918	1.38197087453496	19
-20.3675683795223	1.37153912587503	19
-20.3614855868069	1.36109334600028	19
-20.3554030292455	1.3506335349107	19
-20.3493207068381	1.3401596926063	19
-20.3432386195848	1.32967181908709	19
-20.3371567674855	1.31916991435304	19
-20.3310751505402	1.30865397840418	19
-20.324993768749	1.29812401124049	19
-20.3189126221119	1.28758001286198	19
-20.3128317106288	1.27702198326864	19
-20.3067510342997	1.26644992246049	19
-20.3006705931247	1.25586383043751	19
-20.2945903871037	1.24526370719971	19
-20.2885104162367	1.23464955274709	19
-20.2824306805238	1.22402136707964	19
-20.276351179965	1.21337915019737	19
-20.2702719145601	1.20272290210028	19
-20.2641928843094	1.19205262278837	19
-20.2581140892126	1.18136831226163	19
-20.2520355292699	1.17066997052008	19
-20.2459572044813	1.15995759756369	19
-20.2398791148467	1.14923119339249	19
-20.2338012603661	1.13849075800646	19
-20.2277236410396	1.12773629140562	19
-20.2216462568671	1.11696779358995	19
-20.2155691078486	1.10618526455945	19
-20.2094921939842	1.09538870431414	19
-20.2034155152739	1.084578112854	19
-20.1973390717175	1.07375349017904	19
-20.1912628633153	1.06291483628926	19
-20.185186890067	1.05206215118465	19
-20.1791111519728	1.04119543486522	19
-20.1730356490327	1.03031468733097	19
-20.1669603812466	1.0194199085819	19
-20.1608853486145	1.008511098618	19
-20.1548105511365	0.997588257439285	19
-20.1487359888125	0.986651385045742	19
-20.1426616616425	0.97570048143738	19
-20.1365875696266	0.964735546614192	19
-20.1305137127648	0.953756580576185	19
-20.124440091057	0.942763583323353	19
-20.1183667045032	0.931756554855702	19
-20.1122935531035	0.920735495173224	19
-20.1062206368578	0.909700404275926	19
-20.1001479557661	0.898651282163804	19
-20.0940755098285	0.887588128836861	19
-20.0880032990449	0.876510944295094	19
-20.0819313234154	0.865419728538507	19
-20.0758595829399	0.854314481567095	19
-20.0697880776185	0.843195203380862	19
-20.0637168074511	0.832061893979807	19
-20.0576457724377	0.820914553363927	19
-20.0515749725784	0.809753181533226	19
-20.0455044078731	0.798577778487704	19
-20.0394340783219	0.787388344227357	19
-20.0333639839247	0.776184878752187	19
-20.0272941246816	0.764967382062197	19
-20.0212245005925	0.753735854157383	19
-20.0151551116574	0.742490295037746	19
-20.0090859578764	0.73123070470329	19
-20.0030170392494	0.719957083154007	19
-19.9969483557765	0.708669430389904	19
-19.9908799074576	0.697367746410977	19
-19.9848116942927	0.686052031217229	19
-19.9787437162819	0.674722284808656	19
-19.9726759734251	0.663378507185264	19
-19.9666084657224	0.652020698347047	19
-19.9605411931737	0.64064885829401	19
-19.9544741557791	0.629262987026147	19
-19.9484073535385	0.617863084543465	19
-19.9423407864519	0.606449150845957	19
-19.9362744545194	0.595021185933629	19
-19.9302083577409	0.583579189806478	19
-19.9241424961165	0.572123162464504	19
-19.9180768696461	0.560653103907708	19
-19.9120114783297	0.549169014136088	19
-19.9059463221674	0.537670893149648	19
-19.8998814011592	0.526158740948382	19
-19.8938167153049	0.514632557532297	19
-19.8877522646047	0.503092342901387	19
-19.8816880490586	0.491538097055656	19
-19.8756240686665	0.479969819995102	19
-19.8695603234284	0.468387511719727	19
-19.8634968133444	0.456791172229527	19
-19.8574335384145	0.445180801524506	19
-19.8513704986385	0.433556399604663	19
-19.8453076940166	0.421917966469994	19
-19.8392451245488	0.410265502120508	19
-19.833182790235	0.398599006556195	19
-19.8271206910752	0.386918479777061	19
-19.8210588270695	0.375223921783103	19
-19.8149971982178	0.363515332574326	19
-19.8089358045202	0.351792712150723	19
-19.8028746459766	0.3400560605123	19
-19.796813722587	0.328305377659052	19
-19.7907530343515	0.316540663590984	19
-19.78469258127	0.304761918308093	19
-19.7786323633426	0.292969141810379	19
-19.7725723805692	0.281162334097843	19
-19.7665126329499	0.269341495170481	19
-19.7604531204846	0.257506625028301	19
-19.7543938431733	0.245657723671297	19
-19.7483348010161	0.23379479109947	19
-19.7422759940129	0.22191782731282	19
-19.7362174221638	0.210026832311349	19
-19.7301590854687	0.198121806095053	19
-19.7241009839276	0.186202748663939	19
-19.7180431175406	0.174269660018	19
-19.7119854863076	0.162322540157237	19
-19.7059280902287	0.150361389081654	19
-19.6998709293038	0.138386206791246	19
-19.693814003533	0.126396993286017	19
-19.6877573129162	0.114393748565965	19
-19.6817008574534	0.102376472631092	19
-19.6756446371447	0.0903451654813932	19
-19.66958865199	0.0782998271168758	19
-19.6635329019894	0.0662404575375319	19
-19.6574773871428	0.0541670567433687	19
-19.6514221074502	0.04207962473438	19
-19.6453670629117	0.0299781615105728	19
-19.6393122535273	0.0178626670719417	19
-19.6332576792968	0.00573314141848602	19
-19.6272033402204	-0.00641041544979082	19
-19.6211492362981	-0.0185680035328906	19
-19.6150953675298	-0.0307396228308123	19
-19.6090417339155	-0.0429252733435579	19
-19.6029883354553	-0.0551249550711228	19
-19.5969351721492	-0.0673386680135142	19
-19.590882243997	-0.079566412170724	19
-19.5848295509989	-0.0918081875427612	19
-19.5787770931549	-0.104063994129616	19
-19.5727248704649	-0.116333831931295	19
-19.5666728829289	-0.128617700947798	19
-19.560621130547	-0.140915601179122	19
-19.5545696133191	-0.15322753262527	19
-19.5485183312453	-0.165553495286239	19
-19.5424672843255	-0.177893489162032	19
-19.5364164725597	-0.190247514252645	19
-19.530365895948	-0.202615570558083	19
-19.5243155544903	-0.214997658078342	19
-19.5182654481867	-0.227393776813424	19
-19.5122155770371	-0.239803926763329	19
-19.5061659410416	-0.252228107928056	19
-19.5001165402001	-0.264666320307606	19
-19.4940673745126	-0.277118563901978	19
-19.4880184439792	-0.289584838711173	19
-19.4819697485998	-0.302065144735189	19
-19.4759212883745	-0.31455948197403	19
-19.4698730633032	-0.327067850427692	19
-19.4638250733859	-0.339590250096177	19
-19.4577773186227	-0.352126680979485	19
-19.4517297990135	-0.364677143077615	19
-19.4456825145584	-0.377241636390567	19
-19.4396354652573	-0.389820160918343	19
-19.4335886511103	-0.402412716660939	19
-19.4275420721173	-0.415019303618358	19
-19.4214957282783	-0.427639921790601	19
-19.4154496195934	-0.440274571177664	19
-19.4094037460625	-0.452923251779553	19
-19.4033581076857	-0.465585963596262	19
-19.3973127044629	-0.478262706627794	19
-19.3912675363942	-0.49095348087415	19
-19.3852226034794	-0.503658286335328	19
-19.3791779057188	-0.516377123011328	19
-19.3731334431122	-0.529109990902151	19
-19.3670892156596	-0.541856890007795	19
-19.361045223361	-0.554617820328261	19
-19.3550014662165	-0.567392781863552	19
-19.3489579442261	-0.580181774613663	19
-19.3429146573897	-0.5929847985786	19
-19.3368716057073	-0.605801853758356	19
-19.330828789179	-0.618632940152938	19
-19.3247862078047	-0.631478057762339	19
-19.3187438615844	-0.644337206586565	19
-19.3127017505182	-0.657210386625612	19
-19.3066598746061	-0.670097597879483	19
-19.3006182338479	-0.682998840348175	19
-19.2945768282438	-0.695914114031691	19
-19.2885356577938	-0.708843418930028	19
-19.2824947224978	-0.721786755043186	19
-19.2764540223559	-0.73474412237117	19
-19.2704135573679	-0.747715520913975	19
-19.2643733275341	-0.760700950671604	19
-19.2583333328542	-0.773700411644052	19
-19.2522935733285	-0.786713903831326	19
-19.2462540489567	-0.799741427233421	19
-19.240214759739	-0.812782981850339	19
-19.2341757056754	-0.825838567682078	19
-19.2281368867657	-0.838908184728642	19
-19.2220983030102	-0.851991832990026	19
-19.2160599544086	-0.865089512466233	19
-19.2100218409611	-0.878201223157265	19
-19.2039839626677	-0.891326965063116	19
-19.1979463195283	-0.904466738183793	19
-19.1919089115429	-0.917620542519289	19
-19.1858717387116	-0.930788378069612	19
-19.1798348010343	-0.943970244834753	19
-19.173798098511	-0.957166142814719	19
-19.1677616311418	-0.970376072009507	19
-19.1617253989267	-0.983600032419118	19
-19.1556894018656	-0.99683802404355	19
-19.1496536399585	-1.01009004688281	19
-19.1436181132055	-1.02335610093688	19
-19.1375828216065	-1.03663618620578	19
-19.1315477651615	-1.04993030268951	19
-19.1255129438706	-1.06323845038805	19
-19.1194783577337	-1.07656062930142	19
-19.1134440067509	-1.08989683942961	19
-19.1074098909221	-1.10324708077262	19
-19.1013760102474	-1.11661135333046	19
-19.0953423647267	-1.12998965710312	19
-19.08930895436	-1.1433819920906	19
-19.0832757791474	-1.1567883582929	19
-19.0772428390889	-1.17020875571003	19
-19.0712101341843	-1.18364318434197	19
-19.0651776644338	-1.19709164418874	19
-19.0591454298374	-1.21055413525034	19
-19.053113430395	-1.22403065752675	19
-19.0470816661066	-1.23752121101799	19
-19.0410501369723	-1.25102579572405	19
-19.035018842992	-1.26454441164493	19
-19.0289877841658	-1.27807705878064	19
-19.0229569604936	-1.29162373713117	19
-19.0169263719754	-1.30518444669652	19
-19.0108960186113	-1.31875918747669	19
-19.0048659004012	-1.33234795947169	19
-18.9988360173452	-1.34595076268151	19
-18.9928063694432	-1.35956759710615	19
-18.9867769566953	-1.37319846274561	19
-18.9807477791014	-1.38684335959989	19
-18.9747188366615	-1.400502287669	19
-18.9686901293757	-1.41417524695293	19
-18.9626616572439	-1.42786223745169	19
-18.9566334202662	-1.44156325916526	19
-18.9506054184425	-1.45527831209366	19
-18.9445776517729	-1.46900739623688	19
-18.9385501202572	-1.48275051159493	19
-18.9325228238957	-1.49650765816779	19
-18.9264957626881	-1.51027883595548	19
-18.9204689366347	-1.52406404495799	19
-18.9144423457352	-1.53786328517532	19
-18.9084159899898	-1.55167655660748	19
-18.9023898693985	-1.56550385925446	19
-18.8963639839612	-1.57934519311626	19
-18.8903383336779	-1.59320055819288	19
-18.8843129185486	-1.60706995448433	19
-18.8782877385735	-1.6209533819906	19
-18.8722627937523	-1.63485084071169	19
-18.8662380840852	-1.6487623306476	19
-18.8602136095721	-1.66268785179834	19
-18.8541893702131	-1.6766274041639	19
-18.8481653660081	-1.69058098774428	19
-18.8421415969572	-1.70454860253948	19
-18.8361180630603	-1.71853024854951	19
-18.8300947643174	-1.73252592577435	19
-18.8240717007286	-1.74653563421402	19
-18.8180488722939	-1.76055937386852	19
-18.8120262790131	-1.77459714473784	19
-18.8060039208864	-1.78864894682197	19
-18.7999817979138	-1.80271478012093	19
-18.7939599100952	-1.81679464463472	19
-18.7879382574306	-1.83088854036332	19
-18.7819168399201	-1.84499646730675	19
-18.7758956575636	-1.859118425465	19
-18.7698747103612	-1.87325441483808	19
-18.7638539983128	-1.88740443542597	19
-18.7578335214184	-1.90156848722869	19
-18.7518132796781	-1.91574657024623	19
-18.7457932730919	-1.9299386844786	19
-18.7397735016596	-1.94414482992578	19
-18.7337539653814	-1.95836500658779	19
-18.7277346642573	-1.97259921446462	19
-18.7217155982872	-1.98684745355628	19
-18.7156967674711	-2.00110972386275	19
-18.7096781718091	-2.01538602538405	19
-18.7036598113011	-2.02967635812017	19
-18.6976416859472	-2.04398072207112	19
-18.6916237957473	-2.05829911723688	19
-18.6856061407015	-2.07263154361747	19
-18.6795887208097	-2.08697800121288	19
-18.6735715360719	-2.10133849002312	19
-18.6675545864882	-2.11571301004817	19
-18.6615378720585	-2.13010156128805	19
-18.6555213927828	-2.14450414374275	19
-18.6495051486612	-2.15892075741228	19
-18.6434891396937	-2.17335140229662	19
-18.6374733658802	-2.18779607839579	19
-18.6314578272207	-2.20225478570978	19
-18.6254425237153	-2.2167275242386	19
-18.6194274553639	-2.23121429398224	19
-18.6134126221665	-2.24571509494069	19
-18.6073980241232	-2.26022992711398	19
-18.601383661234	-2.27475879050208	19
-18.5953695334987	-2.28930168510501	19
-18.5893556409176	-2.30385861092275	19
-18.5833419834904	-2.31842956795533	19
-18.5773285612173	-2.33301455620272	19
-18.5713153740983	-2.34761357566494	19
-18.5653024221332	-2.36222662634198	19
-18.5592897053223	-2.37685370823384	19
-18.5532772236653	-2.39149482134052	19
-18.5472649771625	-2.40614996566203	19
-18.5412529658136	-2.42081914119836	19
-18.5352411896188	-2.43550234794951	19
-18.529229648578	-2.45019958591548	19
-18.5232183426913	-2.46491085509628	19
-18.5172072719587	-2.4796361554919	19
-18.51119643638	-2.49437548710234	19
-18.5051858359554	-2.5091288499276	19
-18.4991754706849	-2.52389624396769	19
-18.4931653405684	-2.5386776692226	19
-18.4871554456059	-2.55347312569233	19
-18.4811457857975	-2.56828261337688	19
-18.4751363611431	-2.58310613227626	19
-18.4691271716427	-2.59794368239046	19
-18.4631182172964	-2.61279526371948	19
-18.4571094981042	-2.62766087626333	19
-18.451101014066	-2.642540520022	19
-18.4450927651818	-2.65743419499548	19
-18.4390847514516	-2.6723419011838	19
-18.4330769728756	-2.68726363858693	19
-18.4270694294535	-2.70219940720489	19
-18.4210621211855	-2.71714920703767	19
-18.4150550480715	-2.73211303808527	19
-18.4090482101116	-2.74709090034769	19
-18.4030416073057	-2.76208279382494	19
-18.3970352396539	-2.77708871851701	19
-18.3910291071561	-2.7921086744239	19
-18.3850232098123	-2.80714266154562	19
-18.3790175476226	-2.82219067988215	19
-18.3730121205869	-2.83725272943351	19
-18.3670069287053	-2.85232881019969	19
-18.3610019719777	-2.8674189221807	19
-18.3549972504042	-2.88252306537652	19
-18.3489927639847	-2.89764123978717	19
-18.3429885127192	-2.91277344541265	19
-18.3369844966078	-2.92791968225294	19
-18.3309807156504	-2.94307995030806	19
-18.3249771698471	-2.958254249578	19
-18.3189738591978	-2.97344258006276	19
-18.3129707837025	-2.98864494176234	19
-18.3069679433613	-3.00386133467675	19
-18.3009653381741	-3.01909175880598	19
-18.294962968141	-3.03433621415003	19
-18.2889608332619	-3.04959470070891	19
-18.2829589335369	-3.0648672184826	19
-18.2769572689659	-3.08015376747112	19
-18.2709558395489	-3.09545434767446	19
-18.264954645286	-3.11076895909263	19
-18.2589536861771	-3.12609760172562	19
-18.2529529622223	-3.14144027557343	19
-18.2469524734215	-3.15679698063606	19
-18.2409522197747	-3.17216771691351	19
-18.234952201282	-3.18755248440579	19
-18.2289524179434	-3.20295128311289	19
-18.2229528697587	-3.21836411303481	19
-18.2169535567281	-3.23379097417156	19
-18.2109544788516	-3.24923186652313	19
-18.2049556361291	-3.26468679008951	19
-18.1989570285606	-3.28015574487073	19
-18.1929586561462	-3.29563873086676	19
-18.1869605188859	-3.31113574807762	19
-18.1809626167795	-3.3266467965033	19
-18.1749649498272	-3.3421718761438	19
-18.168967518029	-3.35771098699913	19
-18.1629703213848	-3.37326412906927	19
-18.1569733598946	-3.38883130235424	19
-18.1509766335585	-3.40441250685404	19
-18.1449801423764	-3.42000774256865	19
-18.1389838863484	-3.43561700949809	19
-18.1329878654744	-3.45124030764235	19
-18.1269920797544	-3.46687763700143	19
-18.1209965291885	-3.48252899757534	19
-18.1150012137766	-3.49819438936406	19
-18.1090061335188	-3.51387381236761	19
-18.103011288415	-3.52956726658598	19
-18.0970166784653	-3.54527475201918	19
-18.0910223036696	-3.5609962686672	19
-18.0850281640279	-3.57673181653004	19
-18.0790342595403	-3.5924813956077	19
-18.0730405902067	-3.60824500590018	19
-18.0670471560272	-3.62402264740749	19
-18.0610539570017	-3.63981432012962	19
-18.0550609931302	-3.65562002406658	19
-18.0490682644128	-3.67143975921835	19
-18.0430757708494	-3.68727352558495	19
-18.0370835124401	-3.70312132316637	19
-18.0310914891848	-3.71898315196261	19
-18.0250997010836	-3.73485901197368	19
-18.0191081481364	-3.75074890319956	19
-18.0131168303432	-3.76665282564027	19
-18.0071257477041	-3.78257077929581	19
-18.001134900219	-3.79850276416616	19
-17.995144287888	-3.81444878025134	19
-17.989153910711	-3.83040882755134	19
-17.983163768688	-3.84638290606616	19
-17.9771738618191	-3.86237101579581	19
-17.9711841901043	-3.87837315674027	19
-17.9651947535434	-3.89438932889957	19
-17.9592055521366	-3.91041953227368	19
-17.9532165858839	-3.92646376686261	19
-17.9472278547852	-3.94252203266637	19
-17.9412393588405	-3.95859432968495	19
-17.9352510980499	-3.97468065791835	19
-17.9292630724134	-3.99078101736658	19
-17.9232752819308	-4.00689540802963	19
-17.9172877266023	-4.0230238299075	19
-17.9113004064279	-4.03916628300019	19
-17.9053133214075	-4.0553227673077	19
-17.8993264715411	-4.07149328283004	19
-17.8933398568288	-4.0876778295672	19
-17.8873534772705	-4.10387640751919	19
-17.8813673328663	-4.12008901668599	19
-17.8753814236161	-4.13631565706762	19
-17.8693957495199	-4.15255632866407	19
-17.8634103105778	-4.16881103147534	19
-17.8574251067897	-4.18507976550144	19
-17.8514401381557	-4.20136253074236	19
-17.8454554046757	-4.2176593271981	19
-17.8394709063498	-4.23397015486866	19
-17.8334866431779	-4.25029501375405	19
-17.82750261516	-4.26663390385425	19
-17.8215188222962	-4.28298682516929	19
-17.8155352645864	-4.29935377769914	19
-17.8095519420307	-4.31573476144381	19
-17.803568854629	-4.33212977640331	19
-17.7975860023813	-4.34853882257763	19
-17.7916033852877	-4.36496189996677	19
-17.7856210033481	-4.38139900857074	19
-17.7796388565626	-4.39785014838953	19
-17.7736569449311	-4.41431531942314	19
-17.7676752684537	-4.43079452167157	19
-17.7616938271303	-4.44728775513483	19
-17.7557126209609	-4.46379501981291	19
-17.7497316499456	-4.48031631570581	19
-17.7437509140843	-4.49685164281353	19
-17.7377704133771	-4.51340100113607	19
-17.7317901478239	-4.52996439067344	19
-17.7258101174248	-4.54654181142563	19
-17.7198303221796	-4.56313326339265	19
-17.7138507620886	-4.57973874657448	19
-17.7078714371516	-4.59635826097114	19
-17.7018923473686	-4.61299180658262	19
-17.6959134927396	-4.62963938340892	19
-17.6899348732647	-4.64630099145005	19
-17.6839564889439	-4.662976630706	19
-17.6779783397771	-4.67966630117677	19
-17.6720004257643	-4.69637000286236	19
-17.6660227469056	-4.71308773576278	19
-17.6600453032009	-4.72981949987802	19
-17.6540680946502	-4.74656529520808	19
-17.6480911212536	-4.76332512175296	19
-17.642114383011	-4.78009897951267	19
-17.6361378799225	-4.7968868684872	19
-17.630161611988	-4.81368878867655	19
-17.6241855792076	-4.83050474008072	19
-17.6182097815812	-4.84733472269972	19
-17.6122342191089	-4.86417873653354	19
-17.6062588917905	-4.88103678158218	19
-17.6002837996263	-4.89790885784564	19
-17.594308942616	-4.91479496532393	19
-17.5883343207599	-4.93169510401704	19
-17.5823599340577	-4.94860927392496	19
-17.5763857825096	-4.96553747504772	19
-17.5704118661155	-4.98247970738529	19
-17.5644381848755	-4.99943597093769	19
-17.5584647387896	-5.01640626570491	19
-17.5524915278576	-5.03339059168696	19
-17.5465185520797	-5.05038894888382	19
-17.5405458114559	-5.06740133729551	19
-17.5345733059861	-5.08442775692202	19
-17.5286010356703	-5.10146820776336	19
-17.5226290005086	-5.11852268981951	19
-17.5166572005009	-5.13559120309049	19
-17.5106856356472	-5.15267374757629	19
-17.5047143059476	-5.16977032327692	19
-17.4987432114021	-5.18688093019236	19
-17.4927723520106	-5.20400556832263	19
-17.4868017277731	-5.22114423766772	19
-17.4808313386897	-5.23829693822764	19
-17.4748611847603	-5.25546367000237	19
-17.4688912659849	-5.27264443299193	19
-17.4629215823636	-5.28983922719631	19
-17.4569521338963	-5.30704805261552	19
-17.4509829205831	-5.32427090924954	19
-17.4450139424239	-5.34150779709839	19
-17.4390451994188	-5.35875871616206	19
-17.4352480683763	-5.36941179466846	19
-17.4312508179771	-5.37999141068528	19
-17.4270548684251	-5.39049380532533	19
-17.4226617105214	-5.40091524713779	19
-17.418072905134	-5.41125203343402	19
-17.4132900826436	-5.42150049160307	19
-17.4083149423642	-5.43165698041653	19
-17.4031492519396	-5.44171789132232	19
-17.3977948467148	-5.45167964972667	19
-17.3922536290847	-5.46153871626427	19
-17.3865275678173	-5.47129158805572	19
-17.3806186973552	-5.48093479995211	19
-17.3745291170917	-5.49046492576617	19
-17.3682609906257	-5.49987857948959	19
-17.3618165449928	-5.50917241649601	19
-17.3551980698738	-5.5183431347294	19
-17.3484079167813	-5.52738747587724	19
-17.3414484982245	-5.53630222652819	19
-17.3343222868516	-5.54508421931379	19
-17.3270318145716	-5.55373033403382	19
-17.3195796716545	-5.56223749876488	19
-17.3119685058114	-5.57060269095186	19
-17.304201021253	-5.57882293848181	19
-17.2962799777298	-5.58689532073991	19
-17.2882081895508	-5.5948169696472	19
-17.2799885245838	-5.60258507067953	19
-17.2716239032368	-5.61019686386759	19
-17.2631172974197	-5.61764964477752	19
-17.2544717294893	-5.62494076547173	19
-17.2456902711746	-5.63206763544977	19
-17.2367760424858	-5.63902772256867	19
-17.2277322106061	-5.64581855394261	19
-17.2185619887659	-5.65243771682154	19
-17.2092686351012	-5.65888285944842	19
-17.1998554514964	-5.66515169189475	19
-17.1903257824108	-5.67124198687422	19
-17.1806830136905	-5.67715158053401	19
-17.1709305713653	-5.68287837322365	19
-17.1610719204314	-5.68842033024095	19
-17.1511105636206	-5.69377548255498	19
-17.1410500401557	-5.69894192750563	19
-17.1308939244925	-5.70391782947959	19
-17.1206458250508	-5.70870142056259	19
-17.1103093829313	-5.7132910011675	19
-17.0998882706229	-5.71768494063819	19
-17.089386190697	-5.72188167782887	19
-17.0788068744926	-5.72587972165881	19
-17.0681540807905	-5.72967765164208	19
-17.0574315944775	-5.73327411839224	19
-17.046643225202	-5.73666784410177	19
-17.0357928060201	-5.73985762299608	19
-17.0248841920341	-5.74284232176194	19
-17.0139212590227	-5.74562087995007	19
-17.0029079020637	-5.74819231035199	19
-16.9918480341505	-5.75055569935071	19
-16.9807455848014	-5.75271020724538	19
-16.9696044986638	-5.7546550685496	19
-16.9584287341126	-5.75638959226341	19
-16.9472222618437	-5.7579131621188	19
-16.9359890634634	-5.75922523679865	19
-16.9247331300735	-5.76032535012907	19
-16.9134584608536	-5.76121311124504	19
-16.9021690616399	-5.76188820472926	19
-16.8908689435023	-5.76235039072422	19
-16.879562121319	-5.76259950501745	19
-16.8682526123499	-5.76263545909983	19
-16.8569444348098	-5.76245824019703	19
-16.8456416064404	-5.76206791127409	19
-16.8343481430826	-5.76146461101302	19
-16.8230680572504	-5.76064855376353	19
-16.8118053567044	-5.75962002946687	19
-16.8005640430285	-5.75837940355283	19
-16.789348110208	-5.75692711680989	19
-16.7781615432104	-5.75526368522862	19
-16.7670083165697	-5.75338969981832	19
-16.7558923929742	-5.75130582639711	19
-16.7448177218585	-5.74901280535527	19
-16.7337882380007	-5.74651145139227	19
-16.7228078601239	-5.74380265322726	19
-16.7118804895039	-5.74088737328334	19
-16.7010100085836	-5.73776664734557	19
-16.6902002795931	-5.73444158419304	19
-16.6794551431775	-5.73091336520483	19
-16.6687784170328	-5.72718324394037	19
-16.6581738945488	-5.72325254569398	19
-16.6476453434619	-5.71912266702402	19
-16.6371965045162	-5.71479507525672	19
-16.6268310901344	-5.71027130796483	19
-16.6165527830989	-5.70555297242133	19
-16.6063652352432	-5.70064174502837	19
-16.5962720661546	-5.69553937072166	19
-16.5862768618879	-5.69024766235049	19
-16.5763831736917	-5.68476850003365	19
-16.5665945167463	-5.67910383049143	19
-16.5569143689149	-5.67325566635393	19
-16.5473461695079	-5.66722608544603	19
-16.5378933180609	-5.66101723004912	19
-16.5285591731272	-5.65463130613994	19
-16.5193470510839	-5.64807058260687	19
-16.5102602249542	-5.64133739044373	19
-16.5013019232441	-5.63443412192164	19
-16.4924753287955	-5.62736322973903	19
-16.4837835776555	-5.62012722615022	19
-16.4752297579618	-5.61272868207285	19
-16.4668169088458	-5.60517022617437	19
-16.4585480193528	-5.5974545439382	19
-16.4504260273798	-5.58958437670948	19
-16.4424538186319	-5.58156252072117	19
-16.4346342255969	-5.57339182610048	19
-16.4269700265389	-5.56507519585633	19
-16.4194639445115	-5.55661558484782	19
-16.4121186463898	-5.54801599873448	19
-16.4049367419233	-5.5392794929083	19
-16.3979207828083	-5.53040917140819	19
-16.3910732617819	-5.52140818581717	19
-16.3843966117355	-5.51227973414253	19
-16.3778932048513	-5.5030270596797	19
-16.3715653517586	-5.49365344985986	19
-16.3654153007135	-5.48416223508194	19
-16.3594452367999	-5.47455678752936	19
-16.3536572811531	-5.4648405199719	19
-16.3480534902062	-5.45501688455315	19
-16.3426358549593	-5.445089371564	19
-16.3374063002726	-5.43506150820256	19
-16.3323666841818	-5.42493685732091	19
-16.3275187972387	-5.41471901615931	19
-16.3228643618742	-5.40441161506807	19
-16.3184050317872	-5.39401831621772	19
-16.3141423913564	-5.38354281229784	19
-16.3100779550777	-5.37298882520511	19
-16.3062131670258	-5.36236010472089	19
-16.3025494003417	-5.35166042717894	19
-16.2990879567441	-5.34089359412376	19
-16.2958300660674	-5.33006343095986	19
-16.2927768858248	-5.31917378559265	19
-16.2899295007967	-5.30822852706126	19
-16.2872889226453	-5.29723154416394	19
-16.2848560895555	-5.28618674407636	19
-16.2826318659013	-5.27509805096338	19
-16.2806170419389	-5.26396940458487	19
-16.2788123335255	-5.25280475889591	19
-16.2772183818654	-5.24160808064194	19
-16.2758357532822	-5.23038334794943	19
-16.2746649390171	-5.21913454891245	19
-16.2737063550549	-5.20786568017575	19
-16.2729603419759	-5.19658074551474	19
-16.272427164835	-5.18528375441294	19
-16.2721070130675	-5.17397872063753	19
-16.2720000004218	-5.16266966081316	19
-16.272106164919	-5.15136059299494	19
-16.2724254688393	-5.14005553524082	19
-16.2729577987356	-5.12875850418399	19
-16.2737029654736	-5.11747351360579	19
-16.2746607042991	-5.10620457300963	19
-16.2758306749321	-5.09495568619646	19
-16.2772124616875	-5.0837308498422	19
-16.2788055736231	-5.07253405207774	19
-16.2806094447139	-5.06136927107204	19
-16.282623434053	-5.0502404736186	19
-16.2848468260795	-5.03915161372618	19
-16.287278830833	-5.0281066312139	19
-16.2899185842337	-5.01710945031145	19
-16.2927651483897	-5.00616397826484	19
-16.2958175119304	-4.99527410394817	19
-16.2990745903656	-4.98444369648193	19
-16.3025352264707	-4.97367660385833	19
-16.3324801376304	-4.88690320745556	19
-16.3597955716585	-4.80787914822942	19
-16.3868619630637	-4.72957659563391	19
-16.4136745238264	-4.65200936264016	19
-16.4402285982226	-4.57519088004455	19
-16.4665196628239	-4.49913419646888	19
-16.4925433264976	-4.42385197836028	19
-16.5182953304064	-4.34935650999129	19
-16.5437715480088	-4.27565969345974	19
-16.5689679850589	-4.2027730486889	19
-16.5938807796064	-4.13070771342734	19
-16.6185062019966	-4.05947444324899	19
-16.6428406548705	-3.98908361155321	19
-16.6668806731645	-3.91954520956463	19
-16.6906229241108	-3.85086884633329	19
-16.7140642072373	-3.78306374873457	19
-16.7372014543673	-3.71613876146926	19
-16.7600317296198	-3.65010234706344	19
-16.7825522294094	-3.58496258586859	19
-16.8047602824465	-3.52072717606155	19
-16.8266533497368	-3.45740343364451	19
-16.8482290245819	-3.39499829244503	19
-16.8694850325789	-3.33351830411604	19
-16.8904192316204	-3.27296963813579	19
-16.9110296118948	-3.21335808180791	19
-16.9313142958861	-3.15468904026143	19
-16.9512715383738	-3.0969675364507	19
-16.9708997264332	-3.0401982111554	19
-16.990197379435	-2.98438532298067	19
-17.0091631490456	-2.92953274835689	19
-17.0277958192271	-2.87564398153993	19
-17.0460943062372	-2.82272213461087	19
-17.0640576586291	-2.77076993747629	19
-17.0816850572517	-2.71978973786803	19
-17.0989758152495	-2.66978350134337	19
-17.1159293780627	-2.6207528112849	19
-17.132545323427	-2.57269886890056	19
-17.1488233613737	-2.52562249322371	19
-17.1647633342298	-2.47952412111302	19
-17.180365216618	-2.43440380725252	19
-17.1956291154565	-2.39026122415162	19
-17.210555269959	-2.34709566214511	19
-17.225144051635	-2.30490602939309	19
-17.2393959642896	-2.26369085188104	19
-17.2533116440235	-2.22344827341984	19
-17.2668918592329	-2.18417605564567	19
-17.2801375106099	-2.14587157802012	19
-17.2930496311418	-2.10853183783011	19
-17.305629386112	-2.07215345018792	19
-17.317878073099	-2.0367326480312	19
-17.3297971219774	-2.00226528212297	19
-17.3413880949172	-1.96874682105161	19
-17.3526526863839	-1.93617235123082	19
-17.3635927231388	-1.90453657689972	19
-17.3742101642387	-1.87383382012276	19
-17.3845071010362	-1.84405802078974	19
-17.3944857571793	-1.81520273661584	19
-17.4041484886117	-1.7872611431416	19
-17.4134977835728	-1.76022603373291	19
-17.4225362625974	-1.73408981958102	19
-17.4312666785162	-1.70884452970255	19
-17.4396919164554	-1.68448181093948	19
-17.4478149938367	-1.66099292795914	19
-17.4556390603775	-1.63836876325423	19
-17.4631673980909	-1.61659981714282	19
-17.4704034212855	-1.5956762077683	19
-17.4773506765656	-1.57558767109947	19
-17.484012842831	-1.55632356093047	19
-17.4903937312773	-1.53787284888079	19
-17.4964972853956	-1.52022412439529	19
-17.5023275809726	-1.50336559474421	19
-17.5078888260907	-1.4872850850231	19
-17.5131853611278	-1.47197003815293	19
-17.5182216587575	-1.45740751487999	19
-17.5230023239491	-1.44358419377595	19
-17.5275320939673	-1.43048637123782	19
-17.5318158383726	-1.418099961488	19
-17.535858559021	-1.40641049657422	19
-17.5396653900642	-1.39540312636959	19
-17.5432415979495	-1.38506261857259	19
-17.5465925814199	-1.37537335870702	19
-17.5526411315653	-1.35788421399234	19
-17.5578568763561	-1.34280313292335	19
-17.5622877683777	-1.32999144140366	19
-17.5659838769455	-1.31930435054262	19
-17.5702650565988	-1.3069255666322	19
-17.5739106541619	-1.2963845324628	19
-17.5772073429188	-1.28685234789486	19
-17.5805550536307	-1.27717263629977	19
-17.5839483630278	-1.26736107874783	19
-17.5873811934148	-1.25743529138434	19
-17.5908624595605	-1.24737122482599	19
-17.5945190808072	-1.23680673419049	19
-17.5981525204426	-1.22631977427429	19
-17.601559535885	-1.21649823085709	19
-17.605332854924	-1.20563585798349	19
-17.6086286956289	-1.19616190592217	19
-17.6121818921671	-1.18596325877072	19
-17.6160024559659	-1.17501503178694	19
-17.6201002915645	-1.16329303520059	19
-17.6244851966139	-1.15077377421344	19
-17.6279680983463	-1.14084738206023	19
-17.6316219787247	-1.13045032739261	19
-17.6354508527629	-1.11957346796973	19
-17.6394587016546	-1.10820788144422	19
-17.6436494727734	-1.09634486536219	19
-17.6480270796729	-1.08397593716324	19
-17.6525954020864	-1.0710928341804	19
-17.6573582859273	-1.05768751364023	19
-17.662319543289	-1.04375215266274	19
-17.665739122914	-1.0341636814911	19
-17.6692496596144	-1.02433405472003	19
-17.6728522578474	-1.01426111734322	19
-17.6765480153897	-1.00394275779011	19
-17.6803380233376	-0.993376907925876	19
-17.6842233661066	-0.982561543051466	19
-17.6882051214321	-0.971494681903561	19
-17.6922843603686	-0.96017438665459	19
-17.6964621472903	-0.948598762912733	19
-17.7007395398909	-0.936765959721924	19
-17.7051175891836	-0.924674169561836	19
-17.7095973395009	-0.912321628347896	19
-17.7141798284951	-0.899706615431277	19
-17.7188660871377	-0.886827453598902	19
-17.7236571397198	-0.873682509073444	19
-17.7285540038521	-0.86027019151332	19
-17.7335576904647	-0.846588954012698	19
-17.738669203807	-0.832637293101496	19
-17.7438895414484	-0.818413748745377	19
-17.7492196942772	-0.803916904345754	19
-17.7546606465015	-0.789145386739788	19
-17.760213375649	-0.774097866200389	19
-17.7658788525666	-0.758773056436216	19
-17.7716580414209	-0.743169714591675	19
-17.777551899698	-0.727286641246922	19
-17.7835613782032	-0.711122680417859	19
-17.7896874210618	-0.69467671955614	19
-17.795930965718	-0.677947689549161	19
-17.802292942936	-0.660934564720075	19
-17.8087742767992	-0.643636362827777	19
-17.8153758847106	-0.626052145066912	19
-17.8220986773927	-0.608181016067877	19
-17.8289435588874	-0.590022123896809	19
-17.8359114265562	-0.571574660055605	19
-17.84300317108	-0.552837859481898	19
-17.8465957736736	-0.543360730715332	19
-17.8502196764592	-0.533811000549081	19
-17.8538749888931	-0.52418858556665	19
-17.8575618200138	-0.514493405066285	19
-17.8612802784427	-0.504725381060965	19
-17.8650304723832	-0.494884438278397	19
-17.8688125096216	-0.484970504161033	19
-17.8726264975263	-0.474983508866049	19
-17.8764725430484	-0.464923385265362	19
-17.8803507527214	-0.454790068945624	19
-17.8842612326613	-0.444583498208213	19
-17.8882040885666	-0.434303614069249	19
-17.892179425718	-0.423950360259583	19
-17.896187348979	-0.413523683224803	19
-17.9002279627955	-0.403023532125228	19
-17.9043013711957	-0.392449858835913	19
-17.9084076777905	-0.381802617946646	19
-17.912546985773	-0.371081766761954	19
-17.916719397919	-0.360287265301087	19
-17.9209250165867	-0.349419076298046	19
-17.9251639437167	-0.338477165201549	19
-17.9294362808322	-0.327461500175064	19
-17.9337421290387	-0.316372052096779	19
-17.9380815890243	-0.305208794559626	19
-17.9424547610595	-0.293971703871267	19
-17.9468617449973	-0.282660759054101	19
-17.9513026402732	-0.27127594184526	19
-17.9557775459051	-0.259817236696608	19
-17.9602865604934	-0.248284630774746	19
-17.964829782221	-0.23667811396101	19
-17.9694073088532	-0.224997678851468	19
-17.9740192377378	-0.213243320756921	19
-17.978665665805	-0.201415037702907	19
-17.9833466895677	-0.189512830429702	19
-17.9880624051209	-0.177536702392308	19
-17.9928129081425	-0.165486659760465	19
-17.9975982938925	-0.15336271141865	19
-18.0024186572136	-0.14116486896607	19
-18.0072740925308	-0.128893146716667	19
-18.0121646938517	-0.116547561699122	19
-18.0170905547662	-0.104128133656841	19
-18.022051768447	-0.0916348850479745	19
-18.0270484276489	-0.0790678410454015	19
-18.0320806247093	-0.0664270295367384	19
-18.0371484515482	-0.0537124811243288	19
-18.0422519996678	-0.0409242291252596	19
-18.0473913601531	-0.0280623095713457	19
-18.0525666236713	-0.0151267612091415	19
-18.0577778804722	-0.002117625499932	19
-18.063025220388	0.0109650533802643	19
-18.0683087328334	0.0241212285406931	19
-18.0736285068056	0.0373508503758631	19
-18.0789846308842	0.050653866565554	19
-18.0843771932313	0.064030222074809	19
-18.0898062815915	0.0774798591539341	19
-18.0952719832918	0.0910027173385046	19
-18.1007743852418	0.104598733449359	19
-18.1063135739333	0.118267841592609	19
-18.1118896354409	0.13200997315962	19
-18.1175026554215	0.145825056827032	19
-18.1231527191144	0.159713018556744	19
-18.1288399113415	0.173673781595929	19
-18.1345643165071	0.187707266477021	19
-18.140326018598	0.20181339101772	19
-18.1461251011834	0.215992070320987	19
-18.1519616474151	0.23024321677506	19
-18.1578357400273	0.244566740053432	19
-18.1637474613366	0.258962547114868	19
-18.1696968932421	0.273430542203395	19
-18.1756841172255	0.287970626848311	19
-18.1817092143507	0.302582699864171	19
-18.1877722652644	0.317266657350806	19
-18.1938733501955	0.332022392693303	19
-18.2000125489555	0.346849796562021	19
-18.2061899409384	0.361748756912585	19
-18.2124056051204	0.376719158985883	19
-18.2186596200606	0.391760885308067	19
-18.2249520639002	0.40687381569056	19
-18.2312830143631	0.422057827230046	19
-18.2376525487555	0.437312794308479	19
-18.2440607439662	0.452638588593072	19
-18.2505076764663	0.468035079036312	19
-18.2569934223096	0.483502131875947	19
-18.2635180571323	0.499039610634996	19
-18.2700816561529	0.514647376121728	19
-18.2766842941725	0.530325286429699	19
-18.2833260455746	0.546073196937715	19
-18.2900069843254	0.561890960309859	19
-18.2967271839732	0.577778426495469	19
-18.3034867176491	0.593735442729154	19
-18.3102856580665	0.609761853530792	19
-18.3171240775212	0.625857500705524	19
-18.3240020478917	0.642022223343751	19
-18.3309196406387	0.65825585782115	19
-18.3378769268055	0.674558237798654	19
-18.344873977018	0.690929194222471	19
-18.3519108614844	0.707368555324067	19
-18.3589876499953	0.723876146620176	19
-18.3661044119239	0.7404517909128	19
-18.373261216226	0.757095308289205	19
-18.3804581314395	0.773806516121923	19
-18.3876952256851	0.79058522906875	19
-18.3949725666658	0.80743125907275	19
-18.4022902216671	0.824344415362255	19
-18.409648257557	0.841324504450856	19
-18.417046740786	0.858371330137416	19
-18.4244857373869	0.875484693506059	19
-18.4319653129752	0.892664392926176	19
-18.4394855327487	0.90991022405243	19
-18.4470464614877	0.927221979824738	19
-18.4546481635551	0.944599450468295	19
-18.462290702896	0.962042423493551	19
-18.4699741430383	0.97955068369623	19
-18.477698547092	0.997124013157315	19
-18.4854639777499	1.01476219124306	19
-18.4932704972872	1.03246499460498	19
-18.5011181675613	1.05023219717987	19
-18.5090070500124	1.06806357018976	19
-18.516937205663	1.08595888214198	19
-18.5249086951181	1.10391789882911	19
-18.5329215785652	1.12194038332899	19
-18.5409759157742	1.14002609600473	19
-18.5490717660975	1.15817479450471	19
-18.55720918847	1.17638623376258	19
-18.5653882414091	1.19466016599725	19
-18.5736089830146	1.21299634071288	19
-18.5818714709687	1.23139450469893	19
-18.5901757625362	1.24985440203009	19
-18.5985219145644	1.26837577406634	19
-18.6069099834828	1.28695835945291	19
-18.6153400253037	1.30560189412032	19
-18.6238120956217	1.32430611128433	19
-18.6323262496138	1.34307074144597	19
-18.6408825420397	1.36189551239155	19
-18.6494810272414	1.38078014919263	19
-18.6581217591433	1.39972437420605	19
-18.6668047912524	1.4187279070739	19
-18.6755301766582	1.43779046472354	19
-18.6842979680325	1.45691176136761	19
-18.6931082176298	1.476091508504	19
-18.7019609772868	1.49532941491587	19
-18.7108562984228	1.51462518667165	19
-18.7197942320398	1.53397852712503	19
-18.7287748287217	1.55338913691497	19
-18.7377981386355	1.57285671396569	19
-18.7468642115303	1.59238095348668	19
-18.7559730967376	1.6119615479727	19
-18.7651248431717	1.63159818720377	19
-18.7743194993291	1.65129055824517	19
-18.7835571132888	1.67103834544745	19
-18.7928377327124	1.69084123044645	19
-18.8021614048439	1.71069889216323	19
-18.8115281765097	1.73061100680415	19
-18.8209380941188	1.75057724786082	19
-18.8303912036625	1.77059728611013	19
-18.8398875507147	1.79067078961421	19
-18.8494271804317	1.81079742372049	19
-18.8590101375523	1.83097685106165	19
-18.8686364663978	1.85120873155561	19
-18.8783062108719	1.87149272240561	19
-18.8880194144609	1.8918284781001	19
-18.8977761202333	1.91221565041284	19
-18.9075763708404	1.93265388840282	19
-18.9174202085157	1.95314283841433	19
-18.9273076750752	1.97368214407689	19
-18.9372388119177	1.99427144630532	19
-18.947213660024	2.01491038329968	19
-18.9572322599576	2.03559859054531	19
-18.9672946518645	2.0563357008128	19
-18.9774008754731	2.07712134415804	19
-18.9875509700943	2.09795514792214	19
-18.9977449746214	2.11883673673151	19
-19.0079829275302	2.13976573249781	19
-19.0182648668791	2.16074175441797	19
-19.0285908303088	2.18176441897419	19
-19.0389608550425	2.20283333993393	19
-19.0493749778859	2.22394812834991	19
-19.0598332352272	2.24510839256013	19
-19.0703356630369	2.26631373818784	19
-19.0808822968683	2.28756376814157	19
-19.0914731718568	2.30885808261511	19
-19.1021083227206	2.33019627908752	19
-19.11278778376	2.35157795232311	19
-19.1235115888581	2.37300269437148	19
-19.1342797714802	2.39447009456747	19
-19.1450923646744	2.41597973953121	19
-19.155949401071	2.43753121316807	19
-19.1668509128828	2.45912409666871	19
-19.1777969319051	2.48075796850905	19
-19.1887874895158	2.50243240445027	19
-19.199822616675	2.5241469775388	19
-19.2109023439254	2.54590125810637	19
-19.2220267013924	2.56769481376996	19
-19.2331957187834	2.5895272094318	19
-19.2444094253887	2.61139800727941	19
-19.2556678500808	2.63330676678557	19
-19.2669710213148	2.6552530447083	19
-19.2783189671281	2.67723639509094	19
-19.2897117151409	2.69925636926204	19
-19.3011492925555	2.72131251583544	19
-19.3126317261569	2.74340438071025	19
-19.3241590423125	2.76553150707083	19
-19.3357312669722	2.78769343538684	19
-19.3473484256682	2.80988970341315	19
-19.3590105435154	2.83211984618995	19
-19.370717645211	2.85438339604267	19
-19.3824697550348	2.876679882582	19
-19.3942668968491	2.89900883270391	19
-19.4061090940984	2.92136977058962	19
-19.4179963698099	2.94376221770564	19
-19.4299287465932	2.96618569280373	19
-19.4419062466405	2.98863971192091	19
-19.4539288917262	3.01112378837948	19
-19.4659967032073	3.03363743278699	19
-19.4781097020234	3.05618015303627	19
-19.4902679086965	3.07875145430541	19
-19.5024713433308	3.10135083905777	19
-19.5147200256134	3.12397780704197	19
-19.5270139748135	3.14663185529188	19
-19.5393532097831	3.16931247812668	19
-19.5517377489563	3.19201916715078	19
-19.5641676103499	3.21475141125385	19
-19.5766428115633	3.23750869661086	19
-19.589163369778	3.26029050668201	19
-19.6017293017583	3.28309632221279	19
-19.6143406238507	3.30592562123395	19
-19.6269973519845	3.3287778790615	19
-19.639699501671	3.35165256829672	19
-19.6524470880045	3.37454915882614	19
-19.6652401256614	3.3974671178216	19
-19.6780786289006	3.42040590974015	19
-19.6909626115637	3.44336499632414	19
-19.7038920870745	3.46634383660119	19
-19.7168670684393	3.48934188688415	19
-19.7298875682472	3.51235860077118	19
-19.7429535986693	3.53539342914567	19
-19.7560651714595	3.55844582017629	19
-19.769222297954	3.581515219317	19
-19.7824249890715	3.60460106930697	19
-19.7956732553132	3.62770281017068	19
-19.8089671067628	3.65081987921787	19
-19.8223065530864	3.67395171104353	19
-19.8356916035327	3.69709773752794	19
-19.8491222669325	3.72025738783661	19
-19.8625985516996	3.74343008842034	19
-19.8761204658298	3.7666152630152	19
-19.8896880169017	3.78981233264252	19
-19.9033012120762	3.81302071560889	19
-19.9169600580967	3.83623982750616	19
-19.930664561289	3.85946908121147	19
-19.9444147275616	3.8827078868872	19
-19.9582105624051	3.905955651981	19
-19.972052070893	3.92921178122581	19
-19.9859392576808	3.9524756766398	19
-19.9998721270069	3.97574673752645	19
-20.013850682692	3.99902436047444	19
-20.027874928139	4.02230793935779	19
-20.0419448663338	4.04559686533573	19
-20.0560604998444	4.06889052685279	19
-20.0702218308213	4.09218830963874	19
-20.0844288609975	4.11548959670863	19
-20.0986815916886	4.13879376836278	19
-20.1129800237924	4.16210020218676	19
-20.1273241577895	4.18540827305143	19
-20.1417139937427	4.20871735311289	19
-20.1561495312974	4.23202681181251	19
-20.1706307696814	4.25533601587694	19
-20.185157707705	4.27864432931809	19
-20.1997303437609	4.30195111343314	19
-20.2143486758245	4.32525572680451	19
-20.2290127014534	4.34855752529992	19
-20.2437224177878	4.37185586207233	19
-20.2584778215503	4.39515008755999	19
-20.273278909046	4.41843954948639	19
-20.2881256761625	4.44172359286031	19
-20.3030181183699	4.46500155997577	19
-20.3179562307207	4.48827279041207	19
-20.3329400078498	4.51153662103379	19
-20.3479694439747	4.53479238599075	19
-20.3630445328953	4.55803941671805	19
-20.378165267994	4.58127704193605	19
-20.3933316422357	4.60450458765038	19
-20.4085436481676	4.62772137715193	19
-20.4238012779196	4.65092673101686	19
-20.439104523204	4.6741199671066	19
-20.4544533753153	4.69730040056784	19
-20.469847825131	4.72046734383253	19
-20.4852878631105	4.7436201066179	19
-20.5007734792961	4.76675799592643	19
-20.5163046633123	4.78988031604588	19
-20.5318814043662	4.81298636854927	19
-20.5475036912474	4.83607545229489	19
-20.5631715123278	4.85914686342628	19
-20.5788848555619	4.88219989537225	19
-20.5946437084867	4.9052338388469	19
-20.6104480582216	4.92824798184958	19
-20.6262978914684	4.95124160966489	19
-20.6421931945115	4.97421400486271	19
-20.6581339532177	4.9971644472982	19
-20.6741201530362	5.02009221411176	19
-20.6901517789989	5.04299657972906	19
-20.70622881572	5.06587681586106	19
-20.7223512473961	5.08873219150395	19
-20.7385190578064	5.11156197293922	19
-20.7547322303125	5.1343654237336	19
-20.7709907478585	5.1571418047391	19
-20.787294592971	5.17989037409298	19
-20.803643747759	5.2026103872178	19
-20.8200381939139	5.22530109682134	19
-20.8364779127098	5.24796175289667	19
-20.8529628850031	5.27059160272214	19
-20.8694930912327	5.29318989086134	19
-20.8860685114199	5.31575585916313	19
-20.9026891251686	5.33828874676166	19
-20.9193549116651	5.36078779007631	19
-20.9360658496782	5.38325222281174	19
-20.9528219175591	5.40568127595788	19
-20.9696230932415	5.42807417778994	19
-20.9864693542415	5.45043015386837	19
-21.0033606776579	5.47274842703888	19
-21.0202970401718	5.49502821743248	19
-21.0372784180467	5.51726874246544	19
-21.0543047871287	5.53946921683925	19
-21.0713761228462	5.56162885254072	19
-21.0884924002104	5.58374685884189	19
-21.1056535938146	5.60582244230009	19
-21.1228596778348	5.62785480675791	19
-21.1401106260293	5.64984315334319	19
-21.1574064117391	5.67178668046905	19
-21.1747470078874	5.69368458383388	19
-21.19213238698	5.71553605642132	19
-21.2095625211052	5.73734028850028	19
-21.2270373819338	5.75909646762496	19
-21.2445569407189	5.78080377863478	19
-21.2621211682962	5.80246140365448	19
-21.2797300350839	5.82406852209401	19
-21.2973835110825	5.84562431064862	19
-21.3150815658751	5.86712794329882	19
-21.3328241686273	5.88857859131041	19
-21.3506112880871	5.90997542323439	19
-21.3684428925849	5.93131760490709	19
-21.3863189500337	5.95260429945006	19
-21.4042394279289	5.97383466727017	19
-21.4222042933484	5.99500786605949	19
-21.4402135129526	6.01612305079541	19
-21.4582670529842	6.03717937374055	19
-21.4763648792686	6.05817598444283	19
-21.4945069572134	6.0791120297354	19
-21.512693251809	6.09998665373668	19
-21.530923727628	6.1207989978504	19
-21.5491983488256	6.1415482007655	19
-21.5675170791394	6.16223339845621	19
-21.5858798818896	6.18285372418203	19
-21.6042867199785	6.20340830848772	19
-21.6227375558914	6.2238962792033	19
-21.6412323516957	6.24431676144407	19
-21.6597710690414	6.26466887761058	19
-21.6783536691608	6.28495174738866	19
-21.696980112869	6.3051644877494	19
-21.7156503605633	6.32530621294913	19
-21.7343643722235	6.34537603452951	19
-21.7531221074119	6.3653730613174	19
-21.7719235252734	6.38529639942495	19
-21.7907685845351	6.40514515224959	19
-21.8096572435068	6.424918420474	19
-21.8285894600807	6.44461530206613	19
-21.8475651917314	6.46423489227918	19
-21.866584395516	6.48377628365165	19
-21.8856470280741	6.50323856600727	19
-21.9047530456278	6.52262082645507	19
-21.9239024039817	6.54192214938931	19
-21.9430950585226	6.56114161648954	19
-21.9623309642201	6.58027830672057	19
-21.981610075626	6.59933129633248	19
-22.0009323468749	6.61829965886059	19
-22.0202977316834	6.63718246512553	19
-22.0397061833511	6.65597878323316	19
-22.0591576547596	6.67468767857462	19
-22.0786520983733	6.69330821382631	19
-22.0981894662389	6.71183944894991	19
-22.1177697099856	6.73028044119234	19
-22.137392780825	6.74863024508581	19
-22.1570586295514	6.76688791244778	19
-22.1767672065413	6.78505249238098	19
-22.1965184617537	6.80312303127342	19
-22.2163123447304	6.82109857279835	19
-22.2361488045951	6.83897815791431	19
-22.2560277900546	6.85676082486509	19
-22.2759492493976	6.87444560917975	19
-22.2959131304957	6.89203154367262	19
-22.3159193808026	6.90951765844328	19
-22.3359679473548	6.92690298087661	19
-22.3560587767711	6.9441865356427	19
-22.3761918152528	6.96136734469697	19
-22.3963670085837	6.97844442728006	19
-22.4165843021299	6.9954167999179	19
-22.4368436408401	7.01228347642167	19
-22.4571449692456	7.02904346788781	19
-22.47748823146	7.04569578269806	19
-22.4978733711793	7.0622394265194	19
-22.5183003316822	7.07867340230406	19
-22.5387690558297	7.09499671028958	19
-22.5592794860652	7.11120834799872	19
-22.5798315644148	7.12730731023953	19
-22.6004252324869	7.14329258910534	19
-22.6210604314724	7.15916317397471	19
-22.6417371021447	7.17491805151149	19
-22.6624551848597	7.19055620566479	19
-22.6832146195556	7.20607661766898	19
-22.7040153457532	7.2214782660437	19
-22.7248573025559	7.23676012659386	19
-22.7457404286492	7.25192117240963	19
-22.7666646623015	7.26696037386646	19
-22.7876299413633	7.28187669862503	19
-22.8086362032678	7.29666911163133	19
-22.8296833850306	7.31133657511659	19
-22.8507714232497	7.32587804859731	19
-22.8719002541057	7.34029248887526	19
-22.8930698133615	7.35457885003746	19
-22.9142800363627	7.3687360834562	19
-22.9355308580371	7.38276313778909	19
-22.9568222128953	7.39665895897891	19
-22.9781540350299	7.41042249025377	19
-22.9995262581165	7.42405267212705	19
-23.0209388154127	7.43754844239736	19
-23.0423916397589	7.45090873614858	19
-23.0638846635778	7.46413248574989	19
-23.0854178188746	7.47721862085571	19
-23.106991037237	7.49016606840572	19
-23.1286042498351	7.50297375262487	19
-23.1502573874217	7.5156405950234	19
-23.1719503803316	7.5281655143968	19
-23.1936831584826	7.5405474268258	19
-23.2154556513746	7.55278524567642	19
-23.2372677880901	7.56487788159996	19
-23.259119497294	7.57682424253296	19
-23.2810107072339	7.58862323369724	19
-23.3029413457395	7.60027375759987	19
-23.3249113402233	7.61177471403322	19
-23.3469206176801	7.62312500007487	19
-23.3689691046871	7.63432351008773	19
-23.3910567274042	7.64536913571991	19
-23.4131834115735	7.65626076590486	19
-23.4353490825199	7.66699728686123	19
-23.4575536651504	7.67757758209295	19
-23.4797970839547	7.68800053238926	19
-23.5020792630049	7.69826501582461	19
-23.5244001259555	7.70836990775874	19
-23.5467595960437	7.71831408083666	19
-23.5691575960889	7.72809640498862	19
-23.5915940484932	7.7377157474302	19
-23.6140688752409	7.74717097266216	19
-23.6365819978989	7.75646094247057	19
-23.6591333376168	7.76558451592679	19
-23.6817228151262	7.77454054938739	19
-23.7043503507416	7.78332789649424	19
-23.7270158643597	7.79194540817449	19
-23.7497192754598	7.80039193264052	19
-23.7724605031036	7.80866631538998	19
-23.7952394659353	7.81676739920581	19
-23.8180560821816	7.82469402415621	19
-23.8409102696516	7.83244502759463	19
-23.8638019457369	7.84001924415979	19
-23.8867310274116	7.84741550577568	19
-23.9096974312321	7.85463264165156	19
-23.9327010733376	7.86166947828195	19
-23.9557418694494	7.86852483944664	19
-23.9788197348716	7.87519754621068	19
-24.0019345844904	7.88168641692439	19
-24.0250863327749	7.88799026722335	19
-24.0482748937763	7.89410791002842	19
-24.0715001811285	7.9000381555457	19
-24.0947621080477	7.90577981126659	19
-24.1180605873328	7.91133168196771	19
-24.1413955313648	7.916692569711	19
-24.1647668521075	7.92186127384362	19
-24.188174461107	7.92683659099804	19
-24.2116182694921	7.93161731509195	19
-24.2350981879736	7.93620223732831	19
-24.2586141268453	7.9405901461954	19
-24.2821659959832	7.9447798274667	19
-24.3057537048456	7.94877006420098	19
-24.3293771624737	7.9525596367423	19
-24.3530362774908	7.95614732271995	19
-24.3767309581029	7.9595318970485	19
-24.4004611120982	7.96271213192778	19
-24.4242266468477	7.96568679684292	19
-24.4480274693046	7.96845465856426	19
-24.4718634860048	7.97101448114743	19
-24.4957346030663	7.97336502593335	19
-24.5196407261901	7.97550505154818	19
-24.5435817606592	7.97743331390333	19
-24.5675576113392	7.97914856619551	19
-24.5915681826784	7.98064955890669	19
-24.6156133787072	7.98193503980408	19
-24.6396931030388	7.98300375394018	19
-24.6638072588686	7.98385444365275	19
-24.6879557489746	7.98448584856483	19
-24.7121384757174	7.98489670558468	19
-24.7363553410397	7.98508574890587	19
-24.760606246467	7.98505171000723	19
-24.7848910931072	7.98479331765284	19
-24.8092097816506	7.98430929789205	19
-24.83356221237	7.98359837405948	19
-24.8579482851206	7.98265926677501	19
-24.8823678993401	7.98149069394381	19
-24.9068209540489	7.98009137075627	19
-24.9313073478495	7.97846000968809	19
-24.9558269789271	7.97659532050021	19
-24.9803797450493	7.97449601023885	19
-25.0049655435661	7.97216078323548	19
-25.0295842714101	7.96958834110685	19
-25.0542358250964	7.96677738275497	19
-25.0789201007223	7.96372660436711	19
-25.1036369939678	7.96043469941582	19
-25.1283864000954	7.95690035865891	19
-25.15316821395	7.95312227013944	19
-25.1779823299588	7.94909911918575	19
-25.2028286421317	7.94482958841145	19
-25.2277070440609	7.94031235771543	19
-25.2526174289214	7.9355461042818	19
-25.2775596894701	7.93052950257996	19
-25.302533718047	7.92526122436459	19
-25.327539406574	7.91973993867563	19
-25.3525766465559	7.91396431183826	19
-25.3776453290797	7.90793300746296	19
-25.4027453448151	7.90164468644545	19
-25.4278765840139	7.89509800696673	19
-25.4530389365108	7.88829162449307	19
-25.4782322917227	7.88122419177598	19
-25.503456538649	7.87389435885227	19
-25.5287115658717	7.866300773044	19
-25.5539972615551	7.85844207895847	19
-25.579313513446	7.85031691848831	19
-25.6046602088738	7.84192393081134	19
-25.6300372347503	7.8332617523907	19
-25.6554444775696	7.82432901697478	19
-25.6808818234086	7.81512435559722	19
-25.7063491579263	7.80564639657695	19
-25.7318463663645	7.79589376551815	19
-25.7573733335472	7.78586508531027	19
-25.7829299438811	7.77555897612804	19
-25.8085160813552	7.76497405543143	19
-25.834131629541	7.75410893796567	19
-25.8597764715925	7.74296223576131	19
-25.8854504902462	7.73153255813411	19
-25.9111535678211	7.71981851168511	19
-25.9368855862184	7.70781870030064	19
-25.962646426922	7.69553172515226	19
-25.9884359709984	7.6829561846968	19
-26.0142540990963	7.6700906746764	19
-26.0401006914469	7.65693378811841	19
-26.0659756278641	7.64348411533548	19
-26.0918787877439	7.62974024392551	19
-26.1178100500652	7.61570075877166	19
-26.143769293389	7.6013642420424	19
-26.1697563958589	7.58672927319141	19
-26.195771235201	7.57179442895765	19
-26.2218136887239	7.55655828336537	19
-26.2478836333186	7.54101940772405	19
-26.2739809454585	7.52517637062847	19
-26.3001055011997	7.50902773795867	19
-26.3262571761804	7.49257207287992	19
-26.3524358456217	7.47580793584281	19
-26.3786413843269	7.45873388458316	19
-26.4048736666818	7.44134847412204	19
-26.4311325666547	7.42365025676584	19
-26.4574179577963	7.40563778210618	19
-26.4837297132399	7.38730959701992	19
-26.5100677057012	7.36866424566927	19
-26.5364318074783	7.3497002695016	19
-26.5628218904519	7.33041620724964	19
-26.5892378260851	7.31081059493131	19
-26.6156794854234	7.29088196584985	19
-26.6421467390949	7.27062885059375	19
-26.6686394573101	7.25004977703674	19
-26.695157509862	7.22914327033785	19
-26.721700766126	7.20790785294137	19
-26.74826909506	7.18634204457683	19
-26.7748623652044	7.16444436225904	19
-26.801480444682	7.14221332028811	19
-26.8281232011982	7.11964743024936	19
-26.8547905020408	7.09674520101341	19
-26.88148221408	7.07350513873614	19
-26.9081982037684	7.04992574685868	19
-26.9349383371414	7.02600552610745	19
-26.9617024798165	7.00174297449412	19
-26.988490496994	6.97713658731563	19
-27.0153022534563	6.95218485715418	19
-27.0421376135685	6.92688627387726	19
-27.0689964412782	6.90123932463757	19
-27.0958786001154	6.87524249387315	19
-27.1227839531925	6.84889426330725	19
-27.1497123632045	6.82219311194841	19
-27.1766636924288	6.79513751609043	19
-27.2036378027251	6.76772594931237	19
-27.230634555536	6.73995688247857	19
-27.2576538118862	6.71182878373861	19
-27.2846954323829	6.68334011852737	19
-27.3117592772159	6.65448934956498	19
-27.3388452061574	6.62527493685682	19
-27.3659530785621	6.59569533769355	19
-27.3930827533672	6.5657490066511	19
-27.4202340890922	6.53543439559067	19
-27.4474069438393	6.50474995365871	19
-27.4746011752929	6.47369412728695	19
-27.5018166407202	6.44226536019235	19
-27.5290531969706	6.41046209337721	19
-27.556310700476	6.37828276512901	19
-27.5835890072509	6.34572581102055	19
-27.6108879728922	6.3127896639099	19
-27.6382074525792	6.27947275394034	19
-27.6655473010738	6.24577350854048	19
-27.6929073727203	6.21169035242416	19
-27.7202875214454	6.17722170759049	19
-27.7476876007583	6.14236599332386	19
-27.7751074637509	6.10712162619391	19
-27.8025469630972	6.07148702005555	19
-27.8300059510538	6.03546058604896	19
-27.85748427946	5.99904073259958	19
-27.8849817997372	5.96222586541812	19
-27.9124983628895	5.92501438750056	19
-27.9400338195034	5.88740469912814	19
-27.967588019748	5.84939519786735	19
-27.9951608133746	5.81098427856997	19
-28.0227520497171	5.77217033337304	19
-28.050361577692	5.73295175169887	19
-28.0779892457981	5.69332692025502	19
-28.1056349021167	5.65329422303432	19
-28.1332983943116	5.61285204131488	19
