0.384240360972217	4.03375894833482	50
0.375684559747017	4.02848053147839	50
0.367195762848654	4.02309501884414	50
0.358775310756563	4.01760326086694	50
0.350424533157742	4.01200612475903	50
0.34214474873678	4.0063044943731	50
0.333937264967619	4.00049927006268	50
0.32580337790709	3.99459136853998	50
0.317744371990251	3.98858172273114	50
0.309761519827559	3.9824712816289	50
0.301856082003911	3.97626101014274	50
0.294029306879583	3.96995188894652	50
0.286282430393096	3.96354491432362	50
0.278616675866053	3.9570410980096	50
0.271033253809959	3.95044146703246	50
0.263533361735065	3.94374706355042	50
0.256118183961271	3.9369589446874	50
0.248788891431108	3.93007818236607	50
0.24154664152483	3.92310586313856	50
0.234392577877652	3.91604308801489	50
0.227327830199156	3.90889097228914	50
0.220353514094898	3.90165064536328	50
0.21347073089024	3.89432325056888	50
0.206680567456437	3.88690994498651	50
0.19998409603901	3.87941189926306	50
0.193382374088423	3.87183029742687	50
0.186876444093103	3.86416633670076	50
0.180467333414813	3.85642122731297	50
0.174156054126429	3.84859619230606	50
0.167943602852111	3.84069246734377	50
0.161830960609932	3.83271130051588	50
0.155819092656964	3.82465395214117	50
0.149908948336847	3.81652169456835	50
0.144101460929882	3.80831581197516	50
0.138397547505653	3.80003760016557	50
0.132798108778212	3.79168836636522	50
0.127304028963845	3.78326942901489	50
0.121916175641444	3.7747821175624	50
0.116635399615505	3.7662277722526	50
0.111462534781781	3.75760774391579	50
0.106398397995595	3.74892339375437	50
0.10144378894285	3.7401760931279	50
0.0965994900137517	3.73136722333656	50
0.0918662661792574	3.72249817540299	50
0.0872448648702802	3.71357034985268	50
0.0827360158596595	3.70458515649278	50
0.0783404311469224	3.69554401418948	50
0.0740588048458503	3.68644835064396	50
0.0698918130748702	3.67729960216693	50
0.0658401138502885	3.66809921345183	50
0.0619043469823812	3.6588486373467	50
0.0580851339743615	3.64954933462473	50
0.0543830779242374	3.64020277375364	50
0.0507987634295745	3.63081043066372	50
0.0473327564951822	3.62137378851483	50
0.0439856044437349	3.61189433746217	50
0.0407578358293428	3.60237357442094	50
0.0376499603540877	3.59281300282999	50
0.0346624687875348	3.5832141324144	50
0.0317958328892344	3.5735784789471	50
0.0290505053342259	3.56390756400946	50
0.0264269196415553	3.55420291475106	50
0.023925490105817	3.54446606364852	50
0.021546611731732	3.53469854826349	50
0.0192906601717725	3.5249019109999	50
0.0171579916668417	3.51507769886032	50
0.0151489429900192	3.50522746320174	50
0.0132638313933806	3.49535275949056	50
0.0115029545579001	3.48545514705697	50
0.00986659054644257	3.4755361888487	50
0.00835499775985482	3.46559745118424	50
0.00696841489616074	3.45564050350549	50
0.00570706091286832	3.44566691812989	50
0.0045711349923937	3.43567827000222	50
0.0035608165106078	3.42567613644578	50
0.00267626500851059	3.41566209691343	50
0.00191762016703856	3.40563773273809	50
0.00128500178500657	3.39560462688307	50
0.000778509760190893	3.38556436369209	50
0.000398224073553277	3.3755185286391	50
0.000144204776612478	3.3654687080779	50
1.64919819598541e-05	3.35541648899168	50
1.5105856926434e-05	3.34536345874235	50
0.000140046620397238	3.33531120481992	50
0.00039129454277731	3.32526131459182	50
0.000768809949107441	3.31521537505222	50
0.00127253322532839	3.30517497257142	50
0.00190238482769567	3.29514169264538	50
0.00265826529533963	3.28511711964529	50
0.00354005526597212	3.27510283656745	50
0.0045476154947347	3.26510042478325	50
0.00568078687618723	3.25511146378945	50
0.00693939046943237	3.2451375309588	50
0.00832322752637271	3.2351802012909	50
0.00983207952309484	3.22524104716354	50
0.0114657081943775	3.21532163808438	50
0.0132238555713158	3.2054235404431	50
0.0151062440220577	3.19554831726406	50
0.0171125762956457	3.18569752795947	50
0.0192425355689555	3.17587272808317	50
0.0214957854967266	3.16607546908494	50
0.0238719702646749	3.15630729806556	50
0.02637071464568	3.14656975753246	50
0.0289916240590377	3.13686438515617	50
0.0317342846327691	3.12719271352751	50
0.0345982632689757	3.11755626991554	50
0.0375831077122306	3.10795657602641	50
0.0406883466209947	3.09839514776308	50
0.0439134896420473	3.0888734949859	50
0.0472580274879183	3.07939312127423	50
0.0507214320173107	3.06995552368898	50
0.0543031563185002	3.06056219253621	50
0.0580026347956992	3.0512146111318	50
0.0618192832583704	3.04191425556721	50
0.0657524990134772	3.0326625944764	50
0.069801660960657	3.02346108880391	50
0.0739661296902988	3.01431119157415	50
0.0782452475845139	3.00521434766196	50
0.0826383389209822	2.99617199356445	50
0.0871447099796548	2.98718555717415	50
0.0917636491523024	2.97825645755354	50
0.0964944270548852	2.96938610471096	50
0.101336296642731	2.96057589937796	50
0.106288493328504	2.95182723278809	50
0.111350235102939	2.94314148645721	50
0.116520722658333	2.93452003196537	50
0.121799139514762	2.92596423074017	50
0.127184652149015	2.91747543384181	50
0.132676410126218	2.90905498174972	50
0.138273546234121	2.9007042041509	50
0.143975176620051	2.89242441972993	50
0.149780400930474	2.88421693596077	50
0.155688302453174	2.87608304890024	50
0.161697948262015	2.8680240429834	50
0.167808389364257	2.86004119082071	50
0.174018660850417	2.85213575299706	50
0.180327782046634	2.84430897787274	50
0.186734756669534	2.83656210138625	50
0.193238572983553	2.82889634685921	50
0.199838203960699	2.82131292480311	50
0.206532607442735	2.81381303272822	50
0.213320726305749	2.80639785495442	50
0.220201488627081	2.79906856242426	50
0.227173807854597	2.79182631251798	50
0.234236582978263	2.7846722488708	50
0.241388698704016	2.77760750119231	50
0.248629025629871	2.77063318508805	50
0.255956420424273	2.76375040188339	50
0.263369726006644	2.75696023844959	50
0.270867771730095	2.75026376703216	50
0.278449373566284	2.74366204508158	50
0.286113334292393	2.73715611508626	50
0.293858443680182	2.73074700440797	50
0.301683478687092	2.72443572511958	50
0.309587203649386	2.71822327384526	50
0.317568370477269	2.71211063160309	50
0.325625718851979	2.70609876365012	50
0.333757976424803	2.70018861933	50
0.341963859017999	2.69438113192303	50
0.350242070827579	2.68867721849881	50
0.358591304627934	2.68307777977136	50
0.367010241978261	2.677583699957	50
0.375497553430756	2.6721958466346	50
0.384051898740553	2.66691507060866	50
0.392671927077362	2.66174220577493	50
0.401356277238782	2.65667806898875	50
0.410103577865251	2.651723459936	50
0.418912447656597	2.6468791610069	50
0.427781495590166	2.64214593717241	50
0.436709321140475	2.63752453586343	50
0.445694514500375	2.63301568685281	50
0.454735656803675	2.62862010214007	50
0.463831320349197	2.624338475839	50
0.472980068826227	2.62017148406802	50
0.482180457541324	2.61611978484344	50
0.491431033646457	2.61218401797553	50
0.500730336368421	2.60836480496751	50
0.510076897239517	2.60466274891739	50
0.519469240329434	2.60107843442273	50
0.528905882478319	2.59761242748834	50
0.538385333530984	2.59426527543689	50
0.547906096572217	2.5910375068225	50
0.557466668163167	2.58792963134724	50
0.567065538578749	2.58494213978069	50
0.576701192046052	2.58207550388239	50
0.586372106983692	2.57933017632738	50
0.596076756242093	2.57670659063471	50
0.605813607344636	2.57420516109897	50
0.61558112272966	2.57182628272489	50
0.625377759993256	2.56957033116493	50
0.635201972132835	2.56743766265999	50
0.645052207791413	2.56542861398317	50
0.654926911502593	2.56354350238653	50
0.664824523936186	2.56178262555105	50
0.674743482144455	2.56014626153959	50
0.684682219808912	2.55863466875301	50
0.694639167487668	2.55724808588931	50
0.704612752863258	2.55598673190602	50
0.714601400990936	2.55485080598555	50
0.72460353454737	2.55384048750376	50
0.734617574079721	2.55295593600166	50
0.744641938255063	2.55219729116019	50
0.754675044110085	2.55156467277816	50
0.764715307301066	2.55105818075334	50
0.774761142354057	2.55067789506671	50
0.784810962915249	2.55042387576977	50
0.794863182001473	2.55029616297511	50
0.804916212250807	2.55029477685008	50
0.814968466173236	2.55041971761355	50
0.825018356401336	2.55067096553593	50
0.835064295940938	2.55104848094226	50
0.845104698421733	2.55155220421848	50
0.855137978347778	2.55218205582085	50
0.865162551347861	2.55293793628849	50
0.875176834425698	2.55381972625912	50
0.885179246209903	2.55482728648789	50
0.895168207203701	2.55596045786934	50
0.905142140034357	2.55721906146259	50
0.915099469702254	2.55860289851953	50
0.925038623829611	2.56011175051625	50
0.934958032908772	2.56174537918753	50
0.944856130550053	2.56350352656447	50
0.954731353729094	2.56538591501521	50
0.967459802183777	2.56791623815959	50
0.978003004868169	2.56998723474862	50
0.988552192471673	2.57203405605289	50
0.999107364994289	2.57405670207238	50
1.00966852243602	2.57605517280711	50
1.02023566479686	2.57802946825707	50
1.03080879207681	2.57997958842227	50
1.04138790427588	2.58190553330269	50
1.05197300139406	2.58380730289835	50
1.06256408343135	2.58568489720924	50
1.07316115038775	2.58753831623536	50
1.08376420226327	2.58936755997672	50
1.0943732390579	2.59117262843331	50
1.10498826077164	2.59295352160513	50
1.11560926740449	2.59471023949218	50
1.12623625895646	2.59644278209447	50
1.13686923542753	2.59815114941199	50
1.14750819681773	2.59983534144474	50
1.15815314312703	2.60149535819272	50
1.16880407435545	2.60313119965594	50
1.17946099050297	2.60474286583439	50
1.19012389156961	2.60633035672807	50
1.20079277755537	2.60789367233698	50
1.21146764846023	2.60943281266113	50
1.22214850428421	2.61094777770051	50
1.2328353450273	2.61243856745512	50
1.2435281706895	2.61390518192496	50
1.25422698127082	2.61534762111004	50
1.26493177677125	2.61676588501034	50
1.27564255719079	2.61815997362589	50
1.28635932252944	2.61952988695666	50
1.29708207278721	2.62087562500267	50
1.30781080796409	2.6221971877639	50
1.31854552806008	2.62349457524037	50
1.32928623307518	2.62476778743208	50
1.34003292300939	2.62601682433901	50
1.35078559786272	2.62724168596118	50
1.36154425763516	2.62844237229858	50
1.37230890232671	2.62961888335122	50
1.38307953193738	2.63077121911908	50
1.39385614646716	2.63189937960218	50
1.40463874591605	2.63300336480051	50
1.41542733028405	2.63408317471407	50
1.42622189957116	2.63513880934287	50
1.43702245377739	2.6361702686869	50
1.44782899290273	2.63717755274616	50
1.45864151694718	2.63816066152065	50
1.46946002591075	2.63911959501038	50
1.48028451979343	2.64005435321534	50
1.49111499859522	2.64096493613553	50
1.50195146231612	2.64185134377095	50
1.51279391095613	2.64271357612161	50
1.52364234451526	2.64355163318749	50
1.5344967629935	2.64436551496861	50
1.54535716639085	2.64515522146497	50
1.55622355470732	2.64592075267655	50
1.56709592794289	2.64666210860337	50
1.57797428609758	2.64737928924542	50
1.58885862917139	2.6480722946027	50
1.5997489571643	2.64874112467522	50
1.61064527007633	2.64938577946297	50
1.62154756790747	2.65000625896595	50
1.63245585065772	2.65060256318416	50
1.64337011832708	2.65117469211761	50
1.65429037091556	2.65172264576629	50
1.66521660842315	2.6522464241302	50
1.67614883084985	2.65274602720934	50
1.68708703819567	2.65322145500372	50
1.69803123046059	2.65367270751332	50
1.70898140764463	2.65409978473816	50
1.71993756974778	2.65450268667824	50
1.73089971677005	2.65488141333354	50
1.74186784871142	2.65523596470408	50
1.75284196557191	2.65556634078985	50
1.76382206735152	2.65587254159085	50
1.77480815405023	2.65615456710709	50
1.78580022566806	2.65641241733856	50
1.796798282205	2.65664609228526	50
1.80780232366105	2.65685559194719	50
1.81881235003621	2.65704091632436	50
1.82982836133049	2.65720206541676	50
1.84085035754388	2.65733903922439	50
1.85187833867638	2.65745183774725	50
1.86291230472799	2.65754046098534	50
1.87395225569872	2.65760490893867	50
1.88499819158856	2.65764518160723	50
1.89605011239751	2.65766127899103	50
1.90710801812557	2.65765320109005	50
1.91817190877275	2.65762094790431	50
1.92924178433904	2.6575645194338	50
1.94031764482444	2.65748391567852	50
1.95139949022895	2.65737913663848	50
1.96248732055258	2.65725018231366	50
1.97358113579531	2.65709705270408	50
1.98468093595717	2.65691974780974	50
1.99578672103813	2.65671826763062	50
2.0068984910382	2.65649261216674	50
2.01801624595739	2.65624278141809	50
2.02913998579569	2.65596877538467	50
2.04026971055311	2.65567059406649	50
2.05140542022963	2.65534823746354	50
2.06254711482527	2.65500170557582	50
2.07369479434002	2.65463099840333	50
2.08484845877389	2.65423611594608	50
2.09600810812686	2.65381705820405	50
2.10717374239895	2.65337382517726	50
2.11834536159015	2.65290641686571	50
2.12952296570046	2.65241483326938	50
2.14070655472989	2.65189907438829	50
2.15189612867843	2.65135914022243	50
2.16309168754608	2.6507950307718	50
2.17429323133284	2.65020674603641	50
2.18550076003872	2.64959428601624	50
2.1967142736637	2.64895765071132	50
2.2079337722078	2.64829684012162	50
2.21915925567102	2.64761185424715	50
2.23039072405334	2.64690269308792	50
2.24162817735478	2.64616935664392	50
2.25287161557533	2.64541184491515	50
2.26412103871499	2.64463015790162	50
2.27537644677377	2.64382429560332	50
2.28663783975166	2.64299425802025	50
2.29790521764866	2.64214004515241	50
2.30917858046477	2.6412616569998	50
2.32045792819999	2.64035909356243	50
2.33174326085433	2.63943235484029	50
2.34303457842778	2.63848144083339	50
2.35433188092034	2.63750635154171	50
2.36563516833202	2.63650708696527	50
2.3769444406628	2.63548364710406	50
2.38825969791271	2.63443603195808	50
2.39958094008172	2.63336424152734	50
2.41090816716984	2.63226827581182	50
2.42224137917708	2.63114813481154	50
2.43358057610343	2.6300038185265	50
2.44492575794889	2.62883532695668	50
2.45627692471347	2.6276426601021	50
2.46763407639715	2.62642581796275	50
2.47899721299995	2.62518480053863	50
2.49036633452186	2.62391960782975	50
2.50174144096289	2.62263023983609	50
2.51312253232303	2.62131669655767	50
2.52450960860228	2.61997897799449	50
2.53590266980064	2.61861708414653	50
2.54730171591811	2.61723101501381	50
2.5587067469547	2.61582077059632	50
2.5701177629104	2.61438635089406	50
2.58153476378521	2.61292775590703	50
2.59295774957914	2.61144498563524	50
2.60438672029217	2.60993804007868	50
2.61582167592432	2.60840691923736	50
2.62726261647558	2.60685162311126	50
2.63870954194596	2.6052721517004	50
2.65016245233544	2.60366850500477	50
2.66162134764404	2.60204068302437	50
2.67308622787175	2.6003886857592	50
2.68455709301858	2.59871251320927	50
2.69603394308452	2.59701216537457	50
2.70751677806956	2.5952876422551	50
2.71900559797373	2.59353894385087	50
2.730500402797	2.59176607016187	50
2.74200119253939	2.5899690211881	50
2.75350796720088	2.58814779692956	50
2.7650207267815	2.58630239738625	50
2.77653947128122	2.58443282255818	50
2.78806420070006	2.58253907244534	50
2.79959491503801	2.58062114704773	50
2.81113161429507	2.57867904636536	50
2.82267429847124	2.57671277039821	50
2.83422296756653	2.5747223191463	50
2.84577762158092	2.57270769260963	50
2.85733826051444	2.57066889078818	50
2.86890488436706	2.56860591368197	50
2.8804774931388	2.56651876129099	50
2.89205608682964	2.56440743361524	50
2.9036406654396	2.56227193065472	50
2.91523122896868	2.56011225240944	50
2.92682777741686	2.55792839887939	50
2.93843031078416	2.55572037006457	50
2.95003882907057	2.55348816596499	50
2.9616533322761	2.55123178658063	50
2.97327382040073	2.54895123191151	50
2.98490029344448	2.54664650195763	50
2.99653275140734	2.54431759671897	50
3.00817119428931	2.54196451619555	50
3.0198156220904	2.53958726038736	50
3.0314660348106	2.5371858292944	50
3.04312243244991	2.53476022291668	50
3.05478481500833	2.53231044125418	50
3.06645318248587	2.52983648430692	50
3.07812753488252	2.52733835207489	50
3.08980787219828	2.5248160445581	50
3.10149419443315	2.52226956175654	50
3.11318650158713	2.51969890367021	50
3.12488479366023	2.51710407029911	50
3.13658907065244	2.51448506164324	50
3.14829933256377	2.51184187770261	50
3.1600155793942	2.50917451847721	50
3.17173781114375	2.50648298396704	50
3.18346602781241	2.5037672741721	50
3.19520022940018	2.5010273890924	50
3.20694041590707	2.49826332872793	50
3.21868658733306	2.49547509307869	50
3.23043874367817	2.49266268214469	50
3.2421968849424	2.48982609592591	50
3.25396101112573	2.48696533442237	50
3.26573112222818	2.48408039763406	50
3.27750721824974	2.48117128556099	50
3.28928929919041	2.47823799820315	50
3.3010773650502	2.47528053556054	50
3.31287141582909	2.47229889763316	50
3.3246714515271	2.46929308442101	50
3.33647747214423	2.4662630959241	50
3.34828947768046	2.46320893214242	50
3.36010746813581	2.46013059307597	50
3.37193144351027	2.45702807872475	50
3.38376140380384	2.45390138908877	50
3.39559734901652	2.45075052416802	50
3.40743927914832	2.4475754839625	50
3.41928719419923	2.44437626847222	50
3.43114109416925	2.44115287769717	50
3.44300097905839	2.43790531163734	50
3.45486684886664	2.43463357029276	50
3.466738703594	2.4313376536634	50
3.47861654324047	2.42801756174928	50
3.49050036780605	2.42467329455038	50
3.50239017729075	2.42130485206673	50
3.51428597169456	2.4179122342983	50
3.52618775101748	2.41449544124511	50
3.53809551525951	2.41105447290715	50
3.55000926442066	2.40758932928442	50
3.56192899850092	2.40410001037692	50
3.57385471750029	2.40058651618466	50
3.58578642141878	2.39704884670763	50
3.59772411025637	2.39348700194583	50
3.60966778401308	2.38990098189926	50
3.6216174426889	2.38629078656793	50
3.63357308628384	2.38265641595183	50
3.64553471479788	2.37899787005096	50
3.65750232823104	2.37531514886533	50
3.66947592658331	2.37160825239492	50
3.6814555098547	2.36787718063975	50
3.6934410780452	2.36412193359982	50
3.7054326311548	2.36034251127511	50
3.71743016918353	2.35653891366564	50
3.72943369213136	2.35271114077139	50
3.74144319999831	2.34885919259239	50
3.75345869278436	2.34498306912861	50
3.76548017048954	2.34108277038007	50
3.77750763311382	2.33715829634676	50
3.78954108065721	2.33320964702868	50
3.80158051311972	2.32923682242583	50
3.81362593050134	2.32523982253822	50
3.82567733280208	2.32121864736584	50
3.83773472002192	2.31717329690869	50
3.84979809216088	2.31310377116677	50
3.86186744921895	2.30901007014009	50
3.87394279119614	2.30489219382864	50
3.88602411809243	2.30075014223242	50
3.89811142990784	2.29658391535143	50
3.91020472664236	2.29239351318568	50
3.922304008296	2.28817893573516	50
3.93440927486874	2.28394018299987	50
3.9465205263606	2.27967725497981	50
3.95863776277157	2.27539015167499	50
3.97076098410165	2.2710788730854	50
3.98289019035085	2.26674341921104	50
3.99502538151916	2.26238379005192	50
4.00716655760658	2.25799998560802	50
4.01931371861311	2.25359200587936	50
4.03146686453876	2.24915985086593	50
4.04362599538351	2.24470352056774	50
4.05579111114739	2.24022301498477	50
4.06796221183037	2.23571833411704	50
4.08013929743246	2.23118947796454	50
4.09232236795367	2.22663644652728	50
4.10451142339399	2.22205923980524	50
4.11670646375343	2.21745785779844	50
4.12890748903197	2.21283230050687	50
4.14111449922963	2.20818256793054	50
4.1533274943464	2.20350866006943	50
4.16554647438228	2.19881057692356	50
4.17777143933728	2.19408831849292	50
4.19000238921138	2.18934188477752	50
4.2022393240046	2.18457127577734	50
4.21448224371694	2.1797764914924	50
4.22673114834838	2.17495753192269	50
4.23898603789894	2.17011439706822	50
4.25124691236861	2.16524708692897	50
4.26351377175739	2.16035560150496	50
4.27578661606529	2.15543994079618	50
4.28806544529229	2.15050010480264	50
4.30035025943841	2.14553609352432	50
4.31264105850365	2.14054790696124	50
4.32493784248799	2.13553554511339	50
4.33724061139145	2.13049900798078	50
4.34954936521402	2.12543829556339	50
4.3618641039557	2.12035340786124	50
4.3741848276165	2.11524434487432	50
4.3865115361964	2.11011110660264	50
4.39884422969542	2.10495369304618	50
4.41118290811355	2.09977210420496	50
4.4235275714508	2.09456634007897	50
4.43587821970716	2.08933640066822	50
4.44823485288263	2.08408228597269	50
4.46059747097721	2.0788039959924	50
4.4729660739909	2.07350153072734	50
4.48534066192371	2.06817489017752	50
4.49772123477563	2.06282407434292	50
4.51010779254666	2.05744908322356	50
4.5225003352368	2.05204991681943	50
4.53489886284606	2.04662657513053	50
4.54730337537443	2.04117905815687	50
4.55971387282191	2.03570736589844	50
4.57213035518851	2.03021149835524	50
4.58455282247421	2.02469145552727	50
4.59698127467903	2.01914723741454	50
4.60941571180296	2.01357884401704	50
4.62185613384601	2.00798627533477	50
4.63430254080816	2.00236953136773	50
4.64675493268943	1.99672861211593	50
4.65921330948981	1.99106351757936	50
4.67167767120931	1.98537424775802	50
4.68414801784792	1.97966080265191	50
4.69662434940563	1.97392318226104	50
4.70910666588246	1.9681613865854	50
4.72159496727841	1.96237541562499	50
4.73408925359347	1.95656526937981	50
4.74658952482763	1.95073094784987	50
4.75909578098091	1.94487245103516	50
4.77160802205331	1.93898977893568	50
4.78412624804481	1.93308293155143	50
4.79665045895543	1.92715190888241	50
4.80918065478516	1.92119671092863	50
4.82171683553401	1.91521733769008	50
4.83425900120196	1.90921378916677	50
4.84680715178903	1.90318606535868	50
4.85936128729521	1.89713416626583	50
4.87192140772051	1.89105809188821	50
4.88448751306491	1.88495784222582	50
4.89705960332843	1.87883341727867	50
4.90963767851106	1.87268481704675	50
4.92222173861281	1.86651204153006	50
4.93481178363366	1.8603150907286	50
4.94740781357363	1.85409396464238	50
4.96000982843271	1.84784866327139	50
4.9726178282109	1.84157918661563	50
4.98523181290821	1.8352855346751	50
4.99785178252463	1.82896770744981	50
5.01047773706016	1.82262570493975	50
5.0231096765148	1.81625952714492	50
5.03574760088856	1.80986917406532	50
5.04839151018142	1.80345464570095	50
5.06104140439341	1.79701594205182	50
5.0736972835245	1.79055306311792	50
5.0863591475747	1.78406600889926	50
5.09902699654402	1.77755477939582	50
5.11170083043245	1.77101937460762	50
5.12438064924	1.76445979453465	50
5.13706645296665	1.75787603917691	50
5.14975824161242	1.75126810853441	50
5.1624560151773	1.74463600260714	50
5.17515977366129	1.7379797213951	50
5.1878695170644	1.73129926489829	50
5.20058524538661	1.72459463311672	50
5.21330695862794	1.71786582605038	50
5.22603465678839	1.71111284369927	50
5.23876833986794	1.70433568606339	50
5.25150800786661	1.69753435314275	50
5.26425366078439	1.69070884493733	50
5.27700529862128	1.68385916144715	50
5.28976292137729	1.67698530267221	50
5.3025265290524	1.67008726861249	50
5.31529612164663	1.66316505926801	50
5.32807169915998	1.65621867463876	50
5.34085326159243	1.64924811472475	50
5.353640808944	1.64225337952596	50
5.36643434121468	1.63523446904241	50
5.37923385840447	1.62819138327409	50
5.39203936051337	1.621124122221	50
5.40485084754139	1.61403268588315	50
5.41766831948852	1.60691707426053	50
5.43049177635476	1.59977728735314	50
5.44332121814012	1.59261332516098	50
5.45615664484459	1.58542518768405	50
5.46899805646816	1.57821287492236	50
5.48184545301086	1.5709763868759	50
5.49469883447266	1.56371572354468	50
5.50755820085358	1.55643088492868	50
5.52042355215361	1.54912187102792	50
5.53329488837275	1.54178868184239	50
5.546172209511	1.53443131737209	50
5.55905551556837	1.52704977761703	50
5.57194480654485	1.5196440625772	50
5.58484008244044	1.5122141722526	50
5.59774134325515	1.50476010664323	50
5.61064858898896	1.49728186574909	50
5.62356181964189	1.48977944957019	50
5.63648103521393	1.48225285810652	50
5.64940623570509	1.47470209135809	50
5.66233742111535	1.46712714932488	50
5.67527459144473	1.45952803200691	50
5.68821774669323	1.45190473940417	50
5.70116688686083	1.44425727151666	50
5.71412201194754	1.43658562834439	50
5.72708312195337	1.42888980988734	50
5.74005021687832	1.42116981614554	50
5.75302329672237	1.41342564711896	50
5.76600236148554	1.40565730280761	50
5.77898741116781	1.3978647832115	50
5.7919784457692	1.39004808833062	50
5.80497546528971	1.38220721816497	50
5.81797846972933	1.37434217271456	50
5.83098745908805	1.36645295197938	50
5.84400243336589	1.35853955595943	50
5.85702339256285	1.35060198465471	50
5.87005033667891	1.34264023806522	50
5.88308326571409	1.33465431619097	50
5.89612217966839	1.32664421903195	50
5.90916707854179	1.31860994658816	50
5.9222179623343	1.31055149885961	50
5.93527483104593	1.30246887584629	50
5.94833768467667	1.2943620775482	50
5.96140652322653	1.28623110396534	50
5.97448134669549	1.27807595509772	50
5.98756215508357	1.26989663094532	50
6.00064894839076	1.26169313150816	50
6.01374172661706	1.25346545678624	50
6.02684048976248	1.24521360677954	50
6.03994523782701	1.23693758148808	50
6.05305597081065	1.22863738091185	50
6.0661726887134	1.22031300505085	50
6.07929539153527	1.21196445390509	50
6.09242407927624	1.20359172747455	50
6.10555875193634	1.19519482575925	50
6.11869940951554	1.18677374875919	50
6.13184605201385	1.17832849647435	50
6.14499867943128	1.16985906890475	50
6.15815729176782	1.16136546605038	50
6.17132188902348	1.15284768791124	50
6.18449247119824	1.14430573448734	50
6.19766903829212	1.13573960577866	50
6.21085159030511	1.12714930178522	50
6.22404012723721	1.11853482250702	50
6.23723464908843	1.10989616794404	50
6.25043515585875	1.1012333380963	50
6.26364164754819	1.09254633296379	50
6.27685412415675	1.08383515254651	50
6.29007258568441	1.07509979684447	50
6.30329703213119	1.06634026585765	50
6.31652746349708	1.05755655958607	50
6.32976387978208	1.04874867802973	50
6.3430062809862	1.03991662118861	50
6.35625466710943	1.03106038906273	50
6.36950903815177	1.02217998165208	50
6.38276939411322	1.01327539895666	50
6.39603573499378	1.00434664097647	50
6.40930806079346	0.995393707711523	50
6.42258637151225	0.986416599161802	50
6.43587066715015	0.977415315327315	50
6.44916094770717	0.96838985620806	50
6.46245721318329	0.959340221804037	50
6.47575946357853	0.950266412115246	50
6.48906769889289	0.941168427141689	50
6.50238191912635	0.932046266883363	50
6.51570212427893	0.922899931340271	50
6.52902831435062	0.91372942051241	50
6.54236048934142	0.904534734399783	50
6.55569864925133	0.895315873002388	50
6.56904279408036	0.886072836320225	50
6.5823929238285	0.876805624353295	50
6.59574903849575	0.867514237101597	50
6.60911113808212	0.858198674565132	50
6.62247922258759	0.848858936743899	50
6.63585329201218	0.839495023637899	50
6.64923334635588	0.830106935247131	50
6.6626193856187	0.820694671571595	50
6.67601140980062	0.811258232611292	50
6.68940941890166	0.801797618366222	50
6.70281341292181	0.792312828836384	50
6.71622339186108	0.782803864021779	50
6.72963935571945	0.773270723922407	50
6.74306130449694	0.763713408538266	50
6.75648923819355	0.754131917869358	50
6.76992315680926	0.744526251915683	50
6.78336306034409	0.73489641067724	50
6.79680894879803	0.725242394154029	50
6.81026082217108	0.715564202346052	50
6.82371868046324	0.705861835253306	50
6.83718252367452	0.696135292875793	50
6.85065235180491	0.686384575213513	50
6.86412816485441	0.676609682266464	50
6.87760996282302	0.66681061403465	50
6.89109774571075	0.656987370518067	50
6.90459151351758	0.647139951716716	50
6.91809126624354	0.637268357630599	50
6.9315970038886	0.627372588259713	50
6.94510872645278	0.617452643604059	50
6.95862643393606	0.607508523663639	50
6.97215012633847	0.597540228438451	50
6.98567980365998	0.587547757928495	50
6.99921546590061	0.577531112133773	50
7.01275711306034	0.567490291054282	50
7.02630474513919	0.557425294690024	50
7.03985836213716	0.547336123040999	50
7.05341796405423	0.537222776107205	50
7.06698355089042	0.527085253888645	50
7.08055512264572	0.516923556385317	50
7.09413267932013	0.506737683597221	50
7.10771622091366	0.496527635524358	50
7.1213057474263	0.486293412166728	50
7.13490125885805	0.47603501352433	50
7.14850275520891	0.465752439597164	50
7.16211023647889	0.45544569038523	50
7.17572370266798	0.44511476588853	50
7.18934315377618	0.434759666107062	50
7.20296858980349	0.424380391040827	50
7.21660001074991	0.413976940689823	50
7.23023741661545	0.403549315054053	50
7.2438808074001	0.393097514133515	50
7.25753018310387	0.382621537928209	50
7.27118554372674	0.372121386438136	50
7.28484688926873	0.361597059663294	50
7.29851421972983	0.351048557603686	50
7.31218753511004	0.34047588025931	50
7.32586683540937	0.329879027630168	50
7.33955212062781	0.319257999716256	50
7.35324339076536	0.308612796517578	50
7.36694064582202	0.297943418034134	50
7.38064388579779	0.28724986426592	50
7.39435311069268	0.276532135212939	50
7.40806832050668	0.265790230875191	50
7.42178951523979	0.255024151252675	50
7.43551669489202	0.244233896345392	50
7.44924985946336	0.233419466153341	50
7.46298900895381	0.222580860676522	50
7.47673414336337	0.211718079914937	50
7.49048526269204	0.200831123868583	50
7.50424236693983	0.189919992537463	50
7.51800545610673	0.178984685921574	50
7.53177453019274	0.168025204020919	50
7.54554958919787	0.157041546835496	50
7.5593306331221	0.146033714365304	50
7.57311766196545	0.135001706610346	50
7.58691067572792	0.12394552357062	50
7.60070967440949	0.112865165246127	50
7.61451465801018	0.101760631636866	50
7.62832562652998	0.0906319227428369	50
7.64214257996889	0.0794790385640414	50
7.65596551832691	0.0683019791004775	50
7.66979444160405	0.0571007443521467	50
7.6836293498003	0.0458753343190494	50
7.69747024291566	0.0346257490011834	50
7.71131712095014	0.0233519883985496	50
7.72516998390372	0.0120540525111492	50
7.73902883177642	0.000731941338980135	50
7.75289366456823	-0.0106143451179559	50
7.76676448227916	-0.0219848068596593	50
7.7806412849092	-0.0333794438861306	50
7.79452407245834	-0.0447982561973692	50
7.80841284492661	-0.0562412437933748	50
7.82230760231398	-0.0677084066741491	50
7.83620834462047	-0.0791997448396904	50
7.85011507184606	-0.0907152582899977	50
7.86402778399078	-0.102254947025074	50
7.8779464810546	-0.113818811044918	50
7.89187116303754	-0.125406850349528	50
7.90580182993959	-0.137019064938907	50
7.91973848176075	-0.148655454813053	50
7.93368111850102	-0.160316019971967	50
7.94762974016041	-0.172000760415648	50
7.96158434673891	-0.183709676144097	50
7.97554493823652	-0.195442767157313	50
7.98951151465324	-0.207200033455297	50
8.00348407598908	-0.218981475038048	50
8.01746262224403	-0.230787091905566	50
8.03144715341809	-0.242616884057852	50
8.04543766951126	-0.254470851494905	50
8.05943417052355	-0.266348994216727	50
8.07343665645494	-0.278251312223315	50
8.08744512730546	-0.290177805514672	50
8.10145958307508	-0.302128474090795	50
8.11548002376382	-0.314103317951687	50
8.12950644937166	-0.326102337097346	50
8.14353885989863	-0.338125531527772	50
8.1575772553447	-0.350172901242966	50
8.17162163570988	-0.362244446242928	50
8.18567200099418	-0.374340166527655	50
8.19972835119759	-0.386460062097151	50
8.21379068632012	-0.398604132951415	50
8.22785900636175	-0.410772379090446	50
8.2419333113225	-0.422964800514245	50
8.25601360120236	-0.435181397222811	50
8.27009987600134	-0.447422169216145	50
8.28419213571942	-0.459687116494247	50
8.29829038035662	-0.471976239057115	50
8.31239460991293	-0.484289536904752	50
8.32650482438835	-0.496627010037156	50
8.34062102378289	-0.508988658454328	50
8.35474320809653	-0.521374482156265	50
8.3688713773293	-0.533784481142972	50
8.38300553148117	-0.546218655414445	50
8.39714567055215	-0.558677004970687	50
8.41129179454225	-0.571159529811696	50
8.42544390345146	-0.583666229937472	50
8.43960199727979	-0.596197105348017	50
8.45376607602722	-0.608752156043328	50
8.46793613969377	-0.621331382023407	50
8.48211218827943	-0.633934783288253	50
8.4962942217842	-0.646562359837868	50
8.51048224020809	-0.659214111672249	50
8.52467624355108	-0.671890038791397	50
8.53887623181319	-0.684590141195313	50
8.55308220499442	-0.697314418883998	50
8.56729416309475	-0.710062871857449	50
8.5815121061142	-0.722835500115668	50
8.59573603405276	-0.735632303658655	50
8.60996594691043	-0.748453282486409	50
8.62420184468722	-0.76129843659893	50
8.63844372738311	-0.77416776599622	50
8.65269159499812	-0.787061270678276	50
8.66694544753224	-0.7999789506451	50
8.68120528498548	-0.812920805896692	50
8.69547110735783	-0.825886836433049	50
8.70974291464928	-0.838877042254176	50
8.72402070685986	-0.85189142336007	50
8.73830448398954	-0.864929979750732	50
8.75259424603834	-0.877992711426161	50
8.76688999300625	-0.891079618386358	50
8.78119172489327	-0.904190700631322	50
8.79549944169941	-0.917325958161054	50
8.80981314342465	-0.930485390975553	50
8.82413283006901	-0.943668999074819	50
8.83845850163248	-0.956876782458854	50
8.85279015811507	-0.970108741127655	50
8.86712779951677	-0.983364875081223	50
8.88147142583757	-0.99664518431956	50
8.8958210370775	-1.00994966884266	50
8.91017663323653	-1.02327832865054	50
8.92453821431468	-1.03663116374318	50
8.93890578031194	-1.05000817412058	50
8.95327933122831	-1.06340935978276	50
8.96765886706379	-1.0768347207297	50
8.98204438781839	-1.09028425696141	50
8.9964358934921	-1.10375796847788	50
9.01083338408492	-1.11725585527913	50
9.02523685959685	-1.13077791736514	50
9.0396463200279	-1.14432415473592	50
9.05406176537806	-1.15789456739147	50
9.06848319564733	-1.17148915533178	50
9.08291061083571	-1.18510791855686	50
9.09734401094321	-1.19875085706671	50
9.11178339596982	-1.21241797086133	50
9.12622876591554	-1.22610925994071	50
9.14068012078037	-1.23982472430486	50
9.15513746056432	-1.25356436395378	50
9.16960078526738	-1.26732817888747	50
9.18407009488955	-1.28111616910592	50
9.1913069940453	-1.28801922994694	50
9.19854538943083	-1.29492833460915	50
9.20578528104614	-1.30184348309254	50
9.21302666889123	-1.30876467539713	50
9.22026955296609	-1.31569191152292	50
9.22751393327074	-1.32262519146989	50
9.23475980980516	-1.32956451523806	50
9.24200718256936	-1.33650988282742	50
9.24925605156334	-1.34346129423797	50
9.25650641678709	-1.35041874946971	50
9.26375827824063	-1.35738224852264	50
9.27101163592394	-1.36435179139677	50
9.27826648983703	-1.37132737809209	50
9.2855228399799	-1.37830900860859	50
9.29278068635254	-1.3852966829463	50
9.30004002895497	-1.39229040110519	50
9.30730086778717	-1.39929016308527	50
9.31456320284915	-1.40629596888655	50
9.32182703414091	-1.41330781850902	50
9.32909236166245	-1.42032571195268	50
9.33635918541376	-1.42734964921753	50
9.34362750539486	-1.43437963030358	50
9.35089732160573	-1.44141565521081	50
9.35816863404638	-1.44845772393924	50
9.3654414427168	-1.45550583648886	50
9.37271574761701	-1.46255999285967	50
9.37999154874699	-1.46962019305168	50
9.38726884610676	-1.47668643706487	50
9.3945476396963	-1.48375872489926	50
9.40182792951561	-1.49083705655484	50
9.40910971556471	-1.49792143203161	50
9.41639299784358	-1.50501185132957	50
9.42367777635224	-1.51210831444873	50
9.43096405109067	-1.51921082138908	50
9.43825182205888	-1.52631937215062	50
9.44554108925686	-1.53343396673335	50
9.45283185268463	-1.54055460513727	50
9.46012411234217	-1.54768128736238	50
9.46741786822949	-1.55481401340869	50
9.47471312034659	-1.56195278327619	50
9.48200986869347	-1.56909759696488	50
9.48930811327013	-1.57624845447476	50
9.49660785407656	-1.58340535580583	50
9.50390909111277	-1.5905683009581	50
9.51121182437876	-1.59773728993156	50
9.51851605387453	-1.60491232272621	50
9.52582177960007	-1.61209339934205	50
9.5331290015554	-1.61928051977908	50
9.5404377197405	-1.62647368403731	50
9.54774793415538	-1.63367289211672	50
9.55505964480004	-1.64087814401733	50
9.56237285167448	-1.64808943973913	50
9.56968755477869	-1.65530677928212	50
9.57700375411268	-1.66253016264631	50
9.58432144967646	-1.66975958983169	50
9.59164064147	-1.67699506083825	50
9.59896132949333	-1.68423657566601	50
9.60628351374644	-1.69148413431497	50
9.61360719422932	-1.69873773678511	50
9.62093237094198	-1.70599738307644	50
9.62825904388442	-1.71326307318897	50
9.63558721305664	-1.72053480712269	50
9.64291687845864	-1.7278125848776	50
9.65024804009041	-1.73509640645371	50
9.65758069795196	-1.742386271851	50
9.66491485204329	-1.74968218106949	50
9.6722505023644	-1.75698413410917	50
9.67958764891529	-1.76429213097004	50
9.68692629169595	-1.7716061716521	50
9.6942664307064	-1.77892625615536	50
9.70160806594662	-1.7862523844798	50
9.70895119741662	-1.79358455662544	50
9.71629582511639	-1.80092277259227	50
9.72364194904595	-1.80826703238029	50
9.73098956920528	-1.81561733598951	50
9.73833868559439	-1.82297368341991	50
9.74568929821328	-1.83033607467151	50
9.75304140706195	-1.8377045097443	50
9.7603950121404	-1.84507898863828	50
9.76775011344862	-1.85245951135345	50
9.77510671098662	-1.85984607788982	50
9.7824648047544	-1.86723868824738	50
9.78982439475196	-1.87463734242613	50
9.7971854809793	-1.88204204042607	50
9.80454806343641	-1.8894527822472	50
9.8119121421233	-1.89686956788952	50
9.81927771703997	-1.90429239735304	50
9.82664478818642	-1.91172127063775	50
9.83401335556265	-1.91915618774365	50
9.84138341916866	-1.92659714867074	50
9.84875497900444	-1.93404415341902	50
9.85612803507	-1.9414972019885	50
9.86350258736534	-1.94895629437917	50
9.87087863589046	-1.95642143059103	50
9.87825618064536	-1.96389261062408	50
9.88563522163003	-1.97136983447832	50
9.89301575884448	-1.97885310215376	50
9.90039779228871	-1.98634241365038	50
9.90778132196272	-1.9938377689682	50
9.9151663478665	-2.00133916810721	50
9.92255287000007	-2.00884661106742	50
9.92994088836341	-2.01636009784881	50
9.93733040295653	-2.0238796284514	50
9.94472141377943	-2.03140520287517	50
9.95211392083211	-2.03893682112015	50
9.95950792411456	-2.04647448318631	50
9.9669034236268	-2.05401818907366	50
9.97430041936881	-2.06156793878221	50
9.9816989113406	-2.06912373231194	50
9.98909889954217	-2.07668556966287	50
9.99650038397351	-2.084253450835	50
10.0039033646346	-2.09182737582831	50
10.0113078415255	-2.09940734464281	50
10.0187138146462	-2.10699335727851	50
10.0261212839967	-2.1145854137354	50
10.0335302495769	-2.12218351401348	50
10.0409407113869	-2.12978765811275	50
10.0483526694267	-2.13739784603322	50
10.0557661236963	-2.14501407777487	50
10.0631810741956	-2.15263635333772	50
10.0705975209248	-2.16026467272176	50
10.0780154638837	-2.16789903592699	50
10.0854349030724	-2.17553944295342	50
10.0928558384908	-2.18318589380103	50
10.1002782701391	-2.19083838846984	50
10.1077021980171	-2.19849692695984	50
10.1151276221249	-2.20616150927103	50
10.1225545424624	-2.21383213540342	50
10.1299829590298	-2.22150880535699	50
10.1374128718269	-2.22919151913176	50
10.1448442808538	-2.23688027672772	50
10.1522771861105	-2.24457507814487	50
10.159711587597	-2.25227592338321	50
10.1671474853132	-2.25998281244275	50
10.1745848792592	-2.26769574532347	50
10.182023769435	-2.27541472202539	50
10.1894641558406	-2.2831397425485	50
10.196906038476	-2.2908708068928	50
10.2043494173411	-2.2986079150583	50
10.211794292436	-2.30635106704498	50
10.2192406637607	-2.31410026285286	50
10.2266885313152	-2.32185550248193	50
10.2341378950994	-2.32961678593219	50
10.2415887551134	-2.33738411320365	50
10.2490411113572	-2.34515748429629	50
10.2564949638308	-2.35293689921013	50
10.2639503125342	-2.36072235794516	50
10.2714071574673	-2.36851386050138	50
10.2788654986302	-2.37631140687879	50
10.2863253360229	-2.3841149970774	50
10.2937866696454	-2.39192463109719	50
10.3012494994976	-2.39974030893818	50
10.3087138255797	-2.40756203060036	50
10.3161796478915	-2.41538979608373	50
10.3236469664331	-2.4232236053883	50
10.3311157812044	-2.43106345851405	50
10.3385860922056	-2.438909355461	50
10.3460578994365	-2.44676129622914	50
10.3535312028972	-2.45461928081847	50
10.3610060025876	-2.462483309229	50
10.3684822985079	-2.47035338146071	50
10.3759600906579	-2.47822949751362	50
10.3834393790377	-2.48611165738772	50
10.3909201636473	-2.49399986108301	50
10.3984024444867	-2.50189410859949	50
10.4058862215558	-2.50979439993717	50
10.4133714948547	-2.51770073509603	50
10.4208582643834	-2.52561311407609	50
10.4283465301419	-2.53353153687734	50
10.4358362921302	-2.54145600349978	50
10.4433275503482	-2.54938651394342	50
10.450820304796	-2.55732306820824	50
10.4583145554736	-2.56526566629426	50
10.465810302381	-2.57321430820147	50
10.4733075455181	-2.58116899392987	50
10.480806284885	-2.58912972347947	50
10.4883065204817	-2.59709649685025	50
10.4958082523082	-2.60506931404223	50
10.5033114803645	-2.6130481750554	50
10.5108162046505	-2.62103307988976	50
10.5183224251663	-2.62902402854531	50
10.5258301419119	-2.63702102102206	50
10.5333393548873	-2.64502405731999	50
10.5408500640924	-2.65303313743912	50
10.5483622695274	-2.66104826137944	50
10.5558759711921	-2.66906942914095	50
10.5633911690866	-2.67709664072366	50
10.5709078632108	-2.68512989612755	50
10.5784260535649	-2.69316919535264	50
10.5859457401487	-2.70121453839892	50
10.5934669229623	-2.70926592526639	50
10.6009896020056	-2.71732335595506	50
10.6085137772788	-2.72538683046491	50
10.6160394487817	-2.73345634879596	50
10.6235666165144	-2.7415319109482	50
10.6310952804769	-2.74961351692163	50
10.6386254406692	-2.75770116671625	50
10.6461570970912	-2.76579486033207	50
10.653690249743	-2.77389459776907	50
10.6612248986246	-2.78200037902727	50
10.668761043736	-2.79011220410666	50
10.6762986850772	-2.79823007300724	50
10.6838378226481	-2.80635398572902	50
10.6913784564488	-2.81448394227198	50
10.6989205864793	-2.82261994263614	50
10.7064642127396	-2.83076198682149	50
10.7140093352296	-2.83891007482803	50
10.7215559539494	-2.84706420665577	50
10.729104068899	-2.85522438230469	50
10.7366536800784	-2.86339060177481	50
10.7442047874876	-2.87156286506612	50
10.7517573911265	-2.87974117217862	50
10.7593114909952	-2.88792552311231	50
10.7668670870937	-2.8961159178672	50
10.774424179422	-2.90431235644327	50
10.78198276798	-2.91251483884054	50
10.7895428527679	-2.920723365059	50
10.7971044337855	-2.92893793509866	50
10.8046675110328	-2.9371585489595	50
10.81223208451	-2.94538520664154	50
10.8197981542169	-2.95361790814476	50
10.8273657201537	-2.96185665346918	50
10.8349347823202	-2.9701014426148	50
10.8425053407164	-2.9783522755816	50
10.8500773953425	-2.9866091523696	50
10.8576509461983	-2.99487207297878	50
10.8652259932839	-3.00314103740916	50
10.8728025365993	-3.01141604566073	50
10.8803805761445	-3.01969709773349	50
10.8879601119194	-3.02798419362745	50
10.8955411439241	-3.0362773333426	50
10.9031236721586	-3.04457651687894	50
10.9107076966229	-3.05288174423647	50
10.9182932173169	-3.06119301541519	50
10.9258802342408	-3.0695103304151	50
10.9334687473944	-3.07783368923621	50
10.9410587567778	-3.08616309187851	50
10.9486502623909	-3.094498538342	50
10.9562432642339	-3.10284002862668	50
10.9639336920897	-3.11113241098715	50
10.9717790522283	-3.11927836765981	50
10.9797765572306	-3.12727500442505	50
10.9879233656213	-3.13511948011589	50
10.9962165828779	-3.14280900762748	50
11.00465326246	-3.15034085490731	50
11.0132304068554	-3.15771234592589	50
11.0219449686457	-3.16492086162758	50
11.0307938515884	-3.17196384086107	50
11.0397739117177	-3.17883878128937	50
11.0488819584608	-3.18554324027889	50
11.0581147557722	-3.19207483576726	50
11.067469023283	-3.19843124710971	50
11.0769414374664	-3.20461021590357	50
11.0865286328188	-3.21060954679064	50
11.0962272030553	-3.21642710823721	50
11.1060337023202	-3.22206083329142	50
11.1159446464108	-3.22750872031757	50
11.125956514016	-3.23276883370735	50
11.1360657479669	-3.23783930456751	50
11.1462687565008	-3.2427183313839	50
11.1565619145373	-3.24740418066153	50
11.1669415649664	-3.25189518754046	50
11.1774040199478	-3.25618975638733	50
11.187945562221	-3.26028636136227	50
11.1985624464261	-3.26418354696105	50
11.2092509004349	-3.26787992853219	50
11.2200071266905	-3.2713741927689	50
11.230827303557	-3.27466509817574	50
11.2417075866769	-3.2777514755097	50
11.2526441103375	-3.28063222819559	50
11.2636329888442	-3.28330633271572	50
11.2746703179005	-3.28577283897348	50
11.2857521759961	-3.28803087063093	50
11.2968746257996	-3.29007962542018	50
11.3080337155575	-3.29191837542842	50
11.3192254804983	-3.29354646735651	50
11.3304459442413	-3.29496332275116	50
11.3416911202092	-3.29616843821037	50
11.3529570130444	-3.29716138556238	50
11.3642396200288	-3.2979418120177	50
11.375534932506	-3.29850944029455	50
11.3868389373051	-3.29886406871729	50
11.3981476181672	-3.29900557128814	50
11.4094569571717	-3.2989338977319	50
11.4207629361643	-3.29864907351386	50
11.4320615381846	-3.29815119983069	50
11.4433487488931	-3.29744045357454	50
11.4546205579975	-3.29651708727019	50
11.4658729606777	-3.29538142898527	50
11.4771019590086	-3.29403388221377	50
11.4883035633806	-3.29247492573264	50
11.4994737939171	-3.2907051134317	50
11.5106086818882	-3.28872507411683	50
11.5217042711213	-3.28653551128656	50
11.5327566194064	-3.28413720288215	50
11.5437617998967	-3.28153100101116	50
11.5547159025041	-3.27871783164469	50
11.565615035288	-3.27569869428843	50
11.5764553258385	-3.27247466162751	50
11.5872329226519	-3.26904687914537	50
11.5979439964994	-3.26541656471682	50
11.6085847417876	-3.26158500817528	50
11.6191513779101	-3.25755357085455	50
11.6296401505916	-3.2533236851051	50
11.6400473332211	-3.24889685378522	50
11.650369228176	-3.24427464972698	50
11.6606021681364	-3.23945871517748	50
11.6707425173873	-3.23445076121533	50
11.680786673111	-3.22925256714273	50
11.6907310666667	-3.22386597985329	50
11.7005721648587	-3.21829291317581	50
11.7103064711918	-3.21253534719435	50
11.7199305271133	-3.20659532754469	50
11.7294409132418	-3.20047496468752	50
11.7388342505826	-3.19417643315863	50
11.7481072017275	-3.18770197079628	50
11.7572564720412	-3.18105387794611	50
11.7662788108315	-3.17423451664386	50
11.7751710125044	-3.16724630977613	50
11.783929917703	-3.16009174021955	50
11.7925524144299	-3.1527733499586	50
11.8010354391532	-3.14529373918251	50
11.8093759778945	-3.13765556536136	50
11.8175710673002	-3.12986154230195	50
11.8256177956939	-3.12191443918355	50
11.8335133041115	-3.11381707957406	50
11.8412547873164	-3.1055723404268	50
11.8488394947964	-3.09718315105833	50
11.8562647317411	-3.08865249210767	50
11.8635278599992	-3.07998339447735	50
11.8706262990158	-3.07117893825646	50
11.8775575267492	-3.06224225162638	50
11.8843190805674	-3.05317650974932	50
11.8909085581224	-3.04398493364019	50
11.8973236182042	-3.03467078902222	50
11.9035619815725	-3.02523738516665	50
11.9096214317665	-3.01568807371694	50
11.9154998158925	-3.00602624749799	50
11.9211950453885	-2.99625533931063	50
11.9267050967665	-2.98637882071204	50
11.9320280123317	-2.97640020078223	50
11.9371619008774	-2.96632302487735	50
11.9421049383575	-2.95615087337003	50
11.9468553685343	-2.94588736037724	50
11.9514115036025	-2.93553613247629	50
11.9557717247892	-2.92510086740917	50
11.9599344829284	-2.91458527277586	50
11.963898299012	-2.90399308471707	50
11.967661764715	-2.89332806658677	50
11.971223542896	-2.88259400761512	50
11.9745823680722	-2.87179472156217	50
11.9777370468689	-2.86093404536283	50
11.9806864584439	-2.85001583776364	50
11.9834295548851	-2.83904397795176	50
11.9859653615836	-2.82802236417676	50
11.9882929775793	-2.81695491236551	50
11.9904115758812	-2.80584555473096	50
11.9923204037616	-2.79469823837496	50
11.9940187830229	-2.78351692388594	50
11.9955061102391	-2.7723055839317	50
11.9967818569699	-2.76106820184795	50
11.9978455699485	-2.74980877022301	50
11.9986968712429	-2.73853128947935	50
11.9993354583897	-2.72723976645216	50
11.9997611045019	-2.71593821296582	50
11.9999736583495	-2.70463064440846	50
11.9999730444132	-2.69332107830535	50
11.999759262911	-2.68201353289148	50
11.9993323897985	-2.67071202568388	50
11.9986925767418	-2.65942057205426	50
11.9978400510632	-2.64814318380232	50
11.9967751156612	-2.63688386773041	50
11.9954981489023	-2.62564662421993	50
11.9940096044865	-2.61443544580997	50
11.9923100112867	-2.60325431577885	50
11.9903999731603	-2.59210720672883	50
11.9882801687347	-2.58099807917467	50
11.9859513511663	-2.5699308801365	50
11.9834143478728	-2.55890954173743	50
11.9806700602396	-2.54793797980653	50
11.9777194632989	-2.53702009248749	50
11.9745636053838	-2.52615975885371	50
11.9712036077555	-2.51536083753001	50
11.9676406642053	-2.5046271653217	50
11.96387604063	-2.49396255585143	50
11.9599110745823	-2.48337079820415	50
11.955747174796	-2.47285565558092	50
11.9513858206847	-2.46242086396185	50
11.9468285618168	-2.45207013077871	50
11.9420770173647	-2.44180713359771	50
11.9371328755295	-2.43163551881289	50
11.9319978929412	-2.42155890035055	50
11.9266738940347	-2.41158085838524	50
11.9211627704016	-2.40170493806776	50
11.9154664801176	-2.39193464826558	50
11.9095870470477	-2.38227346031614	50
11.9035265601265	-2.37272480679352	50
11.8972871726161	-2.36329208028884	50
11.8908711013411	-2.35397863220492	50
11.8842806259011	-2.34478777156551	50
11.8775180878608	-2.33572276383964	50
11.8705858899175	-2.32678682978139	50
11.8634864950484	-2.31798314428558	50
11.8562224256345	-2.30931483525974	50
11.8487962625651	-2.3007849825128	50
11.8174845961239	-2.26629717037715	50
11.7911730230676	-2.2373742364358	50
11.7648930075986	-2.20848605380244	50
11.7386450629236	-2.17963318606054	50
11.7124296996057	-2.15081619388934	50
11.6862474255641	-2.12203563506388	50
11.6600987460743	-2.09329206445496	50
11.6339841637683	-2.06458603402918	50
11.607904178634	-2.03591809284891	50
11.5818592880157	-2.00728878707229	50
11.5558499866141	-1.97869865995326	50
11.5298767664861	-1.95014825184153	50
11.5039401170448	-1.92163810018259	50
11.4780405250595	-1.89316873951771	50
11.452178474656	-1.86474070148394	50
11.4263544473161	-1.83635451481411	50
11.4005689218781	-1.80801070533685	50
11.3748223745364	-1.77970979597653	50
11.3491152788417	-1.75145230675334	50
11.323448105701	-1.72323875478322	50
11.2978213233776	-1.69506965427792	50
11.2722353974911	-1.66694551654493	50
11.2466907910171	-1.63886684998757	50
11.2211879642877	-1.61083416010489	50
11.1957273749913	-1.58284794949177	50
11.1703094781724	-1.55490871783882	50
11.1449347262319	-1.52701696193247	50
11.1196035689268	-1.49917317565492	50
11.0943164533706	-1.47137784998413	50
11.069073824033	-1.44363147299387	50
11.0438761227397	-1.41593452985366	50
11.018723788673	-1.38828750282883	50
10.9936172583713	-1.36069087128048	50
10.9685569657293	-1.33314511166547	50
10.9435433419981	-1.30565069753648	50
10.9185768157847	-1.27820809954193	50
10.8936578130528	-1.25081778542604	50
10.868786757122	-1.22348022002882	50
10.8439640686685	-1.19619586528603	50
10.8191901657245	-1.16896518022924	50
10.7944654636785	-1.1417886209858	50
10.7697903752754	-1.1146666407788	50
10.7451653106163	-1.08759968992717	50
10.7205906771586	-1.06058821584557	50
10.6960668797158	-1.03363266304447	50
10.6715943204578	-1.0067334731301	50
10.6471733989109	-0.979891084804497	50
10.6228045119573	-0.953105933865448	50
10.5984880538358	-0.926378453206544	50
10.5742244161414	-0.899709072817137	50
10.5500139878253	-0.873098219782372	50
10.5258571551948	-0.846546318283172	50
10.5017543019139	-0.820053789596241	50
10.4777058090024	-0.79362105209406	50
10.4537120548367	-0.767248521244895	50
10.4297734151493	-0.740936609612783	50
10.405890263029	-0.714685726857549	50
10.3820629689208	-0.6884962797348	50
10.3582919006262	-0.662368672095917	50
10.3345774233026	-0.63630330488807	50
10.3109198994641	-0.610300576154195	50
10.2873196889806	-0.584360881033016	50
10.2637771490786	-0.558484611759052	50
10.2402926343408	-0.532672157662574	50
10.2168664967061	-0.506923905169657	50
10.1934990854696	-0.481240237802139	50
10.1701907472829	-0.455621536177646	50
10.1469418261537	-0.430068178009595	50
10.1237526634459	-0.404580538107163	50
10.1006235978797	-0.37915898837532	50
10.0775549655318	-0.353803897814817	50
10.0545470998349	-0.328515632522171	50
10.0316003315781	-0.303294555689703	50
10.0087149889066	-0.278141027605491	50
9.98589139732209	-0.253055405653408	50
9.96312987968234	-0.228038044313104	50
9.94043075620148	-0.203089295159999	50
9.9177943444499	-0.178209506865313	50
9.89522095935424	-0.153399025196034	50
9.8727109131974	-0.128658193014926	50
9.85026451561855	-0.103987350280546	50
9.82788207361313	-0.0793868340472121	50
9.80556389153283	-0.0548569784650477	50
9.78331027108565	-0.0303981147799428	50
9.76112151133578	-0.00601057133356031	50
9.73899790870375	0.0183053264366437	50
9.7169397569663	0.0425492559974368	50
9.69494734725648	0.0667208977198084	50
9.67302096806357	0.0908199348789629	50
9.65116090523314	0.114846053654334	50
9.62936744196699	0.138798943129564	50
9.60764085882323	0.162678295292524	50
9.58598143371622	0.186483805035297	50
9.56438944191656	0.210215170154191	50
9.54286515605116	0.233872091349727	50
9.52140884610314	0.257454272226661	50
9.50002077941195	0.280961419293952	50
9.47870122067325	0.304393241964786	50
9.45745043193898	0.327749452556569	50
9.43626867261738	0.351029766290923	50
9.4151561994729	0.374233901293696	50
9.39411326662629	0.397361578594955	50
9.37314012555457	0.420412522128974	50
9.35223702509099	0.443386458734266	50
9.33140421142511	0.46628311815355	50
9.31064192810273	0.489102233033766	50
9.2899504160259	0.511843538926088	50
9.26932991345299	0.534506774285885	50
9.24878065599856	0.557091680472768	50
9.2283028766335	0.579598001750556	50
9.20789680568493	0.60202548528729	50
9.18756267083625	0.624373881155235	50
9.16730069712712	0.646642942330874	50
9.14711110695346	0.668832424694897	50
9.12699412006747	0.690942087032234	50
9.1069499535776	0.712971691032019	50
9.08697882194858	0.734921001287621	50
9.06708093700139	0.756789785296617	50
9.04725650791328	0.778577813460797	50
9.02750574121778	0.800284859086191	50
9.00782884080465	0.821910698383036	50
8.98822600791997	0.843455110465783	50
8.96869744116602	0.864917877353125	50
8.94924333650141	0.886298783967945	50
8.92986388724097	0.907597618137369	50
8.9105592840558	0.928814170592735	50
8.89132971497329	0.949948234969594	50
8.87217536537707	0.970999607807736	50
8.85309641800705	0.991968088551144	50
8.8340930529594	1.01285347954804	50
8.81516544768656	1.03365558605086	50
8.79631377699722	1.05437421621625	50
8.77753821305636	1.07500918110511	50
8.7588389253852	1.09556029468252	50
8.74021608086125	1.11602737381779	50
8.72166984371826	1.13641023828446	50
8.70320037554626	1.15670871076029	50
8.68480783529155	1.17692261682725	50
8.66649237925668	1.19705178497153	50
8.64825416110048	1.21709604658355	50
8.63009333183804	1.23705523595794	50
8.6120100398407	1.25692919029356	50
8.5940044308361	1.27671774969347	50
8.57607664790811	1.29642075716497	50
8.55822683149688	1.31603805861958	50
8.54045511939884	1.33556950287301	50
8.52276164676665	1.35501494164524	50
8.50514654610927	1.37437422956042	50
8.48760994729191	1.39364722414695	50
8.47015197753604	1.41283378583744	50
8.45277276141941	1.43193377796872	50
8.43547242087602	1.45094706678184	50
8.41825107519614	1.46987352142208	50
8.40110884102632	1.48871301393891	50
8.38404583236936	1.50746541928605	50
8.36706216058431	1.52613061532144	50
8.35015793438653	1.54470848280721	50
8.3333332598476	1.56319890540974	50
8.31658824039538	1.58160176969962	50
8.29992297681402	1.59991696515165	50
8.28333756724391	1.61814438414487	50
8.2668321071817	1.63628392196251	50
8.25040668948031	1.65433547679206	50
8.23406140434895	1.67229894972518	50
8.21779633935306	1.6901742447578	50
8.20161157941437	1.70796126879004	50
8.18550720681087	1.72565993162624	50
8.1694833011768	1.74327014597497	50
8.15353993950268	1.76079182744902	50
8.13767719613529	1.77822489456539	50
8.12189514277769	1.79556926874531	50
8.10619384848918	1.81282487431422	50
8.09057337968534	1.82999163850179	50
8.07503380013802	1.84706949144189	50
8.05957517097533	1.86405836617264	50
8.04419755068163	1.88095819863636	50
8.02890099509757	1.8977689276796	50
8.01368555742006	1.91449049505311	50
7.99855128820226	1.93112284541188	50
7.98349823535361	1.94766592631511	50
7.9685264441398	1.96411968822622	50
7.95363595718281	1.98048408451286	50
7.93882681446087	1.99675907144689	50
7.92409905330847	2.01294460820439	50
7.90945270841637	2.02904065686566	50
7.89488781183161	2.04504718241522	50
7.88040439295746	2.06096415274181	50
7.86600247855349	2.0767915386384	50
7.85168209273554	2.09252931380216	50
7.83744325697567	2.10817745483449	50
7.82328599010224	2.12373594124102	50
7.80921030829988	2.13920475543158	50
7.79521622510947	2.15458388272024	50
7.78130375142815	2.16987331132526	50
7.76747289550934	2.18507303236916	50
7.75372366296273	2.20018303987864	50
7.74005605675425	2.21520333078464	50
7.72647007720612	2.23013390492234	50
7.71296572199681	2.24497476503109	50
7.69954298616107	2.2597259167545	50
7.6862018620899	2.27438736864038	50
7.67294233953056	2.28895913214078	50
7.65976440558661	2.30344122161195	50
7.64666804471784	2.31783365431436	50
7.63365323874031	2.33213645041271	50
7.62071996682637	2.34634963297592	50
7.6078682055046	2.36047322797712	50
7.59509792865988	2.37450726429366	50
7.58240910753333	2.38845177370713	50
7.56980171072234	2.40230679090331	50
7.55727570418058	2.41607235347222	50
7.54483105121797	2.4297485019081	50
7.5324677125007	2.44333527960939	50
7.52018564605121	2.45683273287878	50
7.50798480724825	2.47024091092314	50
7.49586514882679	2.48355986585361	50
7.48382662087807	2.4967896526855	50
7.47186917084962	2.50993032933837	50
7.45999274354522	2.522981956636	50
7.44819728112492	2.53594459830638	50
7.43648272310503	2.54881832098171	50
7.42484900635812	2.56160319419842	50
7.41329606511304	2.57429929039718	50
7.40182383095489	2.58690668492285	50
7.39043223282505	2.59942545602452	50
7.37912119702117	2.61185568485549	50
7.36789064719713	2.6241974554733	50
7.35674050436312	2.63645085483971	50
7.34567068688556	2.64861597282067	50
7.33468111048716	2.66069290218638	50
7.32377168824688	2.67268173861125	50
7.31294233059994	2.6845825806739	50
7.30219294533786	2.69639552985718	50
7.29152343760838	2.70812069054817	50
7.28093370991554	2.71975817003814	50
7.27042366211962	2.7313080785226	50
7.25999319143719	2.74277052910129	50
7.24964219244105	2.75414563777815	50
7.23937055706031	2.76543352346135	50
7.22917817458032	2.77663430796326	50
7.21906493164269	2.78774811600051	50
7.2090307122453	2.79877507519391	50
7.19907539774231	2.8097153160685	50
7.18919886684412	2.82056897205356	50
7.17940099561743	2.83133617948257	50
7.16968165748516	2.84201707759324	50
7.16004072322654	2.85261180852748	50
7.15047806097703	2.86312051733144	50
7.14099353622838	2.87354335195549	50
7.13158701182859	2.88388046325421	50
7.12225834798194	2.8941320049864	50
7.11300740224895	2.90429813381508	50
7.10383402954644	2.9143790093075	50
7.09473808214746	2.92437479393513	50
7.08571940968136	2.93428565307363	50
7.07677785913372	2.94411175500292	50
7.06791327484641	2.95385327090712	50
7.05912549851756	2.96351037487456	50
7.05041436920156	2.97308324389781	50
7.04177972330907	2.98257205787365	50
7.03322139460702	2.99197699960307	50
7.02473921421859	3.00129825479131	50
7.01633301062323	3.01053601204779	50
7.00800260965667	3.01969046288619	50
6.9997478345109	3.02876180172437	50
6.99156850573415	3.03775022588444	50
6.98346444123096	3.04665593559272	50
6.97543545626209	3.05547913397973	50
6.96748136344459	3.06422002708026	50
6.95960197275179	3.07287882383326	50
6.95179709151324	3.08145573608194	50
6.9440665244148	3.08995097857372	50
6.93641007349858	3.09836476896023	50
6.92882753816294	3.10669732779733	50
6.92131871516252	3.11494887854509	50
6.91388339860822	3.12311964756782	50
6.90652137996722	3.13120986413403	50
6.89923244806296	3.13921976041645	50
6.89201638907511	3.14714957149204	50
6.88487298653966	3.15499953534198	50
6.87780202134883	3.16276989285166	50
6.87080327175112	3.17046088781069	50
6.86387651335128	3.17807276691291	50
6.85702151911035	3.18560577975637	50
6.85023805934561	3.19306017884335	50
6.83688481129519	3.20773416027806	50
6.82381487886367	3.22209678931962	50
6.81102632941492	3.23615019053812	50
6.79851718801307	3.24989653497119	50
6.78628543742248	3.26333804012395	50
6.77432901810775	3.27647696996906	50
6.76264582823375	3.28931563494668	50
6.75123372366558	3.30185639196448	50
6.74009051796858	3.31410164439767	50
6.72921398240834	3.32605384208894	50
6.7186018459507	3.33771548134853	50
6.70825179526174	3.34908910495418	50
6.69816147470777	3.36017730215115	50
6.68832848635537	3.37098270865219	50
6.67875038997135	3.38150800663762	50
6.66942470302277	3.39175592475522	50
6.66034890067693	3.40172923812032	50
6.65152041580138	3.41143076831575	50
6.6429366389639	3.42086338339186	50
6.63459491843255	3.43002999786652	50
6.62649256017559	3.43893357272511	50
6.61862682786156	3.44757711542053	50
6.61099494285921	3.45596367987319	50
6.60359408423758	3.46409636647101	50
6.59642138876591	3.47197832206945	50
6.58947395091372	3.47961273999146	50
6.57946869222693	3.49060733347879	50
6.56995349327269	3.50106339794124	50
6.5609180125293	3.51099229894829	50
6.55235169433256	3.52040563731121	50
6.54424376887574	3.52931524908309	50
6.53658325220959	3.53773320555879	50
6.52935894624238	3.545671813275	50
6.52255943873985	3.55314361401019	50
6.51413410053243	3.56240198841903	50
6.50641511479084	3.57088416237474	50
6.49937365370343	3.57862181617303	50
6.49147958352219	3.58729636833614	50
6.48453888180566	3.59492328566845	50
6.47738281179914	3.6027868575156	50
6.47051402479406	3.61033473768825	50
6.4637501724459	3.61776730486335	50
6.45698006222727	3.62520674752049	50
6.45021326147288	3.63264255350985	50
6.44346726789918	3.64003730113224	50
6.43668176053852	3.64738966851908	50
6.42955116479929	3.65501519702193	50
6.42261074642175	3.66234701148125	50
6.415592160869	3.66967914479629	50
6.40750925964713	3.67802947145444	50
6.39990885543747	3.68579699576382	50
6.39147897170032	3.69432358057635	50
6.38411090614925	3.70170459651629	50
6.37616612051939	3.70959282358018	50
6.36762466531551	3.71799607926058	50
6.35846685212371	3.72692114866694	50
6.35118231072951	3.733960890419	50
6.34353203520818	3.74129945530929	50
6.3355080086373	3.74893856252223	50
6.32710229670224	3.75687960458978	50
6.31830704769614	3.76512364739143	50
6.30911449251991	3.77367143015419	50
6.29951694468223	3.78252336545262	50
6.28950680029956	3.79167953920882	50
6.27907653809613	3.80113971069241	50
6.26821871940394	3.81090331252055	50
6.26073900620467	3.81758052476318	50
6.25306383766301	3.82439185875466	50
6.24519107092012	3.83133690441676	50
6.23711857943477	3.83841518714732	50
6.22884425298327	3.84562616782023	50
6.22036599765956	3.85296924278542	50
6.21168173587513	3.8604437438689	50
6.20278940635907	3.86804893837273	50
6.19368696415805	3.87578402907501	50
6.18437238063633	3.88364815422992	50
6.17484364347576	3.89164038756768	50
6.16509875667576	3.89975973829457	50
6.15513574055333	3.90800515109293	50
6.14495263174308	3.91637550612115	50
6.13454748319719	3.92486961901368	50
6.12391836418542	3.93348624088103	50
6.11306336029512	3.94222405830975	50
6.10198057343123	3.95108169336246	50
6.09066812181627	3.96005770357784	50
6.07912413999033	3.96915058197063	50
6.06734677881111	3.97835875703159	50
6.05533420545387	3.98768059272757	50
6.04308460341149	3.99711438850148	50
6.0305961724944	4.00665837927226	50
6.01786712883062	4.01631073543493	50
6.00489570486577	4.02606956286055	50
5.99168014936305	4.03593290289625	50
5.97821872740323	4.04589873236519	50
5.96450972038468	4.05596496356663	50
5.95055142602336	4.06612944427584	50
5.93634215835279	4.07638995774418	50
5.9218802477241	4.08674422269904	50
5.90716404080598	4.09718989334389	50
5.89219190058474	4.10772455935824	50
5.87696220636424	4.11834574589766	50
5.86147335376594	4.12905091359378	50
5.84572375472888	4.13983745855428	50
5.82971183750969	4.1507027123629	50
5.81343604668259	4.16164394207944	50
5.79689484313936	4.17265835023975	50
5.78852423508973	4.1781921043855	50
5.7800867040894	4.18374307485573	50
5.77158206233916	4.18931089382005	50
5.76301012305966	4.19489518941535	50
5.7543707004914	4.20049558574575	50
5.7456636098947	4.20611170288263	50
5.73688866754978	4.21174315686464	50
5.72804569075666	4.21738955969765	50
5.71913449783523	4.22305051935481	50
5.71015490812524	4.22872563977653	50
5.70110674198628	4.23441452087045	50
5.69198982079777	4.24011675851147	50
5.682803966959	4.24583194454175	50
5.67354900388912	4.25155966677071	50
5.6642247560271	4.257299508975	50
5.65483104883177	4.26305105089855	50
5.64536770878182	4.26881386825252	50
5.63583456337578	4.27458753271534	50
5.62623144113203	4.28037161193269	50
5.61655817158879	4.28616566951751	50
5.60681458530415	4.29196926504996	50
5.59700051385604	4.29778195407751	50
5.58711578984222	4.30360328811483	50
5.57716024688032	4.30943281464387	50
5.56713371960782	4.31527007711383	50
5.55703604368205	4.32111461494117	50
5.54686705578016	4.3269659635096	50
5.53662659359919	4.33282365417006	50
5.52631449585601	4.33868721424078	50
5.51593060228733	4.34455616700722	50
5.50547475364972	4.3504300317221	50
5.49494679171961	4.3563083236054	50
5.48434655929324	4.36219055384434	50
5.47367390018675	4.3680762295934	50
5.4629286592361	4.37396485397432	50
5.4521106822971	4.37985592607609	50
5.44121981624541	4.38574894095495	50
5.43025590897655	4.3916433896344	50
5.41921880940587	4.39753875910517	50
5.40810836746859	4.40343453232528	50
5.39692443411976	4.40933018821997	50
5.38566686133429	4.41522520168176	50
5.37433550210694	4.42111904357042	50
5.36293021045232	4.42701118071294	50
5.35145084140487	4.43290107590362	50
5.33989725101891	4.43878818790397	50
5.32826929636858	4.44467197144276	50
5.3165668355479	4.45055187721602	50
5.3047897276707	4.45642735188704	50
5.2929378328707	4.46229783808636	50
5.28101101230143	4.46816277441176	50
5.2690091281363	4.4740215954283	50
5.25693204356856	4.47987373166826	50
5.2447796228113	4.4857186096312	50
5.23255173109746	4.49155565178393	50
5.22024823467984	4.49738427656049	50
5.20786900083109	4.50320389836221	50
5.1954138978437	4.50901392755765	50
5.18288279503001	4.51481377048262	50
5.1702755627222	4.5206028294402	50
5.15759207227232	4.52638050270072	50
5.14483219605227	4.53214618450175	50
5.13199580745376	4.53789926504812	50
5.1190827808884	4.54363913051193	50
5.10609299178762	4.54936516303251	50
5.09302631660269	4.55507674071645	50
5.07988263280477	4.5607732376376	50
5.06666181888482	4.56645402383707	50
5.05336375435369	4.5721184653232	50
5.03998831974205	4.57776592407161	50
5.02653539660043	4.58339575802514	50
5.01300486749921	4.58900732109392	50
4.99939661602862	4.59459996315532	50
4.98571052679874	4.60017303005395	50
4.97194648543949	4.6057258636017	50
4.95810437860065	4.61125780157768	50
4.94418409395184	4.61676817772828	50
4.93018552018254	4.62225632176713	50
4.91610854700206	4.62772155937514	50
4.90195306513959	4.63316321220042	50
4.88771896634413	4.63858059785839	50
4.87340614338457	4.64397302993169	50
4.85901449004961	4.64933981797023	50
4.84454390114783	4.65468026749115	50
4.82999427250764	4.65999367997888	50
4.81536550097731	4.66527935288506	50
4.80065748442495	4.67053657962863	50
4.78587012173853	4.67576464959575	50
4.77100331282585	4.68096284813984	50
4.75605695861459	4.68613045658158	50
4.74103096105225	4.69126675220891	50
4.72592522310619	4.696371008277	50
4.71073964876362	4.70144249400829	50
4.6954741430316	4.70648047459248	50
4.68012861193703	4.71148421118651	50
4.66470296252667	4.71645296091457	50
4.64919710286714	4.72138597686813	50
4.63361094204487	4.72628250810588	50
4.61794439016618	4.73114179965379	50
4.60219735835721	4.73596309250506	50
4.58636975876397	4.74074562362017	50
4.57046150455231	4.74548862592682	50
4.55447250990792	4.75019132832001	50
4.53840269003636	4.75485295566194	50
4.52225196116303	4.7594727287821	50
4.50602024053316	4.76404986447723	50
4.48970744641186	4.7685835755113	50
4.47331349808406	4.77307307061557	50
4.45683831585457	4.77751755448853	50
4.44028182104803	4.78191622779591	50
4.42364393600892	4.78626828717073	50
4.40692458410159	4.79057292521324	50
4.39012368971023	4.79482933049094	50
4.37324117823887	4.7990366875386	50
4.35627697611141	4.80319417685824	50
4.33923101077158	4.80730097491911	50
4.32210321068297	4.81135625415774	50
4.30489350532901	4.81535918297791	50
4.28760182521298	4.81930892575065	50
4.27022810185802	4.82320464281424	50
4.25277226780712	4.82704549047421	50
4.2352342566231	4.83083062100336	50
4.21761400288863	4.83455918264173	50
4.19991144220627	4.8382303195966	50
4.18212651119837	4.84184317204255	50
4.16425914750716	4.84539687612136	50
4.14630928979473	4.84889056394209	50
4.128276877743	4.85232336358106	50
4.11016185205374	4.85569439908183	50
4.09196415444858	4.85900279045521	50
4.07368372766899	4.86224765367928	50
4.05532051547629	4.86542810069936	50
4.03687446265165	4.86854323942804	50
4.01834551499609	4.87159217374513	50
3.99973361933048	4.87457400349773	50
3.98103872349553	4.87748782450018	50
3.96226077635182	4.88033272853406	50
3.94339972777976	4.88310780334823	50
3.92445552867962	4.88581213265878	50
3.9054281309715	4.88844479614906	50
3.88631748759537	4.89100486946968	50
3.86712355251105	4.8934914242385	50
3.84784628069819	4.89590352804063	50
3.8284856281563	4.89824024442845	50
3.80904155190475	4.90050063292156	50
3.78951400998273	4.90268374900685	50
3.76990296144932	4.90478864413844	50
3.75020836638341	4.9068143657377	50
3.73043018588376	4.90875995719329	50
3.71056838206897	4.91062445786107	50
3.6906229180775	4.91240690306421	50
3.67059375806765	4.91410632409307	50
3.65048086721757	4.91572174820533	50
3.63028421172526	4.91725219862587	50
3.61000375880857	4.91869669454686	50
3.5896394767052	4.9200542511277	50
3.5691913346727	4.92132387949505	50
3.54865930298846	4.92250458674283	50
3.52804335294973	4.92359537593221	50
3.5073434568736	4.92459524609161	50
3.48655958809702	4.92550319221672	50
3.46569172097678	4.92631820527045	50
3.44473983088952	4.92703927218298	50
3.42370389423174	4.92766537585177	50
3.40258388841976	4.9281954951415	50
3.38137979188979	4.9286286048841	50
3.36009158409786	4.92896367587879	50
3.33871924551985	4.92919967489201	50
3.31726275765151	4.92933556465746	50
3.29572210300841	4.9293703038761	50
3.27409726512599	4.92930284721614	50
3.25238822855954	4.92913214531305	50
3.23059497888419	4.92885714476955	50
3.20871750269491	4.92847678815561	50
3.18675578760654	4.92799001400844	50
3.16470982225376	4.92739575683254	50
3.14257959629109	4.92669294709963	50
3.12036510039292	4.9258805112487	50
3.09806632625347	4.924957371686	50
3.07568326658681	4.923922446785	50
3.05321591512687	4.92277465088646	50
3.03066426662742	4.92151289429837	50
3.00802831686209	4.92013608329601	50
2.98530806262435	4.91864312012186	50
2.96250350172752	4.91703290298569	50
2.93961463300476	4.91530432606451	50
2.9166414563091	4.91345627950258	50
2.89358397251341	4.91148764941145	50
2.87044218351039	4.90939731786986	50
2.84721609221262	4.90718416292386	50
2.82390570255252	4.90484705858672	50
2.80051101948234	4.90238487483898	50
2.7770320489742	4.89979647762843	50
2.75346879802006	4.89708072887011	50
2.72982127463173	4.89423648644631	50
2.70608948784088	4.89126260420659	50
2.682273447699	4.88815793196774	50
2.65837316527747	4.88492131551383	50
2.63438865266748	4.88155159659615	50
2.61031992298009	4.87804761293328	50
2.58616699034621	4.87440819821103	50
2.5619298699166	4.87063218208248	50
2.53760857786185	4.86671839016793	50
2.51320313137242	4.86266564405498	50
2.48871354865861	4.85847276129845	50
2.46413984895057	4.85413855542042	50
2.4394820524983	4.84966183591024	50
2.41474018057165	4.84504140822449	50
2.38991425546032	4.84027607378702	50
2.36500430047384	4.83536462998893	50
2.34001033994163	4.83030587018857	50
2.31493239921292	4.82509858371153	50
2.28977050465681	4.8197415558507	50
2.26452468366224	4.81423356786616	50
2.239194964638	4.80857339698529	50
2.21378137701273	4.80275981640272	50
2.18828395123493	4.79679159528029	50
2.16270271877293	4.79066749874716	50
2.13703771211492	4.7843862878997	50
2.11128896476893	4.77794671980154	50
2.08545651126286	4.77134754748355	50
2.05954038714444	4.7645875199439	50
2.03354062898125	4.75766538214797	50
2.00745727436072	4.7505798750284	50
1.98129036189015	4.7433297354851	50
1.95503993119665	4.73591369638522	50
1.92870602292721	4.72833048656317	50
1.90228867874867	4.72057883082061	50
1.87578794134769	4.71265744992646	50
1.8492038544308	4.70456506061688	50
1.82253646272439	4.69630037559529	50
1.79578581197467	4.68786210353237	50
1.76895194894773	4.67924894906606	50
1.74203492142948	4.67045961280151	50
1.7150347782257	4.66149279131119	50
1.68795156916202	4.65234717713477	50
1.66078534508389	4.64302145877921	50
1.63353615785664	4.63351432071868	50
1.60620406036544	4.62382444339465	50
1.57878910651531	4.61395050321581	50
1.55129135123112	4.60389117255813	50
1.52371085045757	4.59364511976482	50
1.49604766115924	4.58321100914632	50
1.46830184132054	4.57258750098038	50
1.44047344994574	4.56177325151195	50
1.41256254705893	4.55076691295326	50
1.3845691937041	4.53956713348378	50
1.35649345194504	4.52817255725026	50
1.32833538486541	4.51658182436667	50
1.30009505656873	4.50479357091425	50
1.27177253217835	4.49280642894149	50
1.24336787783748	4.48061902646414	50
1.21488116070917	4.4682299874652	50
1.18631244897633	4.45563793189492	50
1.15766181184171	4.44284147567081	50
1.12892931952791	4.42983923067762	50
1.10011504327739	4.41662980476736	50
1.07121905535244	4.40321180175932	50
1.04224142903522	4.38958382143999	50
1.01318223862772	4.37574445956316	50
0.984041559451798	4.36169230784986	50
0.954819467849142	4.34742595398836	50
0.9255160411813	4.33294398163419	50
0.896131357829669	4.31824497041016	50
0.866665497195491	4.30332749590629	50
0.837118539699858	4.28819012967987	50
0.807490566783714	4.27283143925547	50
0.77778166090785	4.25724998812488	50
0.747991905552905	4.24144433574715	50
0.718121385219369	4.22541303754859	50
0.688170185427579	4.20915464492277	50
0.658138392717724	4.19266770523049	50
0.628026094649838	4.17595076179984	50
0.597833379803808	4.15900235392612	50
0.567560337779369	4.14182101687193	50
0.537207059196102	4.12440528186709	50
0.506773635693441	4.10675367610867	50
0.476260159930667	4.08886472276101	50
0.445666725586911	4.07073694095572	50
0.414993427361151	4.05236884579162	50
0.384240360972218	4.03375894833482	50
