0.323328250038603	3.64391773186575	39
0.315292422578755	3.63787712790995	39
0.30733313606429	3.63173602236648	39
0.299451647358817	3.6254953849871	39
0.291649201040766	3.6191562012408	39
0.28392702920686	3.61271947215819	39
0.27628635127755	3.60618621417339	39
0.268728373804454	3.59955745896358	39
0.261254290279831	3.59283425328606	39
0.253865280948111	3.58601765881293	39
0.246562512619524	3.57910875196348	39
0.239347138485845	3.5721086237342	39
0.232220297938294	3.56501837952647	39
0.225183116387609	3.55783913897206	39
0.218236705086335	3.55057203575628	39
0.211382160953342	3.54321821743895	39
0.204620566400609	3.53577884527325	39
0.197952989162298	3.52825509402228	39
0.19138048212615	3.52064815177357	39
0.184904083167215	3.5129592197515	39
0.178524814983966	3.50518951212756	39
0.172243684936799	3.49734025582865	39
0.166061684888964	3.48941269034333	39
0.15997979104993	3.48140806752611	39
0.153998963821239	3.4733276513997	39
0.148120147644843	3.46517271795549	39
0.142344270853964	3.456944554952	39
0.136672245526505	3.44864446171156	39
0.131104967341016	3.4402737489151	39
0.125643315435261	3.43183373839522	39
0.12028815226739	3.42332576292741	39
0.115040323479745	3.41475116601963	39
0.109900657765328	3.40611130170013	39
0.104869966736935	3.39740753430364	39
0.0999490447989967	3.38864123825593	39
0.0951386690221329	3.37981379785677	39
0.0904395990204424	3.37092660706133	39
0.0858525768315517	3.36198106926005	39
0.0813783267994388	3.35297859705707	39
0.0770175554600508	3.34392061204709	39
0.0727709514297344	3.33480854459096	39
0.0686391852964936	3.32564383358976	39
0.064622909514098	3.31642792625759	39
0.0607227582990518	3.30716227789306	39
0.0569393475304439	3.29784835164945	39
0.0532732746526934	3.2884876183037	39
0.049725118581206	3.27908155602409	39
0.0462954396109568	3.26963165013692	39
0.0429847793280137	3.26013939289187	39
0.0397936605240135	3.25060628322639	39
0.0367225871136079	3.241033826529	39
0.0337720440548895	3.2314235344016	39
0.0309424972728112	3.22177692442071	39
0.0282343935856109	3.21209551989788	39
0.0256481606342541	3.2023808496391	39
0.0231842068149046	3.19263444770344	39
0.0208429212144332	3.18285785316074	39
0.0186246735489777	3.17305260984861	39
0.0165298141055586	3.16322026612864	39
0.0145586736867671	3.15336237464188	39
0.0127115635585249	3.14348049206367	39
0.0109887754009341	3.13357617885782	39
0.0093905812622157	3.12365099903022	39
0.00791723351575113	3.1137065198818	39
0.00656896482022906	3.1037443117611	39
0.00534598808290643	3.09376594781628	39
0.00424849642598679	3.08377300374667	39
0.00327666315612585	3.07376705755398	39
0.00243064173706231	3.06374968929311	39
0.00171056576538575	3.05372248082264	39
0.00111654894943958	3.04368701555501	39
0.000648685091365175	3.03364487820654	39
0.000307048072289207	3.02359765454711	39
9.16918406572709e-05	3.01354693114982	39
2.65040371516534e-06	3.0034942951404	39
3.99378221376256e-05	2.99344133394661	39
0.000203548207809434	2.98338963504756	39
0.000493455724753677	2.97334078572304	39
0.000909614593212815	2.96329637280284	39
0.00145195909687745	2.95325798241619	39
0.00212040359326315	2.94322719974131	39
0.00291484252723517	2.93320560875507	39
0.00383515044767646	2.92319479198285	39
0.00488118202729781	2.91319633024867	39
0.00605277208558674	2.90321180242555	39
0.00734973561489172	2.89324278518617	39
0.00877186780963646	2.88329085275392	39
0.0103189440986615	2.8733575766543	39
0.0119907201806865	2.86344452546676	39
0.0137869320628885	2.85355326457698	39
0.0157072961025886	2.84368535592974	39
0.0177515090520436	2.83384235778219	39
0.0199192481063316	2.82402582445785	39
0.0222101709543265	2.81423730610112	39
0.0246239158327535	2.80447834843254	39
0.0271601015833152	2.79475049250464	39
0.0298183277128811	2.78505527445864	39
0.0325981744567304	2.77539422528186	39
0.0354992028448371	2.76576887056597	39
0.0385209547711891	2.75618073026605	39
0.0416629530661279	2.7466313184606	39
0.0449247015716994	2.73712214311246	39
0.0483056852200033	2.72765470583064	39
0.051805370114528	2.71823050163323	39
0.0554232036144586	2.70885101871133	39
0.0591586144219469	2.69951773819403	39
0.0630110126723235	2.69023213391451	39
0.0669797900272466	2.68099567217733	39
0.0710643197707643	2.67180981152687	39
0.0752639569082807	2.66267600251701	39
0.0795780382684079	2.65359568748208	39
0.084005882607689	2.64457030030909	39
0.0885467907181734	2.63560126621128	39
0.0932000455378308	2.62669000150314	39
0.0979649122637827	2.61783791337664	39
0.102840638468337	2.60904639967912	39
0.107826454217805	2.60031684869252	39
0.112921572194082	2.59165063891412	39
0.118125187818975	2.58304913883892	39
0.123436479381256	2.57451370674348	39
0.128854608166415	2.56604569047148	39
0.134378718589109	2.55764642722086	39
0.140007938328265	2.54931724333265	39
0.145741378464829	2.54105945408154	39
0.15157813362214	2.53287436346817	39
0.157517282108897	2.52476326401325	39
0.163557886064705	2.5167274365534	39
0.169698991608174	2.50876815003894	39
0.175939628987549	2.50088666133347	39
0.182278812733845	2.49308421501541	39
0.188715541816461	2.48536204318151	39
0.195248799801259	2.4777213652522	39
0.201877555011066	2.4701633877791	39
0.208600760688593	2.46268930425448	39
0.215417355161724	2.45530029492276	39
0.222326262011172	2.44799752659417	39
0.229326390240455	2.44078215246049	39
0.236416634448177	2.43365531191294	39
0.243595875002586	2.42661813036226	39
0.250862978218373	2.41967171906098	39
0.258216796535697	2.41281717492799	39
0.265656168701399	2.40605558037526	39
0.273179919952373	2.39938800313695	39
0.280786862201078	2.3928154961008	39
0.288475794223152	2.38633909714186	39
0.296245501847095	2.37995982895862	39
0.304094758146003	2.37367869891145	39
0.312022323631316	2.36749669886361	39
0.320026946448544	2.36141480502458	39
0.328107362574953	2.35543397779589	39
0.336262296019163	2.34955516161949	39
0.344490459022651	2.34377928482861	39
0.352790552263092	2.33810725950115	39
0.361161265059548	2.33253998131567	39
0.36960127557943	2.32707832940991	39
0.37810925104724	2.32172316624204	39
0.386683847955021	2.31647533745439	39
0.395323712274523	2.31133567173998	39
0.404027479671014	2.30630498071158	39
0.412793775718723	2.30138405877365	39
0.421621216117883	2.29657368299678	39
0.430508406913325	2.29187461299509	39
0.439453944714597	2.2872875908062	39
0.448456416917581	2.28281334077409	39
0.457514401927557	2.2784525694347	39
0.466626469383687	2.27420596540438	39
0.47579118038489	2.27007419927114	39
0.485007087717058	2.26605792348875	39
0.494272736081589	2.2621577722737	39
0.503586662325196	2.25837436150509	39
0.512947395670954	2.25470828862734	39
0.522353457950555	2.25116013255586	39
0.531803363837726	2.24773045358561	39
0.541295621082782	2.24441979330266	39
0.550828730748265	2.24122867449866	39
0.560401187445648	2.23815760108826	39
0.57001147957305	2.23520705802954	39
0.579658089553939	2.23237751124746	39
0.589339494076773	2.22966940756026	39
0.599054164335545	2.2270831746089	39
0.608800566271207	2.22461922078955	39
0.61857716081391	2.22227793518908	39
0.62838240412604	2.22005968752363	39
0.638214747846012	2.21796482808021	39
0.648072639332774	2.21599368766142	39
0.657954521910983	2.21414657753317	39
0.667858835116826	2.21242378937558	39
0.677784014944432	2.21082559523687	39
0.687728494092852	2.2093522474904	39
0.697690702213547	2.20800397879488	39
0.70766906615837	2.20678100205756	39
0.71766201022798	2.20568351040064	39
0.727667956420668	2.20471167713078	39
0.737685324681535	2.20386565571171	39
0.747712533152011	2.20314557974004	39
0.757747998419638	2.20255156292409	39
0.767790135768115	2.20208369906601	39
0.777837359427543	2.20174206204694	39
0.787888082824834	2.20152670581531	39
0.797940718834253	2.20143766437837	39
0.807993680028041	2.20147495179679	39
0.818045378927086	2.20163856218246	39
0.828094228251609	2.2019284696994	39
0.838138641171814	2.20234462856786	39
0.84817703155846	2.20288697307153	39
0.858207814233338	2.20355541756791	39
0.868229405219581	2.20434985650189	39
0.8782402219918	2.20527016442233	39
0.888238683725977	2.20631619600195	39
0.898223211549099	2.20748778606024	39
0.908192228788476	2.20878474958954	39
0.918144161220725	2.21020688178429	39
0.928077437320346	2.21175395807331	39
0.937990488507893	2.21342573415534	39
0.947881749397669	2.21522194603754	39
0.957749658044915	2.21714231007724	39
0.967592656192463	2.21918652302669	39
0.977409189516804	2.22135426208098	39
0.987197707873526	2.22364518492898	39
0.996956665542111	2.2260589298074	39
1.00668452147001	2.22859511555797	39
1.01637973951601	2.23125334168753	39
1.02604078869279	2.23403318843138	39
1.03963376410779	2.23805974447992	39
1.05108787832193	2.24142238527202	39
1.06254523736087	2.2447553271251	39
1.07400584122461	2.24805857003915	39
1.08546968991316	2.25133211401419	39
1.09693678342652	2.2545759590502	39
1.10840712176467	2.2577901051472	39
1.11988070492763	2.26097455230517	39
1.13135753291539	2.26412930052413	39
1.14283760572796	2.26725434980407	39
1.15432092336533	2.27034970014498	39
1.1658074858275	2.27341535154688	39
1.17729729311447	2.27645130400975	39
1.18879034522625	2.27945755753361	39
1.20028664216283	2.28243411211845	39
1.21178618392422	2.28538096776426	39
1.22328897051041	2.28829812447106	39
1.2347950019214	2.29118558223884	39
1.2463042781572	2.29404334106759	39
1.25781679921779	2.29687140095733	39
1.2693325651032	2.29966976190805	39
1.2808515758134	2.30243842391974	39
1.29237383134841	2.30517738699242	39
1.30389933170822	2.30788665112608	39
1.31542807689284	2.31056621632071	39
1.32696006690225	2.31321608257633	39
1.33849530173648	2.31583624989293	39
1.3500337813955	2.31842671827051	39
1.36157550587933	2.32098748770906	39
1.37312047518796	2.3235185582086	39
1.38466868932139	2.32601992976912	39
1.39622014827963	2.32849160239062	39
1.40777485206267	2.3309335760731	39
1.41933280067052	2.33334585081655	39
1.43089399410317	2.33572842662099	39
1.44245843236062	2.33808130348641	39
1.45402611544287	2.34040448141281	39
1.46559704334993	2.34269796040019	39
1.47717121608179	2.34496174044855	39
1.48874863363845	2.34719582155788	39
1.50032929601992	2.3494002037282	39
1.51191320322619	2.3515748869595	39
1.52350035525727	2.35371987125178	39
1.53509075211314	2.35583515660504	39
1.54668439379382	2.35792074301928	39
1.55828128029931	2.3599766304945	39
1.5698814116296	2.3620028190307	39
1.58148478778469	2.36399930862788	39
1.59309140876458	2.36596609928604	39
1.60470127456928	2.36790319100518	39
1.61631438519878	2.36981058378529	39
1.62793074065308	2.3716882776264	39
1.63955034093219	2.37353627252848	39
1.6511731860361	2.37535456849153	39
1.66279927596481	2.37714316551558	39
1.67442861071833	2.3789020636006	39
1.68606119029665	2.3806312627466	39
1.69769701469977	2.38233076295358	39
1.7093360839277	2.38400056422154	39
1.72097839798043	2.38564066655048	39
1.73262395685796	2.3872510699404	39
1.7442727605603	2.3888317743913	39
1.75592480908744	2.39038277990318	39
1.76758010243938	2.39190408647604	39
1.77923864061613	2.39339569410988	39
1.79090042361768	2.3948576028047	39
1.80256545144403	2.3962898125605	39
1.81423372409519	2.39769232337728	39
1.82590524157115	2.39906513525505	39
1.83758000387191	2.40040824819379	39
1.84925801099747	2.40172166219351	39
1.86093926294784	2.40300537725421	39
1.87262375972302	2.40425939337589	39
1.88431150132299	2.40548371055855	39
1.89600248774777	2.40667832880219	39
1.90769671899735	2.40784324810682	39
1.91939419507174	2.40897846847242	39
1.93109491597093	2.410083989899	39
1.94279888169492	2.41115981238656	39
1.95450609224372	2.41220593593511	39
1.96621654761732	2.41322236054463	39
1.97793024781572	2.41420908621513	39
1.98964719283892	2.41516611294661	39
2.00136738268693	2.41609344073908	39
2.01309081735975	2.41699106959252	39
2.02481749685736	2.41785899950694	39
2.03654742117978	2.41869723048235	39
2.048280590327	2.41950576251873	39
2.06001700429903	2.42028459561609	39
2.07175666309586	2.42103372977443	39
2.08349956671749	2.42175316499376	39
2.09524571516392	2.42244290127406	39
2.10699510843516	2.42310293861534	39
2.1187477465312	2.42373327701761	39
2.13050362945205	2.42433391648085	39
2.1422627571977	2.42490485700508	39
2.15402512976815	2.42544609859028	39
2.1657907471634	2.42595764123646	39
2.17755960938346	2.42643948494363	39
2.18933171642832	2.42689162971177	39
2.20110706829799	2.4273140755409	39
2.21288566499246	2.427706822431	39
2.22466750651173	2.42806987038209	39
2.2364525928558	2.42840321939415	39
2.24824092402468	2.42870686946719	39
2.26003250001836	2.42898082060122	39
2.27182732083685	2.42922507279622	39
2.28362538648013	2.42943962605221	39
2.29542669694822	2.42962448036917	39
2.30723125224112	2.42977963574712	39
2.31903905235882	2.42990509218604	39
2.33085009730132	2.43000084968595	39
2.34266438706862	2.43006690824683	39
2.35448192166073	2.4301032678687	39
2.36630270107764	2.43010992855155	39
2.37812672531935	2.43008689029537	39
2.38995399438587	2.43003415310018	39
2.40178450827719	2.42995171696596	39
2.41361826699332	2.42983958189273	39
2.42545527053424	2.42969774788047	39
2.43729551889997	2.4295262149292	39
2.44913901209051	2.42932498303891	39
2.46098575010584	2.42909405220959	39
2.47283573294599	2.42883342244126	39
2.48468896061093	2.42854309373391	39
2.49654543310068	2.42822306608753	39
2.50840515041523	2.42787333950214	39
2.52026811255458	2.42749391397773	39
2.53213431951874	2.42708478951429	39
2.5440037713077	2.42664596611184	39
2.55587646792146	2.42617744377037	39
2.56775240936003	2.42567922248987	39
2.5796315956234	2.42515130227036	39
2.59151402671157	2.42459368311183	39
2.60339970262455	2.42400636501428	39
2.61528862336233	2.4233893479777	39
2.62718078892491	2.42274263200211	39
2.6390761993123	2.4220662170875	39
2.65097485452449	2.42136010323387	39
2.66287675456148	2.42062429044121	39
2.67478189942328	2.41985877870954	39
2.68669028910987	2.41906356803885	39
2.69860192362128	2.41823865842914	39
2.71051680295748	2.41738404988041	39
2.72243492711849	2.41649974239265	39
2.73435629610431	2.41558573596588	39
2.74628090991492	2.41464203060009	39
2.75820876855034	2.41366862629528	39
2.77013987201056	2.41266552305145	39
2.78207422029559	2.4116327208686	39
2.79401181340542	2.41057021974673	39
2.80595265134005	2.40947801968584	39
2.81789673409949	2.40835612068592	39
2.82984406168373	2.40720452274699	39
2.84179463409277	2.40602322586904	39
2.85374845132661	2.40481223005207	39
2.86570551338526	2.40357153529608	39
2.87766582026872	2.40230114160107	39
2.88962937197697	2.40100104896704	39
2.90159616851003	2.39967125739399	39
2.91356620986789	2.39831176688192	39
2.92553949605056	2.39692257743083	39
2.93751602705803	2.39550368904072	39
2.9494958028903	2.39405510171159	39
2.96147882354737	2.39257681544344	39
2.97346508902925	2.39106883023627	39
2.98545459933593	2.38953114609008	39
2.99744735446742	2.38796376300487	39
3.00944335442371	2.38636668098064	39
3.0214425992048	2.38473990001739	39
3.03344508881069	2.38308342011512	39
3.04545082324139	2.38139724127383	39
3.05745980249689	2.37968136349353	39
3.0694720265772	2.3779357867742	39
3.08148749548231	2.37616051111585	39
3.09350620921222	2.37435553651848	39
3.10552816776693	2.37252086298209	39
3.11755337114645	2.37065649050668	39
3.12958181935077	2.36876241909225	39
3.1416135123799	2.3668386487388	39
3.15364845023382	2.36488517944634	39
3.16568663291256	2.36290201121485	39
3.17772806041609	2.36088914404434	39
3.18977273274443	2.35884657793481	39
3.20182064989757	2.35677431288626	39
3.21387181187551	2.3546723488987	39
3.22592621867826	2.35254068597211	39
3.23798387030581	2.3503793241065	39
3.25004476675817	2.34818826330187	39
3.26210890803532	2.34596750355822	39
3.27417629413728	2.34371704487556	39
3.28624692506405	2.34143688725387	39
3.29832080081561	2.33912703069316	39
3.31039792139199	2.33678747519343	39
3.32247828679316	2.33441822075469	39
3.33456189701914	2.33201926737692	39
3.34664875206992	2.32959061506013	39
3.3587388519455	2.32713226380433	39
3.37083219664589	2.3246442136095	39
3.38292878617108	2.32212646447565	39
3.39502862052107	2.31957901640279	39
3.40713169969587	2.3170018693909	39
3.41923802369547	2.31439502343999	39
3.43134759251987	2.31175847855007	39
3.44346040616908	2.30909223472112	39
3.45557646464309	2.30639629195316	39
3.4676957679419	2.30367065024617	39
3.47981831606552	2.30091530960016	39
3.49194410901394	2.29813027001514	39
3.50407314678716	2.29531553149109	39
3.51620542938519	2.29247109402803	39
3.52834095680802	2.28959695762594	39
3.54047972905565	2.28669312228484	39
3.55262174612809	2.28375958800471	39
3.56476700802533	2.28079635478557	39
3.57691551474737	2.2778034226274	39
3.58906726629422	2.27478079153022	39
3.60122226266587	2.27172846149401	39
3.61338050386232	2.26864643251879	39
3.62554198988357	2.26553470460454	39
3.63770672072963	2.26239327775128	39
3.6498746964005	2.25922215195899	39
3.66204591689616	2.25602132722769	39
3.67422038221663	2.25279080355736	39
3.6863980923619	2.24953058094802	39
3.69857904733198	2.24624065939965	39
3.71076324712686	2.24292103891227	39
3.72295069174654	2.23957171948587	39
3.73514138119103	2.23619270112044	39
3.74733531546032	2.232783983816	39
3.75953249455441	2.22934556757253	39
3.7717329184733	2.22587745239005	39
3.783936587217	2.22237963826855	39
3.79614350078551	2.21885212520802	39
3.80835365917881	2.21529491320848	39
3.82056706239692	2.21170800226992	39
3.83278371043983	2.20809139239233	39
3.84500360330755	2.20444508357573	39
3.85722674100007	2.20076907582011	39
3.86945312351739	2.19706336912546	39
3.88168275085951	2.1933279634918	39
3.89391562302644	2.18956285891912	39
3.90615174001817	2.18576805540742	39
3.91839110183471	2.18194355295669	39
3.93063370847605	2.17808935156695	39
3.94287955994219	2.17420545123819	39
3.95512865623313	2.17029185197041	39
3.96738099734888	2.1663485537636	39
3.97963658328943	2.16237555661778	39
3.99189541405479	2.15837286053294	39
4.00415748964494	2.15434046550908	39
4.01642281005991	2.1502783715462	39
4.02869137529967	2.14618657864429	39
4.04096318536424	2.14206508680337	39
4.05323824025361	2.13791389602343	39
4.06551653996778	2.13373300630447	39
4.07779808450676	2.12952241764649	39
4.09008287387054	2.12528213004949	39
4.10237090805913	2.12101214351347	39
4.11466218707251	2.11671245803842	39
4.12695671091071	2.11238307362436	39
4.1392544795737	2.10802399027128	39
4.1515554930615	2.10363520797918	39
4.1638597513741	2.09921672674806	39
4.1761672545115	2.09476854657792	39
4.18847800247371	2.09029066746876	39
4.20079199526072	2.08578308942058	39
4.21310923287253	2.08124581243338	39
4.22542971530915	2.07667883650716	39
4.23775344257057	2.07208216164192	39
4.25008041465679	2.06745578783766	39
4.26241063156782	2.06279971509438	39
4.27474409330365	2.05811394341208	39
4.28708079986429	2.05339847279076	39
4.29942075124972	2.04865330323042	39
4.31176394745996	2.04387843473106	39
4.32411038849501	2.03907386729268	39
4.33646007435485	2.03423960091528	39
4.3488130050395	2.02937563559886	39
4.36116918054896	2.02448197134342	39
4.37352860088321	2.01955860814896	39
4.38589126604227	2.01460554601548	39
4.39825717602614	2.00962278494298	39
4.4106263308348	2.00461032493147	39
4.42299873046827	1.99956816598093	39
4.43537437492655	1.99449630809137	39
4.44775326420962	1.98939475126279	39
4.4601353983175	1.98426349549519	39
4.47252077725019	1.97910254078857	39
4.48490940100767	1.97391188714293	39
4.49730126958996	1.96869153455828	39
4.50969638299705	1.9634414830346	39
4.52209474122895	1.9581617325719	39
4.53449634428565	1.95285228317018	39
4.54690119216715	1.94751313482944	39
4.55930928487346	1.94214428754969	39
4.57172062240457	1.93674574133091	39
4.58413520476048	1.93131749617311	39
4.5965530319412	1.92585955207629	39
4.60897410394672	1.92037190904046	39
4.62139842077704	1.9148545670656	39
4.63382598243216	1.90930752615172	39
4.64625678891209	1.90373078629882	39
4.65869084021683	1.89812434750691	39
4.67112813634636	1.89248820977597	39
4.6835686773007	1.88682237310601	39
4.69601246307984	1.88112683749704	39
4.70845949368379	1.87540160294904	39
4.72090976911254	1.86964666946202	39
4.73336328936609	1.86386203703599	39
4.74582005444444	1.85804770567093	39
4.7582800643476	1.85220367536685	39
4.77074331907556	1.84632994612376	39
4.78320981862833	1.84042651794164	39
4.7956795630059	1.83449339082051	39
4.80815255220827	1.82853056476035	39
4.82062878623544	1.82253803976117	39
4.83310826508742	1.81651581582298	39
4.8455909887642	1.81046389294576	39
4.85807695726579	1.80438227112953	39
4.87056617059218	1.79827095037427	39
4.88305862874337	1.79212993068	39
4.89555433171936	1.7859592120467	39
4.90805327952016	1.77975879447439	39
4.92055547214576	1.77352867796305	39
4.93306090959617	1.7672688625127	39
4.94556959187137	1.76097934812332	39
4.95808151897139	1.75466013479493	39
4.9705966908962	1.74831122252751	39
4.98311510764582	1.74193261132108	39
4.99563676922024	1.73552430117562	39
5.00816167561946	1.72908629209115	39
5.02068982684349	1.72261858406765	39
5.03322122289232	1.71612117710514	39
5.04575586376596	1.7095940712036	39
5.05829374946439	1.70303726636305	39
5.07083487998763	1.69645076258348	39
5.08337925533568	1.68983455986488	39
5.09592687550853	1.68318865820727	39
5.10847774050618	1.67651305761063	39
5.12103185032863	1.66980775807498	39
5.13358920497589	1.66307275960031	39
5.14614980444795	1.65630806218661	39
5.15871364874481	1.6495136658339	39
5.17128073786648	1.64268957054217	39
5.18385107181295	1.63583577631141	39
5.19642465058422	1.62895228314164	39
5.2090014741803	1.62203909103285	39
5.22158154260118	1.61509619998504	39
5.23416485584686	1.6081236099982	39
5.24675141391735	1.60112132107235	39
5.25934121681264	1.59408933320748	39
5.27193426453273	1.58702764640358	39
5.28453055707763	1.57993626066067	39
5.29713009444733	1.57281517597874	39
5.30973287664184	1.56566439235779	39
5.32233890366114	1.55848390979782	39
5.33494817550525	1.55127372829882	39
5.34756069217416	1.54403384786081	39
5.36017645366788	1.53676426848378	39
5.3727954599864	1.52946499016773	39
5.38541771112972	1.52213601291265	39
5.39804320709785	1.51477733671856	39
5.41067194789078	1.50738896158545	39
5.42330393350851	1.49997088751332	39
5.43593916395105	1.49252311450217	39
5.44857763921839	1.485045642552	39
5.46121935931053	1.47753847166281	39
5.47386432422748	1.4700016018346	39
5.48651253396923	1.46243503306736	39
5.49916398853578	1.45483876536111	39
5.51181868792713	1.44721279871584	39
5.52447663214329	1.43955713313155	39
5.53713782118426	1.43187176860824	39
5.54980225505002	1.42415670514591	39
5.56246993374059	1.41641194274456	39
5.57514085725596	1.40863748140419	39
5.58781502559614	1.4008333211248	39
5.60049243876112	1.39299946190639	39
5.6131730967509	1.38513590374896	39
5.62585699956549	1.37724264665251	39
5.63854414720487	1.36931969061704	39
5.65123453966907	1.36136703564255	39
5.66392817695806	1.35338468172904	39
5.67662505907186	1.34537262887651	39
5.68932518601046	1.33733087708496	39
5.70202855777387	1.32925942635439	39
5.71473517436208	1.3211582766848	39
5.72744503577509	1.31302742807619	39
5.7401581420129	1.30486688052857	39
5.75287449307552	1.29667663404192	39
5.76559408896294	1.28845668861625	39
5.77831692967517	1.28020704425156	39
5.7910430152122	1.27192770094785	39
5.80377234557403	1.26361865870512	39
5.81650492076066	1.25527991752337	39
5.8292407407721	1.2469114774026	39
5.84197980560834	1.23851333834282	39
5.85472211526939	1.23008550034401	39
5.86746766975523	1.22162796340618	39
5.88021646906588	1.21314072752933	39
5.89296851320134	1.20462379271346	39
5.9057238021616	1.19607715895858	39
5.91848233594666	1.18750082626467	39
5.93124411455652	1.17889479463174	39
5.94400913799119	1.17025906405979	39
5.95677740625066	1.16159363454882	39
5.96954891933494	1.15289850609884	39
5.98232367724401	1.14417367870983	39
5.99510167997789	1.1354191523818	39
6.00788292753658	1.12663492711475	39
6.02066741992007	1.11782100290869	39
6.03345515712836	1.1089773797636	39
6.04624613916145	1.10010405767949	39
6.05904036601935	1.09120103665637	39
6.07183783770205	1.08226831669422	39
6.08463855420955	1.07330589779305	39
6.09744251554186	1.06431377995287	39
6.11024972169897	1.05529196317366	39
6.12306017268088	1.04624044745543	39
6.1358738684876	1.03715923279819	39
6.14869080911912	1.02804831920192	39
6.16151099457544	1.01890770666663	39
6.17433442485657	1.00973739519233	39
6.1871610999625	1.000537384779	39
6.19999101989324	0.991307675426658	39
6.21282418464877	0.982048267135291	39
6.22566059422911	0.972759159904905	39
6.23850024863425	0.9634403537355	39
6.2513431478642	0.954091848627074	39
6.26418929191895	0.944713644579629	39
6.2770386807985	0.935305741593164	39
6.28989131450286	0.925868139667678	39
6.30274719303202	0.916400838803175	39
6.31560631638598	0.906903838999649	39
6.32846868456475	0.897377140257104	39
6.34133429756832	0.887820742575539	39
6.35420315539669	0.878234645954954	39
6.36707525804987	0.86861885039535	39
6.37995060552785	0.858973355896725	39
6.39282919783063	0.849298162459081	39
6.40571103495822	0.839593270082416	39
6.41859611691061	0.829858678766732	39
6.4314844436878	0.820094388512028	39
6.4443760152898	0.810300399318304	39
6.45727083171659	0.800476711185561	39
6.4701688929682	0.790623324113796	39
6.4830701990446	0.780740238103013	39
6.49597474994581	0.770827453153209	39
6.50888254567182	0.760884969264385	39
6.52179358622264	0.750912786436541	39
6.53470787159826	0.740910904669678	39
6.54762540179868	0.730879323963795	39
6.56054617682391	0.720818044318891	39
6.57347019667394	0.710727065734967	39
6.58639746134877	0.700606388212026	39
6.5993279708484	0.690456011750062	39
6.61226172517284	0.68027593634908	39
6.62519872432208	0.670066162009077	39
6.63813896829613	0.659826688730054	39
6.65108245709498	0.649557516512012	39
6.66402919071863	0.639258645354949	39
6.67697916916708	0.628930075258866	39
6.68993239244034	0.618571806223764	39
6.7028888605384	0.608183838249642	39
6.71584857346127	0.597766171336499	39
6.72881153120894	0.587318805484338	39
6.74177773378141	0.576841740693155	39
6.75474718117868	0.566334976962954	39
6.76771987340076	0.555798514293732	39
6.78069581044764	0.545232352685491	39
6.79367499231933	0.534636492138229	39
6.80665741901582	0.524010932651947	39
6.81964309053711	0.513355674226646	39
6.8326320068832	0.502670716862324	39
6.8456241680541	0.491956060558984	39
6.8586195740498	0.481211705316622	39
6.87161822487031	0.470437651135241	39
6.88462012051561	0.45963389801484	39
6.89762526098573	0.448800445955419	39
6.91063364628064	0.437937294956979	39
6.92364527640036	0.427044445019518	39
6.93666015134488	0.416121896143038	39
6.9496782711142	0.405169648327537	39
6.96269963570833	0.394187701573017	39
6.97572424512726	0.383176055879477	39
6.98875209937099	0.372134711246916	39
7.00178319843953	0.361063667675336	39
7.01481754233287	0.349962925164736	39
7.02785513105102	0.338832483715115	39
7.04089596459396	0.327672343326475	39
7.05394004296171	0.316482503998816	39
7.06698736615427	0.305262965732137	39
7.08003793417162	0.294013728526437	39
7.09309174701378	0.282734792381717	39
7.10614880468075	0.271426157297978	39
7.11920910717251	0.260087823275219	39
7.13227265448908	0.24871979031344	39
7.14533944663046	0.237322058412641	39
7.15840948359664	0.225894627572822	39
7.17148276538762	0.214437497793983	39
7.1845592920034	0.202950669076124	39
7.19763906344399	0.191434141419244	39
7.21072207970938	0.179887914823346	39
7.22380834079957	0.168311989288429	39
7.23689784671457	0.15670636481449	39
7.24999059745436	0.145071041401531	39
7.26308659301897	0.133406019049553	39
7.27618583340837	0.121711297758555	39
7.28928831862258	0.109986877528537	39
7.3023940486616	0.0982327583594986	39
7.31550302352541	0.0864489402514406	39
7.32861524321403	0.074635423204362	39
7.34173070772746	0.0627922072182647	39
7.35484941706568	0.050919292293147	39
7.36797137122871	0.0390166784290096	39
7.38109657021654	0.027084365625853	39
7.39422501402918	0.0151223538836756	39
7.40735670266662	0.00313064320247802	39
7.42049163612886	-0.00889076641773912	39
7.43362981441591	-0.0209418749769767	39
7.44677123752776	-0.0330226824752335	39
7.45991590546441	-0.0451331889125104	39
7.47306381822587	-0.0572733942888073	39
7.48621497581212	-0.0694432986041242	39
7.49936937822319	-0.0816429018584608	39
7.51252702545905	-0.0938722040518174	39
7.52568791751972	-0.106131205184194	39
7.53885205440519	-0.118419905255589	39
7.55201943611547	-0.130738304266006	39
7.56519006265055	-0.143086402215442	39
7.57836393401043	-0.155464199103898	39
7.59154105019511	-0.167871694931374	39
7.6047214112046	-0.18030888969787	39
7.6179050170389	-0.192775783403386	39
7.63109186769799	-0.205272376047922	39
7.64428196318189	-0.217798667631477	39
7.65747530349059	-0.230354658154054	39
7.67067188862409	-0.242940347615648	39
7.6838717185824	-0.255555736016265	39
7.69707479336551	-0.268200823355899	39
7.71028111297343	-0.280875609634553	39
7.72349067740615	-0.293580094852229	39
7.73670348666367	-0.306314279008924	39
7.74991954074599	-0.319078162104639	39
7.76313883965312	-0.331871744139373	39
7.77636138338505	-0.344695025113128	39
7.78958717194179	-0.357548005025903	39
7.80281620532333	-0.370430683877697	39
7.81604848352967	-0.383343061668513	39
7.82928400656081	-0.396285138398347	39
7.84252277441676	-0.4092569140672	39
7.85576478709751	-0.422258388675074	39
7.86901004460306	-0.435289562221968	39
7.88225854693342	-0.448350434707883	39
7.89551029408858	-0.461441006132816	39
7.90876528606855	-0.47456127649677	39
7.92202352287332	-0.487711245799744	39
7.93528500450289	-0.500890914041737	39
7.94854973095726	-0.514100281222751	39
7.96181770223644	-0.527339347342784	39
7.97508891834042	-0.540608112401838	39
7.9883633792692	-0.553906576399912	39
8.00164108502279	-0.567234739337004	39
8.01492203560118	-0.580592601213117	39
8.02820623100437	-0.59398016202825	39
8.04149367123237	-0.607397421782403	39
8.05478435628517	-0.620844380475575	39
8.06807828616277	-0.634321038107768	39
8.08137546086518	-0.647827394678981	39
8.09467588039239	-0.661363450189213	39
8.10797954474441	-0.674929204638466	39
8.12128645392122	-0.688524658026738	39
8.13459660792284	-0.70214981035403	39
8.14791000674927	-0.715804661620343	39
8.16122665040049	-0.729489211825674	39
8.17454653887652	-0.743203460970026	39
8.18786967217736	-0.756947409053398	39
8.20119605030299	-0.77072105607579	39
8.21452567325343	-0.784524402037201	39
8.22785854102868	-0.798357446937633	39
8.24119465362872	-0.812220190777085	39
8.25453401105357	-0.826112633555556	39
8.26787661330322	-0.840034775273047	39
8.28122246037768	-0.853986615929559	39
8.29457155227694	-0.86796815552509	39
8.307923889001	-0.881979394059641	39
8.32127947054987	-0.896020331533211	39
8.33463829692354	-0.910090967945802	39
8.34800036812201	-0.924191303297413	39
8.36136568414529	-0.938321337588043	39
8.37473424499336	-0.952481070817694	39
8.38810605066625	-0.966670502986365	39
8.40148110116393	-0.980889634094055	39
8.41485939648642	-0.995138464140765	39
8.42824093663372	-1.0094169931265	39
8.44162572160581	-1.02372522105125	39
8.45501375140271	-1.03806314791502	39
8.46840502602441	-1.05243077371781	39
8.48179954547092	-1.06682809845961	39
8.49519730974223	-1.08125512214044	39
8.50859831883834	-1.09571184476029	39
8.52200257275926	-1.11019826631916	39
8.53541007150497	-1.12471438681705	39
8.5488208150755	-1.13926020625396	39
8.56223480347082	-1.15383572462989	39
8.57565203669095	-1.16844094194484	39
8.58907251473588	-1.18307585819881	39
8.60249623760562	-1.1977404733918	39
8.61592320530016	-1.21243478752381	39
8.6293534178195	-1.22715880059484	39
8.64278687516364	-1.24191251260489	39
8.65622357733259	-1.25669592355395	39
8.66966352432634	-1.27150903344204	39
8.67638471463252	-1.27892672548822	39
8.6831067161449	-1.28635184226915	39
8.68982952886348	-1.29378438378484	39
8.69655315278825	-1.30122435003528	39
8.70327758791924	-1.30867174102048	39
8.71000283425642	-1.31612655674043	39
8.7167288917998	-1.32358879719513	39
8.72345576054938	-1.3310584623846	39
8.73018344050517	-1.33853555230881	39
8.73691193166715	-1.34602006696778	39
8.74364123403534	-1.35351200636151	39
8.75037134760972	-1.36101137048999	39
8.75710227239031	-1.36851815935323	39
8.7638340083771	-1.37603237295122	39
8.77056655557008	-1.38355401128397	39
8.77729991396927	-1.39108307435147	39
8.78403408357466	-1.39861956215372	39
8.79076906438626	-1.40616347469074	39
8.79750485640405	-1.4137148119625	39
8.80424145962804	-1.42127357396902	39
8.81097887405823	-1.4288397607103	39
8.81771709969463	-1.43641337218633	39
8.82445613653722	-1.44399440839712	39
8.83119598458602	-1.45158286934266	39
8.83793664384102	-1.45917875502295	39
8.84467811430221	-1.46678206543801	39
8.85142039596961	-1.47439280058781	39
8.85816348884321	-1.48201096047237	39
8.86490739292301	-1.48963654509169	39
8.87165210820901	-1.49726955444576	39
8.87839763470121	-1.50490998853458	39
8.88514397239962	-1.51255784735817	39
8.89189112130422	-1.5202131309165	39
8.89863908141502	-1.52787583920959	39
8.90538785273203	-1.53554597223744	39
8.91213743525524	-1.54322353000004	39
8.91888782898464	-1.5509085124974	39
8.92563903392025	-1.55860091972951	39
8.93239105006206	-1.56630075169637	39
8.93914387741007	-1.57400800839799	39
8.94589751596428	-1.58172268983437	39
8.95265196572469	-1.5894447960055	39
8.9594072266913	-1.59717432691139	39
8.96616329886411	-1.60491128255203	39
8.97292018224312	-1.61265566292742	39
8.97967787682834	-1.62040746803757	39
8.98643638261975	-1.62816669788248	39
8.99319569961737	-1.63593335246214	39
8.99995582782118	-1.64370743177656	39
9.0067167672312	-1.65148893582573	39
9.01347851784742	-1.65927786460965	39
9.02024107966984	-1.66707421812833	39
9.02700445269846	-1.67487799638177	39
9.03376863693328	-1.68268919936996	39
9.0405336323743	-1.6905078270929	39
9.04729943902152	-1.6983338795506	39
9.05406605687495	-1.70616735674306	39
9.06083348593457	-1.71400825867027	39
9.0676017262004	-1.72185658533223	39
9.07437077767242	-1.72971233672896	39
9.08114064035065	-1.73757551286043	39
9.08791131423508	-1.74544611372666	39
9.0946827993257	-1.75332413932765	39
9.10145509562253	-1.76120958966339	39
9.10822820312556	-1.76910246473388	39
9.11500212183479	-1.77700276453913	39
9.12177685175022	-1.78491048907914	39
9.12855239287185	-1.7928256383539	39
9.13532874519969	-1.80074821236341	39
9.14210590873372	-1.80867821110768	39
9.14888388347396	-1.81661563458671	39
9.15566266942039	-1.82456048280049	39
9.16244226657303	-1.83251275574902	39
9.16922267493186	-1.84047245343231	39
9.1760038944969	-1.84843957585036	39
9.18278592526814	-1.85641412300316	39
9.18956876724558	-1.86439609489071	39
9.19635242042922	-1.87238549151302	39
9.20313688481906	-1.88038231287009	39
9.2099221604151	-1.88838655896191	39
9.21670824721735	-1.89639822978848	39
9.22349514522579	-1.90441732534981	39
9.23028285444044	-1.9124438456459	39
9.23707137486128	-1.92047779067674	39
9.24386070648833	-1.92851916044233	39
9.25065084932157	-1.93656795494268	39
9.25744180336102	-1.94462417417779	39
9.26423356860667	-1.95268781814765	39
9.27102614505852	-1.96075888685226	39
9.27781953271657	-1.96883738029163	39
9.28461373158082	-1.97692329846576	39
9.29140874165127	-1.98501664137463	39
9.29820456292792	-1.99311740901827	39
9.30500119541078	-2.00122560139666	39
9.31179863909983	-2.0093412185098	39
9.31859689399509	-2.0174642603577	39
9.32539596009654	-2.02559472694036	39
9.3321958374042	-2.03373261825777	39
9.33899652591806	-2.04187793430993	39
9.34579802563812	-2.05003067509685	39
9.35260033656438	-2.05819084061853	39
9.35940345869684	-2.06635843087496	39
9.3662073920355	-2.07453344586614	39
9.37301213658036	-2.08271588559208	39
9.37981769233142	-2.09090575005277	39
9.38662405928868	-2.09910303924822	39
9.39343123745215	-2.10730775317843	39
9.40023922682181	-2.11551989184339	39
9.40704802739768	-2.1237394552431	39
9.41385763917975	-2.13196644337757	39
9.42066806216801	-2.14020085624679	39
9.42747929636248	-2.14844269385077	39
9.43429134176315	-2.15669195618951	39
9.44110419837002	-2.164948643263	39
9.44791786618309	-2.17321275507124	39
9.45473234520236	-2.18148429161424	39
9.46154763542784	-2.18976325289199	39
9.46836373685951	-2.1980496389045	39
9.47518064949738	-2.20634344965177	39
9.48199837334146	-2.21464468513379	39
9.48881690839173	-2.22295334535056	39
9.49563625464821	-2.23126943030209	39
9.50245641211089	-2.23959293998837	39
9.50927738077977	-2.24792387440941	39
9.51609916065484	-2.25626223356521	39
9.52292175173612	-2.26460801745575	39
9.5297451540236	-2.27296122608106	39
9.53656936751729	-2.28132185944112	39
9.54339439221717	-2.28968991753593	39
9.55022022812325	-2.2980654003655	39
9.55704687523554	-2.30644830792982	39
9.56387433355402	-2.3148386402289	39
9.57070260307871	-2.32323639726274	39
9.57753168380959	-2.33164157903132	39
9.58436157574668	-2.34005418553467	39
9.59119227888997	-2.34847421677277	39
9.59802379323946	-2.35690167274562	39
9.60485611879514	-2.36533655345323	39
9.61168925555704	-2.37377885889559	39
9.61852320352513	-2.38222858907271	39
9.62535796269942	-2.39068574398458	39
9.63219353307991	-2.39915032363121	39
9.63902991466661	-2.4076223280126	39
9.6458671074595	-2.41610175712873	39
9.6527051114586	-2.42458861097963	39
9.65954392666389	-2.43308288956528	39
9.66638355307539	-2.44158459288568	39
9.67322399069309	-2.45009372094084	39
9.68006523951699	-2.45861027373075	39
9.68690729954709	-2.46713425125542	39
9.69375017078339	-2.47566565351484	39
9.70059385322589	-2.48420448050902	39
9.70743834687459	-2.49275073223795	39
9.71428365172949	-2.50130440870164	39
9.7211297677906	-2.50986550990009	39
9.7279766950579	-2.51843403583328	39
9.73482443353141	-2.52700998650124	39
9.74167298321111	-2.53559336190395	39
9.74852234409702	-2.54418416204141	39
9.75537251618913	-2.55278238691363	39
9.76222349948744	-2.5613880365206	39
9.76907529399194	-2.57000111086233	39
9.77592789970265	-2.57862160993881	39
9.78278131661957	-2.58724953375005	39
9.78963554474268	-2.59588488229604	39
9.79649058407199	-2.60452765557679	39
9.8033464346075	-2.61317785359229	39
9.81020309634922	-2.62183547634255	39
9.81706056929714	-2.63050052382756	39
9.82391885345125	-2.63917299604733	39
9.83077794881157	-2.64785289300185	39
9.83763785537808	-2.65654021469113	39
9.8444985731508	-2.66523496111516	39
9.85136010212972	-2.67393713227395	39
9.85822244231484	-2.68264672816749	39
9.86508559370616	-2.69136374879579	39
9.87194955630368	-2.70008819415884	39
9.87881433010741	-2.70882006425665	39
9.88567991511733	-2.71755935908922	39
9.89254631133345	-2.72630607865653	39
9.89941351875578	-2.73506022295861	39
9.90628153738431	-2.74382179199543	39
9.91315036721903	-2.75259078576702	39
9.92002000825996	-2.76136720427335	39
9.92689046050709	-2.77015104751445	39
9.93376172396042	-2.77894231549029	39
9.94063379861995	-2.7877410082009	39
9.94750668448568	-2.79654712564625	39
9.95438038155761	-2.80536066782637	39
9.96125488983574	-2.81418163474123	39
9.96813020932008	-2.82301002639086	39
9.97500634001061	-2.83184584277523	39
9.98188328190735	-2.84068908389437	39
9.98876103501028	-2.84953974974825	39
9.99563959931942	-2.8583978403369	39
10.0025189748348	-2.86726335566029	39
10.0093991615563	-2.87613629571844	39
10.016280159484	-2.88501666051135	39
10.023161968618	-2.89390445003901	39
10.0300445889581	-2.90279966430143	39
10.0369280205045	-2.9117023032986	39
10.043812263257	-2.92061236703053	39
10.0506973172157	-2.92952985549721	39
10.0575831823807	-2.93845476869865	39
10.0644698587518	-2.94738710663484	39
10.0713573463292	-2.95632686930579	39
10.0782456451127	-2.96527405671149	39
10.0851347551025	-2.97422866885195	39
10.0920246762984	-2.98319070572716	39
10.0989154087006	-2.99216016733712	39
10.1058069523089	-3.00113705368185	39
10.1126993071235	-3.01012136476132	39
10.1195924731442	-3.01911310057556	39
10.1264864503712	-3.02811226112454	39
10.1333812388043	-3.03711884640829	39
10.1402768384437	-3.04613285642678	39
10.1471732492892	-3.05515429118003	39
10.154070471341	-3.06418315066804	39
10.1609685045989	-3.0732194348908	39
10.1678673490631	-3.08226314384832	39
10.1747670047335	-3.09131427754059	39
10.18166747161	-3.10037283596762	39
10.1885687496928	-3.1094388191294	39
10.1954708389817	-3.11851222702594	39
10.2023737394769	-3.12759305965723	39
10.2092774511783	-3.13668131702327	39
10.2161819740858	-3.14577699912407	39
10.2230873081996	-3.15488010595963	39
10.2299934535195	-3.16399063752994	39
10.2369004100457	-3.17310859383501	39
10.2438081777781	-3.18223397487483	39
10.2507167567166	-3.19136678064941	39
10.2576261468614	-3.20050701115874	39
10.2645363482124	-3.20965466640282	39
10.2714473607696	-3.21880974638167	39
10.2783591845329	-3.22797225109526	39
10.2852718195025	-3.23714218054361	39
10.2921852656783	-3.24631953472672	39
10.2990995230602	-3.25550431364458	39
10.3060145916484	-3.2646965172972	39
10.3129304714428	-3.27389614568457	39
10.3198471624434	-3.28310319880669	39
10.3267646646501	-3.29231767666358	39
10.3336829780631	-3.30153957925521	39
10.3406021026823	-3.3107689065816	39
10.3475220385077	-3.32000565864275	39
10.3544427855392	-3.32924983543865	39
10.361364343777	-3.33850143696931	39
10.368286713221	-3.34776046323472	39
10.3752098938712	-3.35702691423488	39
10.3821338857276	-3.3663007899698	39
10.3890586887902	-3.37558209043948	39
10.3959843030589	-3.38487081564391	39
10.4029107285339	-3.3941669655831	39
10.4098379652151	-3.40347054025704	39
10.4167660131025	-3.41278153966573	39
10.4236948721961	-3.42209996380918	39
10.4306245424959	-3.43142581268739	39
10.4375550240019	-3.44075908630035	39
10.4444863167141	-3.45009978464807	39
10.4514184206324	-3.45944790773054	39
10.458351335757	-3.46880345554776	39
10.4652850620878	-3.47816642809974	39
10.4722195996248	-3.48753682538648	39
10.479154948368	-3.49691464740797	39
10.4860911083174	-3.50629989416422	39
10.493028079473	-3.51569256565522	39
10.4999658618348	-3.52509266188097	39
10.5069044554028	-3.53450018284148	39
10.513843860177	-3.54391512853675	39
10.5207840761574	-3.55333749896677	39
10.527725103344	-3.56276729413154	39
10.5346669417368	-3.57220451403107	39
10.5416095913358	-3.58164915866536	39
10.548553052141	-3.5911012280344	39
10.5554973241524	-3.6005607221382	39
10.56244240737	-3.61002764097675	39
10.5693883017938	-3.61950198455005	39
10.5763350074238	-3.62898375285811	39
10.58328252426	-3.63847294590093	39
10.5902308523024	-3.6479695636785	39
10.597179991551	-3.65747360619082	39
10.6041299420058	-3.6669850734379	39
10.6110807036669	-3.67650396541974	39
10.6180322765341	-3.68603028213633	39
10.6249846606075	-3.69556402358767	39
10.6319378558871	-3.70510518977377	39
10.6388918623729	-3.71465378069463	39
10.6458466800649	-3.72420979635024	39
10.6528023089631	-3.7337732367406	39
10.6597587490676	-3.74334410186573	39
10.6667160003782	-3.7529223917256	39
10.673674062895	-3.76250810632023	39
10.680632936618	-3.77210124564961	39
10.6875926215472	-3.78170180971375	39
10.6945531176826	-3.79130979851265	39
10.7015144250243	-3.8009252120463	39
10.7084765435721	-3.8105480503147	39
10.7154394733261	-3.82017831331786	39
10.7224032142863	-3.82981600105578	39
10.7293677664527	-3.83946111352845	39
10.7363331298254	-3.84911365073587	39
10.7432993044042	-3.85877361267805	39
10.7502662901892	-3.86844099935499	39
10.7572340871805	-3.87811581076668	39
10.7642026953779	-3.88779804691312	39
10.7711721147815	-3.89748770779432	39
10.7781423453913	-3.90718479341028	39
10.7851133872074	-3.91688930376099	39
10.7920852402296	-3.92660123884645	39
10.799057904458	-3.93632059866667	39
10.8060313798927	-3.94604738322165	39
10.8130056665335	-3.95578159251138	39
10.8199807643805	-3.96552322653586	39
10.8269566734338	-3.9752722852951	39
10.8339333936932	-3.98502876878909	39
10.8409109251588	-3.99479267701784	39
10.8478892678307	-4.00456400998135	39
10.8548684217087	-4.01434276767961	39
10.861848386793	-4.02412895011262	39
10.8688291630834	-4.03392255728039	39
10.87581075058	-4.04372358918292	39
10.8827931492829	-4.05353204582019	39
10.8897763591919	-4.06334792719223	39
10.8967603803072	-4.07317123329902	39
10.9037452126286	-4.08300196414056	39
10.9107308561563	-4.09284011971686	39
10.9173637937546	-4.10200038306647	39
10.9241682096989	-4.11103399859264	39
10.9311416864125	-4.1199377566948	39
10.9382817462525	-4.12870849391008	39
10.9455858523894	-4.13734309403733	39
10.9530514097093	-4.14583848924422	39
10.9606757657351	-4.15419166115729	39
10.9684562115694	-4.16239964193434	39
10.976389982857	-4.17045951531887	39
10.9844742607665	-4.17836841767626	39
10.9927061729926	-4.18612353901116	39
11.0010827947761	-4.19372212396588	39
11.0096011499431	-4.20116147279936	39
11.0182582119626	-4.2084389423464	39
11.0270509050217	-4.21555194695671	39
11.0359761051184	-4.22249795941363	39
11.0450306411716	-4.229274511832	39
11.0542112961477	-4.23587919653502	39
11.0635148082038	-4.24230966690966	39
11.0729378718464	-4.24856363824041	39
11.0824771391057	-4.25463888852105	39
11.0921292207256	-4.26053325924407	39
11.1018906873674	-4.26624465616763	39
11.1117580708285	-4.27177105005959	39
11.1217278652746	-4.27711047741851	39
11.1317965284851	-4.28226104117129	39
11.1419604831119	-4.28722091134714	39
11.1522161179504	-4.2919883257278	39
11.1625597892223	-4.29656159047366	39
11.1729878218705	-4.30093908072552	39
11.1834965108647	-4.30511924118193	39
11.1940821225177	-4.3091005866518	39
11.204740895812	-4.31288170258203	39
11.2154690437363	-4.31646124556014	39
11.2262627546306	-4.31983794379156	39
11.237118193541	-4.32301059755148	39
11.2480315035817	-4.32597807961112	39
11.2589988073055	-4.32873933563824	39
11.2700162080817	-4.33129338457172	39
11.2810797914802	-4.33363931897015	39
11.2921856266625	-4.33577630533418	39
11.3033297677783	-4.33770358440276	39
11.3145082553674	-4.33942047142279	39
11.3257171177662	-4.3409263563925	39
11.3369523725193	-4.34222070427813	39
11.3482100277943	-4.34330305520404	39
11.3594860837999	-4.3441730246161	39
11.3707765342069	-4.34483030341831	39
11.3820773675722	-4.34527465808265	39
11.3933845687634	-4.34550593073202	39
11.4046941203859	-4.34552403919636	39
11.4160020042097	-4.3453289770418	39
11.4273042025976	-4.34492081357301	39
11.4385966999324	-4.34429969380853	39
11.4498754840435	-4.34346583842923	39
11.4611365476325	-4.34241954369999	39
11.4723758896973	-4.34116118136432	39
11.4835895169532	-4.33969119851237	39
11.4947734452516	-4.33801011742205	39
11.5059237009963	-4.33611853537347	39
11.5170363225543	-4.33401712443673	39
11.5281073616643	-4.33170663123312	39
11.5391328848386	-4.32918787666987	39
11.5501089747614	-4.3264617556485	39
11.5610317316803	-4.32352923674681	39
11.5718972747917	-4.32039136187481	39
11.5827017436198	-4.3170492459045	39
11.5934412993884	-4.31350407627377	39
11.6041121263844	-4.30975711256451	39
11.6147104333139	-4.30580968605509	39
11.6252324546487	-4.30166319924734	39
11.6356744519649	-4.29731912536829	39
11.6460327152704	-4.2927790078467	39
11.6563035643238	-4.2880444597647	39
11.6664833499412	-4.2831171632847	39
11.6765684552932	-4.27799886905165	39
11.68655529719	-4.27269139557114	39
11.6964403273541	-4.26719662856322	39
11.7062200336815	-4.26151652029244	39
11.715890941489	-4.25565308887423	39
11.7254496147492	-4.24960841755784	39
11.7348926573109	-4.24338465398622	39
11.7442167141061	-4.23698400943293	39
11.7534184723418	-4.23040875801649	39
11.7624946626771	-4.22366123589244	39
11.7714420603848	-4.21674384042324	39
11.7802574864971	-4.20965902932658	39
11.7889378089352	-4.2024093198021	39
11.7974799436216	-4.19499728763706	39
11.8058808555768	-4.18742556629122	39
11.8141375599966	-4.17969684596111	39
11.8222471233134	-4.17181387262426	39
11.8302066642378	-4.16377944706356	39
11.8380133547828	-4.15559642387215	39
11.8456644212686	-4.14726771043922	39
11.8531571453076	-4.13879626591699	39
11.8604888647706	-4.13018510016935	39
11.8676569747326	-4.1214372727025	39
11.8746589283983	-4.11255589157787	39
11.8814922380069	-4.1035441123079	39
11.888154475716	-4.09440513673485	39
11.8946432744643	-4.08514221189322	39
11.9009563288125	-4.07575862885611	39
11.9070913957624	-4.06625772156588	39
11.913046295554	-4.05664286564965	39
11.9188189124397	-4.04691747721995	39
11.9244071954362	-4.03708501166098	39
11.9298091590532	-4.02714896240094	39
11.9350228839987	-4.01711285967081	39
11.9400465178612	-4.00698026925011	39
11.9448782757673	-3.99675479119997	39
11.9495164410166	-3.98644005858404	39
11.9539593656909	-3.97603973617771	39
11.9582054712404	-3.96555751916602	39
11.9622532490439	-3.95499713183074	39
11.9661012609452	-3.94436232622722	39
11.9697481397641	-3.93365688085126	39
11.9731925897819	-3.9228845992966	39
11.9764333872018	-3.91204930890361	39
11.979469380584	-3.90115485939936	39
11.9822994912545	-3.89020512152988	39
11.9849227136885	-3.87920398568491	39
11.9873381158674	-3.86815536051562	39
11.9895448396105	-3.85706317154593	39
11.9915421008792	-3.84593135977777	39
11.9933291900562	-3.83476388029084	39
11.9949054721972	-3.82356470083743	39
11.9962703872566	-3.81233780043269	39
11.9974234502867	-3.80108716794085	39
11.9983642516095	-3.78981680065809	39
11.9990924569629	-3.77853070289222	39
11.9996078076191	-3.76723288454004	39
11.9999101204762	-3.75592735966263	39
11.9999992881242	-3.74461814505912	39
11.999875278882	-3.73330925883963	39
11.9995381368096	-3.72200471899758	39
11.998987981692	-3.71070854198215	39
11.9982250089966	-3.69942474127123	39
11.997249489804	-3.6881573259455	39
11.9960617707116	-3.67691029926397	39
11.9946622737103	-3.66568765724167	39
11.9930514960347	-3.65449338722986	39
11.9912300099864	-3.64333146649938	39
11.9891984627308	-3.63220586082752	39
11.9869575760669	-3.621120523089	39
11.9845081461712	-3.61007939185152	39
11.9818510433142	-3.59908638997645	39
11.9789872115522	-3.58814542322501	39
11.9759176683908	-3.57726037887059	39
11.9726435044241	-3.56643512431761	39
11.969165882947	-3.55567350572747	39
11.9654860395418	-3.54497934665202	39
11.9616052816395	-3.53435644667505	39
11.9575249880547	-3.52380858006235	39
11.9532466084964	-3.51333949442069	39
11.9487716630524	-3.50295290936635	39
11.9441017416496	-3.49265251520355	39
11.9392385034887	-3.48244197161329	39
11.9341836764553	-3.47232490635308	39
11.9289390565051	-3.46230491396805	39
11.9235065070268	-3.45238555451376	39
11.9178879581793	-3.44257035229141	39
11.9120854062063	-3.4328627945956	39
11.9061009127267	-3.42326633047537	39
11.8999366040028	-3.41378436950872	39
11.8935946701839	-3.40442028059123	39
11.8627006479727	-3.36080148194234	39
11.8361177538154	-3.32333811840218	39
11.8095819850041	-3.28594128189519	39
11.7830942512506	-3.24861225309023	39
11.7566554557801	-3.21135230352151	39
11.730266495332	-3.17416269558867	39
11.7039282601593	-3.13704468255678	39
11.6776416340287	-3.09999950855625	39
11.6514074942208	-3.06302840858292	39
11.6252267115301	-3.02613260849806	39
11.5991001502646	-2.9893133250283	39
11.5730286682463	-2.95257176576568	39
11.547013116811	-2.91590912916766	39
11.521054340808	-2.8793266045571	39
11.4951531786007	-2.84282537212224	39
11.4693104620663	-2.80640660291674	39
11.4435270165954	-2.77007145885964	39
11.4178036610928	-2.73382109273543	39
11.3921412079769	-2.69765664819394	39
11.36654046318	-2.66157925975045	39
11.3410022261479	-2.62559005278562	39
11.3155272898405	-2.58969014354551	39
11.2901164407313	-2.55388063914159	39
11.2647704588078	-2.51816263755072	39
11.2394901175709	-2.48253722761519	39
11.2142761840357	-2.44700548904265	39
11.1891294187309	-2.41156849240619	39
11.1640505756988	-2.37622729914428	39
11.1390404024959	-2.34098296156079	39
11.1140996401921	-2.30583652282501	39
11.0892290233712	-2.27078901697161	39
11.064429280131	-2.23584146890068	39
11.0397011320828	-2.20099489437771	39
11.0150452943518	-2.16625030003358	39
10.990462475577	-2.13160868336456	39
10.9659533779111	-2.09707103273236	39
10.9415186970207	-2.06263832736408	39
10.9171591220861	-2.02831153735218	39
10.8928753358014	-1.99409162365458	39
10.8686680143746	-1.95997953809457	39
10.8445378275272	-1.92597622336086	39
10.8204854384948	-1.89208261300752	39
10.7965115040266	-1.85829963145407	39
10.7726166743857	-1.82462819398541	39
10.7488015933489	-1.79106920675185	39
10.7250668982067	-1.75762356676909	39
10.7014132197636	-1.72429216191824	39
10.6778411823377	-1.69107587094582	39
10.654351403761	-1.65797556346373	39
10.6309444953793	-1.62499209994928	39
10.607621062052	-1.59212633174519	39
10.5843817021524	-1.55937910105959	39
10.5612270075677	-1.52675124096597	39
10.5381575636988	-1.49424357540328	39
10.5151739494603	-1.46185691917583	39
10.4922767372806	-1.42959207795334	39
10.469466493102	-1.39744984827093	39
10.4467437763804	-1.36543101752914	39
10.4241091400858	-1.3335363639939	39
10.4015631307017	-1.30176665679654	39
10.3791062882254	-1.27012265593378	39
10.3567391461681	-1.23860511226776	39
10.3344622315547	-1.20721476752603	39
10.312276064924	-1.1759523543015	39
10.2901811603285	-1.14481859605254	39
10.2681780253344	-1.11381420710286	39
10.2462671610219	-1.08293989264164	39
10.2244490619847	-1.05219634872339	39
10.2027242163306	-1.02158426226807	39
10.1810931056809	-0.991104311061034	39
10.159556205171	-0.960757163753026	39
10.1381139834497	-0.930543479860193	39
10.1167669026798	-0.900463909764094	39
10.095515418538	-0.870519094711686	39
10.0743599802145	-0.840709666815322	39
10.0533010304136	-0.811036249052756	39
10.032339005353	-0.781499455267153	39
10.0114743347646	-0.752099890167079	39
9.99070744189386	-0.72283814932649	39
9.97003874349995	-0.693714819184757	39
9.94946864985599	-0.66473047704664	39
9.92899756474881	-0.635885691082318	39
9.90862588547903	-0.60718102032735	39
9.88835400286108	-0.578617014682715	39
9.86818230122312	-0.550194214914786	39
9.84811115840717	-0.521913152655342	39
9.82814094576896	-0.493774350401557	39
9.80827202817805	-0.465778321516007	39
9.78850476401777	-0.437925570226679	39
9.76883950518523	-0.410216591626949	39
9.74927659709133	-0.382651871675604	39
9.72981637866076	-0.355231887196831	39
9.710459182332	-0.327957105880227	39
9.69120533405727	-0.300827986280763	39
9.67205515330264	-0.27384497781884	39
9.65300895304791	-0.24700852078025	39
9.6340670397867	-0.220319046316192	39
9.61522971352639	-0.193776976443254	39
9.59649726778817	-0.167382724043439	39
9.57786998960698	-0.141136692864151	39
9.55934815953158	-0.115039277518187	39
9.54093205162449	-0.0890908634837455	39
9.52262193346202	-0.0632918271044374	39
9.50441806613427	-0.0376425355892716	39
9.48632070424512	-0.0121433470126502	39
9.46833009591224	0.0132053896856101	39
9.45044648276707	0.0384033347003041	39
9.43267009995485	0.0634501573608102	39
9.4150011761346	0.0883455361311212	39
9.39743993347913	0.113089158609816	39
9.379986587675	0.137680721530076	39
9.36264134792262	0.162119930759677	39
9.34540441693611	0.186406501301001	39
9.32827599094344	0.210540157291024	39
9.31125625968631	0.234520632001321	39
9.29434540642025	0.258347667838059	39
9.27754360791454	0.282021016342016	39
9.26085103445225	0.305540438188555	39
9.24426784983027	0.328905703187642	39
9.22779421135922	0.352116590283853	39
9.21143026986355	0.375172887556343	39
9.19517616968146	0.398074392218878	39
9.17903204866496	0.420820910619813	39
9.16299803817983	0.443412258242113	39
9.14707426310563	0.465848259703332	39
9.13126084183573	0.488128748755623	39
9.11555788627726	0.510253568285743	39
9.09996550185113	0.532222570315044	39
9.08448378749206	0.554035615999476	39
9.06911283564854	0.575692575629586	39
9.05385273228283	0.597193328630516	39
9.03870355687101	0.61853776356202	39
9.02366538240292	0.639725778118431	39
9.00873827538217	0.660757279128697	39
8.99392229582618	0.681632182556362	39
8.97921749726615	0.702350413499556	39
8.96462392674706	0.722911906191017	39
8.95014162482768	0.743316603998079	39
8.93577062558055	0.763564459422675	39
8.92151095659201	0.783655434101339	39
8.90736263896218	0.803589498805199	39
8.89332568730496	0.82336663343998	39
8.87940010974803	0.842986827046009	39
8.86558590793286	0.862450077798214	39
8.85188307701473	0.881756393006112	39
8.83829160566266	0.90090578911382	39
8.82481147605947	0.919898291700068	39
8.81144266390178	0.93873393547817	39
8.79818513839999	0.957412764296033	39
8.78503886227826	0.975934831136182	39
8.77200379177456	0.994300198115723	39
8.75907987664063	1.01250893648636	39
8.74626706014202	1.03056112663442	39
8.73356527905802	1.04845685808079	39
8.72097446368175	1.06619622948099	39
8.70849453782008	1.08377934862511	39
8.69612541879369	1.10120633243786	39
8.68386701743701	1.11847730697855	39
8.67171923809831	1.13559240744105	39
8.65968197863958	1.15255177815388	39
8.64775513043665	1.16935557258013	39
8.63593857837909	1.18600395331749	39
8.62423220087029	1.20249709209825	39
8.61263586982741	1.2188351697893	39
8.60114945068138	1.23501837639213	39
8.58977280237693	1.25104691104283	39
8.57850577737257	1.26692098201208	39
8.56734822164061	1.28264080670516	39
8.55629997466712	1.29820661166195	39
8.54536086945197	1.31361863255694	39
8.5345307325088	1.32887711419919	39
8.52380938386505	1.34398231053239	39
8.51319663706194	1.35893448463481	39
8.50269229915447	1.37373390871932	39
8.49229617071143	1.3883808641334	39
8.48200804581539	1.40287564135911	39
8.47182771206269	1.41721854001311	39
8.4617549505635	1.43140986884668	39
8.45178953594172	1.44544994574567	39
8.44193123633507	1.45933909773055	39
8.43217981339503	1.47307766095639	39
8.4225350222869	1.48666598071283	39
8.41299661168972	1.50010441142413	39
8.40356432379635	1.51339331664916	39
8.39423789431341	1.52653306908136	39
8.38501705246132	1.53952405054878	39
8.37590152097429	1.55236665201407	39
8.36689101610028	1.56506127357449	39
8.35798524760108	1.57760832446187	39
8.34918391875223	1.59000822304267	39
8.34048672634307	1.60226139681792	39
8.33189336067672	1.61436828242328	39
8.32340350557008	1.62632932562896	39
8.31501683835385	1.63814498133982	39
8.30673302987251	1.64981571359529	39
8.29855174448429	1.66134199556941	39
8.29047264006127	1.6727243095708	39
8.28249536798925	1.6839631470427	39
8.27461957316785	1.69505900856293	39
8.26684489401047	1.70601240384393	39
8.25917096244429	1.71682385173272	39
8.25159740391026	1.72749388021092	39
8.24412383736315	1.73802302639476	39
8.23674987527148	1.74841183653505	39
8.22947512361758	1.75866086601722	39
8.22229918189753	1.76877067936128	39
8.21522164312124	1.77874185022185	39
8.20824209381237	1.78857496138813	39
8.20136011400838	1.79827060478395	39
8.1945752772605	1.80782938146771	39
8.18788715063376	1.81725190163242	39
8.18129529470698	1.82653878460569	39
8.17479926357274	1.83569065884971	39
8.16839860483741	1.84470816196131	39
8.16209285962116	1.85359194067187	39
8.15588156255795	1.86234265084739	39
8.14976424179548	1.87096095748848	39
8.14374041899529	1.87944753473033	39
8.13780960933267	1.88780306584274	39
8.13197132149671	1.89602824323009	39
8.12057031362999	1.91209035212019	39
8.10953333518349	1.92763958332776	39
8.09885622216613	1.94268180493347	39
8.08853470680734	1.95722303117156	39
8.07856441755714	1.97126942242987	39
8.06894087908608	1.9848272852498	39
8.05965951228526	1.9979030723263	39
8.05071563426634	2.01050338250793	39
8.04210445836153	2.0226349607968	39
8.03382109412356	2.03430469834859	39
8.02586054732575	2.04551963247256	39
8.01821771996195	2.05628694663155	39
8.01088741024656	2.06661397044195	39
8.00386431261454	2.07650817967374	39
7.99714301772138	2.08597719625048	39
7.99071801244315	2.09502878824927	39
7.98458367987644	2.10367086990082	39
7.9787342993384	2.11191150158939	39
7.97048174419665	2.12353772220704	39
7.96283710637612	2.13430749302344	39
7.95577976511355	2.14424986759164	39
7.9492885742622	2.15339463936715	39
7.94334186229185	2.16177234170792	39
7.93622143943778	2.17180355149412	39
7.92997538950217	2.18060293980882	39
7.92331235733093	2.18998975980693	39
7.91684633746407	2.19909902236979	39
7.91048713690376	2.20805779399387	39
7.90446403555519	2.21654307186362	39
7.89853851146812	2.22489088397753	39
7.89256982492682	2.23329567031396	39
7.88655353992166	2.24173402325181	39
7.88044418939949	2.25025097269064	39
7.87369471833472	2.25959710993859	39
7.86773692719812	2.26779349400538	39
7.86095226978789	2.2770691794655	39
7.8546290730601	2.28566081169354	39
7.84766570456691	2.29506584862668	39
7.84161442120401	2.30319310728448	39
7.83511994549141	2.3118701593962	39
7.82816770537547	2.32110874838887	39
7.82074331656263	2.33091986380412	39
7.81283258251944	2.34131374129821	39
7.80657193371754	2.3494973192551	39
7.80002399129663	2.35801777167033	39
7.79318297402378	2.36687858184218	39
7.78604316007455	2.37608299453492	39
7.77859888703295	2.38563401597875	39
7.77084455189148	2.3955344138698	39
7.7627746110511	2.40578671737019	39
7.75438358032124	2.41639321710795	39
7.7456660349198	2.42735596517709	39
7.73661660947313	2.43867677513756	39
7.72722999801607	2.45035722201525	39
7.72078233814638	2.45834465469991	39
7.7141809449357	2.46649286201922	39
7.70742429025247	2.47480213395562	39
7.70051085770013	2.48327271337375	39
7.69343914261716	2.49190479602036	39
7.68620765207701	2.5006985305244	39
7.67881490488815	2.50965401839697	39
7.67125943159406	2.51877131403134	39
7.66353977447322	2.52805042470294	39
7.65565448753912	2.53749131056935	39
7.64760213654026	2.54709388467033	39
7.63938129896012	2.5568580129278	39
7.63099056401723	2.56678351414583	39
7.6224285326651	2.57687016001068	39
7.61369381759223	2.58711767509073	39
7.60478504322216	2.59752573683657	39
7.59570084571342	2.60809397558093	39
7.58643987295954	2.61882197453869	39
7.57700078458907	2.62970926980692	39
7.56738225196555	2.64075535036483	39
7.55758295818755	2.65195965807381	39
7.54760159808862	2.66332158767741	39
7.53743687823733	2.67484048680132	39
7.52708751693726	2.68651565595343	39
7.51655224422698	2.69834634852377	39
7.50582980188008	2.71033177078453	39
7.49491894340515	2.72247108189008	39
7.48381843404579	2.73476339387694	39
7.4725270507806	2.74720777166379	39
7.46104358232319	2.75980323305149	39
7.44936682912219	2.77254874872304	39
7.4374956033612	2.78544324224362	39
7.42542872895887	2.79848559006056	39
7.41316504156882	2.81167462150338	39
7.4007033885797	2.82500911878372	39
7.38804262911515	2.83848781699542	39
7.37518163403382	2.85210940411447	39
7.36211928592938	2.86587252099901	39
7.34885447913048	2.87977576138937	39
7.33538611970081	2.89381767190801	39
7.32171312543903	2.90799675205959	39
7.30783442587883	2.9223114542309	39
7.30081760529989	2.92951916706105	39
7.29374896228889	2.93676018369091	39
7.28662836633804	2.94403429741695	39
7.27945568767293	2.95134129859076	39
7.27223079725263	2.95868097461906	39
7.26495356676963	2.96605310996372	39
7.25762386864986	2.97345748614174	39
7.2502415760527	2.98089388172526	39
7.24280656287095	2.98836207234154	39
7.23531870373086	2.995861830673	39
7.22777787399211	3.00339292645716	39
7.22018394974783	3.01095512648671	39
7.21253680782456	3.01854819460945	39
7.20483632578232	3.02617189172834	39
7.19708238191454	3.03382597580145	39
7.18927485524809	3.041510201842	39
7.18141362554327	3.04922432191834	39
7.17349857329386	3.05696808515395	39
7.16552957972701	3.06474123772746	39
7.15750652680337	3.07254352287263	39
7.14942929721699	3.08037468087835	39
7.14129777439538	3.08823444908864	39
7.13311184249947	3.09612256190266	39
7.12487138642364	3.10403875077472	39
7.11657629179571	3.11198274421425	39
7.10822644497692	3.11995426778581	39
7.09982173306197	3.12795304410911	39
7.09136204387898	3.13597879285899	39
7.08284726598953	3.14403123076541	39
7.07427728868861	3.15211007161349	39
7.06565200200466	3.16021502624348	39
7.05697129669957	3.16834580255074	39
7.04823506426865	3.17650210548581	39
7.03944319694066	3.18468363705431	39
7.03059558767779	3.19289009631704	39
7.02169213017567	3.20112117938993	39
7.01273271886337	3.20937657944401	39
7.00371724890339	3.21765598670549	39
6.99464561619169	3.22595908845569	39
6.98551771735764	3.23428556903107	39
6.97633344976407	3.24263510982323	39
6.96709271150723	3.25100738927888	39
6.95779540141682	3.25940208289992	39
6.94844141905597	3.26781886324332	39
6.93903066472125	3.27625739992123	39
6.92956303944268	3.28471735960093	39
6.9200384449837	3.29319840600481	39
6.9104567838412	3.30170019991042	39
6.90081795924549	3.31022239915043	39
6.89112187516035	3.31876465861267	39
6.88136843628297	3.32732663024007	39
6.87155754804399	3.33590796303072	39
6.86168911660748	3.34450830303784	39
6.85176304887096	3.35312729336977	39
6.84177925246537	3.36176457419001	39
6.83173763575511	3.37041978271719	39
6.821638107838	3.37909255322505	39
6.81148057854531	3.3877825170425	39
6.80126495844173	3.39648930255355	39
6.79099115882541	3.40521253519739	39
6.78065909172793	3.4139518374683	39
6.7702686699143	3.42270682891571	39
6.75981980688297	3.43147712614421	39
6.74931241686584	3.44026234281349	39
6.73874641482824	3.4490620896384	39
6.72812171646893	3.4578759743889	39
6.71743823822012	3.46670360189011	39
6.70669589724746	3.47554457402228	39
6.69589461145001	3.48439848972078	39
6.68503429946031	3.49326494497614	39
6.67411488064431	3.50214353283399	39
6.6631362751014	3.51103384339514	39
6.65209840366442	3.51993546381549	39
6.64100118789963	3.52884797830611	39
6.62984455010675	3.53777096813319	39
6.61862841331892	3.54670401161806	39
6.60735270130272	3.55564668413717	39
6.59601733855818	3.56459855812212	39
6.58462225031876	3.57355920305966	39
6.57316736255135	3.58252818549163	39
6.56165260195629	3.59150506901506	39
6.55007789596736	3.60048941428207	39
6.53844317275176	3.60948077899994	39
6.52674836121014	3.61847871793108	39
6.5149933909766	3.62748278289302	39
6.50317819241865	3.63649252275846	39
6.49130269663726	3.6455074834552	39
6.47936683546683	3.65452720796619	39
6.46737054147519	3.66355123632952	39
6.45531374796364	3.6725791056384	39
6.44319638896687	3.6816103500412	39
6.43101839925304	3.69064450074139	39
6.41877971432375	3.69968108599762	39
6.40648027041401	3.70871963112362	39
6.3941200044923	3.71775965848831	39
6.38169885426052	3.72680068751571	39
6.36921675815401	3.73584223468499	39
6.35667365534155	3.74488381353045	39
6.34406948572535	3.75392493464152	39
6.33140418994108	3.76296510566277	39
6.31867770935783	3.77200383129392	39
6.30588998607812	3.7810406132898	39
6.29304096293794	3.79007495046039	39
6.28013058350667	3.79910633867081	39
6.26715879208717	3.80813427084129	39
6.25412553371572	3.81715823694723	39
6.24103075416205	3.82617772401913	39
6.2278743999293	3.83519221614266	39
6.21465641825408	3.8442011944586	39
6.20137675710642	3.85320413716287	39
6.18803536518979	3.86220051950654	39
6.1746321919411	3.87118981379578	39
6.1611671875307	3.88017148939195	39
6.14764030286237	3.88914501271148	39
6.13405148957335	3.898109847226	39
6.12040070003428	3.90706545346223	39
6.10668788734927	3.91601128900203	39
6.09291300535586	3.92494680848242	39
6.07907600862502	3.93387146359554	39
6.06517685246116	3.94278470308865	39
6.05121549290214	3.95168597276417	39
6.03719188671925	3.96057471547964	39
6.0231059914172	3.96945037114776	39
6.00895776523417	3.97831237673632	39
5.99474716714175	3.98716016626828	39
5.980474156845	3.99599317082173	39
5.96613869478237	4.00481081852989	39
5.9517407421258	4.01361253458111	39
5.93728026078064	4.02239774121889	39
5.92275721338567	4.03116585774185	39
5.90817156331313	4.03991630050375	39
5.89352327466868	4.0486484829135	39
5.87881231229143	4.05736181543512	39
5.86403864175392	4.06605570558778	39
5.84920222936214	4.07472955794578	39
5.8343030421555	4.08338277413857	39
5.81934104790686	4.09201475285071	39
5.80431621512252	4.10062488982191	39
5.7892285130422	4.10921257784702	39
5.77407791163908	4.11777720677601	39
5.75886438161976	4.12631816351401	39
5.7435878944243	4.13483483202125	39
5.72824842222617	4.14332659331312	39
5.71284593793231	4.15179282546014	39
5.69738041518306	4.16023290358796	39
5.68185182835223	4.16864619987738	39
5.66626015254705	4.17703208356432	39
5.65060536360819	4.18538992093983	39
5.63488743810978	4.19371907535012	39
5.61910635335935	4.20201890719652	39
5.60326208739789	4.21028877393548	39
5.58735461899983	4.21852803007862	39
5.57138392767304	4.22673602719266	39
5.55534999365881	4.23491211389948	39
5.53925279793187	4.24305563587608	39
5.52309232220042	4.2511659358546	39
5.50686854890606	4.25924235362233	39
5.49058146122384	4.26728422602167	39
5.47423104306226	4.27529088695018	39
5.45781727906325	4.28326166736052	39
5.44134015460216	4.29119589526052	39
5.4247996557878	4.29909289571313	39
5.40819576946243	4.30695199083645	39
5.3915284832017	4.31477249980369	39
5.37479778531475	4.3225537388432	39
5.35800366484412	4.33029502123849	39
5.34114611156582	4.33799565732819	39
5.32422511598927	4.34565495450604	39
5.30724066935734	4.35327221722096	39
5.29019276364634	4.36084674697698	39
5.27308139156602	4.36837784233327	39
5.25590654655955	4.37586479890413	39
5.23866822280355	4.383306909359	39
5.22136641520809	4.39070346342245	39
5.20400111941667	4.39805374787421	39
5.1865723318062	4.4053570465491	39
5.16908004948708	4.41261264033711	39
5.1515242703031	4.41981980718335	39
5.13390499283152	4.42697782208809	39
5.11622221638303	4.43408595710669	39
5.09847594100173	4.44114348134969	39
5.0806661674652	4.44814966098274	39
5.06279289728444	4.45510375922663	39
5.04485613270389	4.46200503635728	39
5.02685587670141	4.46885274970577	39
5.00879213298832	4.47564615365828	39
4.99066490600938	4.48238449965614	39
4.97247420094276	4.48906703619583	39
4.95422002370011	4.49569300882895	39
4.93590238092648	4.50226166016223	39
4.91752128000037	4.50877222985755	39
4.89907672903373	4.51522395463191	39
4.88056873687193	4.52161606825746	39
4.8619973130938	4.52794780156148	39
4.84336246801157	4.53421838242638	39
4.82466421267095	4.5404270357897	39
4.80590255885107	4.54657298364414	39
4.78707751906449	4.55265544503751	39
4.76818910655722	4.55867363607276	39
4.7492373353087	4.56462676990798	39
4.73022222003182	4.57051405675641	39
4.71114377617289	4.57633470388639	39
4.69200201991166	4.58208791562143	39
4.67279696816134	4.58777289334016	39
4.65352863856856	4.59338883547633	39
4.63419704951339	4.59893493751884	39
4.61480222010933	4.60441039201175	39
4.59534417020333	4.6098143885542	39
4.57582292037579	4.61514611380052	39
4.55623849194051	4.62040475146015	39
4.53659090694476	4.62558948229765	39
4.51688018816924	4.63069948413274	39
4.49710635912808	4.63573393184027	39
4.47726944406886	4.64069199735022	39
4.45736946797259	4.6455728496477	39
4.43740645655371	4.65037565477298	39
4.41738043626012	4.65509957582143	39
4.39729143427314	4.65974377294357	39
4.37713947850754	4.66430740334507	39
4.35692459761151	4.66878962128672	39
4.33664682096669	4.67318957808445	39
4.31630617868817	4.67750642210932	39
4.29590270162445	4.68173929878753	39
4.27543642135748	4.68588735060041	39
4.25490737020266	4.68994971708442	39
4.23431558120883	4.69392553483119	39
4.21366108815823	4.69781393748744	39
4.19294392556658	4.70161405575505	39
4.17216412868302	4.70532501739103	39
4.15132173349013	4.70894594720752	39
4.13041677670392	4.7124759670718	39
4.10944929577385	4.71591419590629	39
4.08841932888282	4.71925974968854	39
4.06732691494716	4.72251174145124	39
4.04617209361663	4.7256692812822	39
4.02495490527444	4.72873147632438	39
4.00367539103725	4.73169743077587	39
3.98233359275512	4.73456624588989	39
3.96092955301158	4.73733701997482	39
3.93946331512359	4.74000884839414	39
3.91793492314155	4.74258082356649	39
3.89634442184929	4.74505203496564	39
3.87469185676409	4.74742156912048	39
3.85297727413664	4.74968850961505	39
3.83120072095111	4.75185193708853	39
3.80936224492508	4.75391092923522	39
3.78746189450956	4.75586456080458	39
3.76549971888903	4.75771190360116	39
3.74347576798138	4.75945202648469	39
3.72139009243795	4.76108399537002	39
3.69924274364352	4.76260687322712	39
3.67703377371629	4.76401972008113	39
3.65476323550793	4.76532159301229	39
3.63243118260351	4.76651154615599	39
3.61003766932156	4.76758863070275	39
3.58758275071405	4.76855189489824	39
3.56506648256639	4.76940038404325	39
3.54248892139741	4.7701331404937	39
3.51985012445939	4.77074920366068	39
3.49715014973805	4.77124761001037	39
3.47438905595254	4.7716273930641	39
3.45156690255546	4.77188758339836	39
3.42868374973282	4.77202720864475	39
3.40573965840411	4.77204529348999	39
3.38273469022223	4.77194085967599	39
3.35966890757351	4.77171292599973	39
3.33654237357775	4.77136050831338	39
3.31335515208816	4.77088261952421	39
3.29010730769139	4.77027826959464	39
3.26679890570755	4.76954646554222	39
3.24343001219017	4.76868621143964	39
3.22000069392621	4.76769650841472	39
3.19651101843609	4.76657635465042	39
3.17296105397365	4.76532474538482	39
3.14935086952617	4.76394067291117	39
3.12568053481439	4.76242312657782	39
3.10195012029245	4.76077109278827	39
3.07815969714796	4.75898355500114	39
3.05430933730196	4.75705949373023	39
3.03039911340891	4.75499788654442	39
3.00642909885673	4.75279770806775	39
2.98239936776677	4.7504579299794	39
2.95830999499382	4.74797752101368	39
2.93416105612609	4.74535544696004	39
2.90995262748527	4.74259067066305	39
2.88568478612643	4.73968215202242	39
2.86135760983814	4.73662884799301	39
2.83697117714235	4.7334297125848	39
2.81252556729449	4.73008369686291	39
2.78802086028341	4.72658974894761	39
2.7634571368314	4.72294681401427	39
2.73883447839419	4.71915383429342	39
2.71415296716094	4.71520974907074	39
2.68941268605426	4.711113494687	39
2.66461371873019	4.70686400453815	39
2.63975614957821	4.70246020907525	39
2.61484006372124	4.69790103580451	39
2.58986554701564	4.69318540928725	39
2.56483268605119	4.68831225113995	39
2.53974156815113	4.68328048003422	39
2.51459228137213	4.67808901169681	39
2.48938491450429	4.67273675890958	39
2.46411955707117	4.66722263150956	39
2.43879629932974	4.66154553638888	39
2.41341523227043	4.65570437749485	39
2.38797644761709	4.64969805582986	39
2.36248003782701	4.64352546945148	39
2.33692609609095	4.63718551347239	39
2.31131471633306	4.63067708006042	39
2.28564599321096	4.62399905843854	39
2.25992002211569	4.61715033488482	39
2.23413689917175	4.6101297927325	39
2.20829672123705	4.60293631236995	39
2.18239958590296	4.59556877124066	39
2.15644559149427	4.58802604384329	39
2.13043483706923	4.58030700173158	39
2.10436742241951	4.57241051351445	39
2.07824344807023	4.56433544485593	39
2.05206301527993	4.55608065847521	39
2.0258262260406	4.54764501414659	39
1.99953318307767	4.53902736869953	39
1.97318398985001	4.5302265760186	39
1.94677875054992	4.52124148704351	39
1.92031757010313	4.51207094976913	39
1.89380055416883	4.50271380924544	39
1.86722780913964	4.49316890757755	39
1.8405994421416	4.48343508392573	39
1.81391556103422	4.47351117450537	39
1.78717627441041	4.463396012587	39
1.76038169159656	4.45308842849627	39
1.73353192265245	4.442587249614	39
1.70662707837135	4.4318913003761	39
1.67966727027992	4.42099940227366	39
1.65265261063829	4.40991037385286	39
1.62558321244002	4.39862303071506	39
1.5984591894121	4.38713618551673	39
1.57128065601496	4.37544864796946	39
1.54404772744248	4.36355922484002	39
1.51676051962196	4.35146671995028	39
1.48941914921415	4.33916993417724	39
1.46202373361324	4.32666766545308	39
1.43457439094684	4.31395870876505	39
1.40707124007602	4.3010418561556	39
1.37951440059528	4.28791589672227	39
1.35190399283255	4.27457961661775	39
1.32424013784921	4.26103179904987	39
1.29652295744006	4.24727122428159	39
1.26875257413337	4.23329666963101	39
1.2409291111908	4.21910690947135	39
1.2130526926075	4.20470071523099	39
1.18512344311203	4.19007685539342	39
1.15714148816637	4.17523409549728	39
1.12910695396599	4.16017119813636	39
1.10101996743974	4.14488692295954	39
1.07288065624996	4.12938002667087	39
1.04468914879238	4.11364926302954	39
1.0164455741962	4.09769338284984	39
0.988150062324053	4.08151113400124	39
0.959802743771999	4.06510126140832	39
0.931403749869546	4.04846250705079	39
0.902953212679633	4.0315936099635	39
0.874451264998643	4.01449330623645	39
0.845898040356393	3.99716032901476	39
0.817293673016138	3.97959340849868	39
0.788638297974573	3.96179127194361	39
0.759932050961829	3.9437526436601	39
0.731175068441475	3.92547624501378	39
0.70236748761052	3.90696079442546	39
0.673509446399407	3.88820500737109	39
0.644601083472021	3.86920759638173	39
0.615642538225682	3.84996727104358	39
0.58663395079115	3.830482737998	39
0.55757546203262	3.81075270094144	39
0.528467213547728	3.79077586062552	39
0.499309347667546	3.77055091485698	39
0.470102007456584	3.75007655849772	39
0.440845336712792	3.72935148346474	39
0.411539479967554	3.70837437873021	39
0.382184582485696	3.68714393032139	39
0.352780790265479	3.66565882132072	39
0.323328250038603	3.64391773186575	39
