0.384240360972218	13.6751984714207	50
0.375684559747018	13.6699200545643	50
0.367195762848652	13.6645345419301	50
0.358775310756563	13.6590427839529	50
0.350424533157742	13.653445647845	50
0.342144748736779	13.647744017459	50
0.33393726496762	13.6419387931486	50
0.325803377907089	13.6360308916259	50
0.317744371990251	13.6300212458171	50
0.309761519827561	13.6239108047148	50
0.301856082003912	13.6177005332287	50
0.294029306879583	13.6113914120324	50
0.286282430393097	13.6049844374095	50
0.278616675866054	13.5984806210955	50
0.271033253809957	13.5918809901184	50
0.263533361735064	13.5851865866363	50
0.25611818396127	13.5783984677733	50
0.248788891431108	13.571517705452	50
0.241546641524831	13.5645453862245	50
0.234392577877653	13.5574826111008	50
0.227327830199155	13.5503304953751	50
0.220353514094899	13.5430901684492	50
0.21347073089024	13.5357627736548	50
0.206680567456438	13.5283494680724	50
0.19998409603901	13.520851422349	50
0.193382374088422	13.5132698205128	50
0.186876444093102	13.5056058597867	50
0.180467333414814	13.4978607503989	50
0.174156054126428	13.490035715392	50
0.167943602852112	13.4821319904297	50
0.161830960609933	13.4741508236018	50
0.155819092656962	13.4660934752271	50
0.149908948336847	13.4579612176543	50
0.144101460929882	13.4497553350611	50
0.138397547505654	13.4414771232515	50
0.132798108778211	13.4331278894511	50
0.127304028963845	13.4247089521008	50
0.121916175641445	13.4162216406483	50
0.116635399615504	13.4076672953385	50
0.111462534781783	13.3990472670017	50
0.106398397995594	13.3903629168403	50
0.101443788942852	13.3816156162138	50
0.0965994900137517	13.3728067464225	50
0.091866266179256	13.3639376984889	50
0.0872448648702786	13.3550098729386	50
0.0827360158596591	13.3460246795787	50
0.0783404311469234	13.3369835372754	50
0.0740588048458513	13.3278878737299	50
0.0698918130748716	13.3187391252528	50
0.0658401138502889	13.3095387365377	50
0.0619043469823808	13.3002881604326	50
0.0580851339743624	13.2909888577107	50
0.0543830779242356	13.2816422968396	50
0.0507987634295759	13.2722499537496	50
0.0473327564951838	13.2628133116008	50
0.0439856044437335	13.2533338605481	50
0.0407578358293428	13.2438130975069	50
0.0376499603540879	13.2342525259159	50
0.0346624687875341	13.2246536555003	50
0.0317958328892338	13.215018002033	50
0.0290505053342258	13.2053470870954	50
0.0264269196415547	13.195642437837	50
0.0239254901058175	13.1859055867344	50
0.0215466117317327	13.1761380713494	50
0.0192906601717731	13.1663414340858	50
0.0171579916668421	13.1565172219462	50
0.0151489429900202	13.1466669862877	50
0.0132638313933811	13.1367922825765	50
0.0115029545579013	13.1268946701429	50
0.00986659054644434	13.1169757119346	50
0.00835499775985582	13.1070369742702	50
0.00696841489616062	13.0970800265914	50
0.00570706091286866	13.0871064412158	50
0.0045711349923927	13.0771177930881	50
0.00356081651060691	13.0671156595317	50
0.00267626500851037	13.0571016199994	50
0.00191762016703834	13.047077255824	50
0.00128500178500701	13.037044149969	50
0.000778509760191781	13.027003886778	50
0.000398224073553166	13.016958051725	50
0.000144204776614032	13.0069082311638	50
1.64919819596321e-05	12.9968560120776	50
1.51058569279883e-05	12.9868029818283	50
0.000140046620398238	12.9767507279058	50
0.000391294542776421	12.9667008376777	50
0.000768809949107663	12.9566548981381	50
0.00127253322532894	12.9466144956573	50
0.00190238482769445	12.9365812157313	50
0.00265826529533797	12.9265566427312	50
0.00354005526597234	12.9165423596534	50
0.00454761549473304	12.9065399478692	50
0.00568078687618723	12.8965509868754	50
0.0069393904694337	12.8865770540447	50
0.00832322752637182	12.8766197243768	50
0.00983207952309328	12.8666805702495	50
0.011465708194379	12.8567611611703	50
0.0132238555713151	12.846863063529	50
0.0151062440220571	12.83698784035	50
0.017112576295645	12.8271370510454	50
0.0192425355689565	12.8173122511691	50
0.0214957854967253	12.8075149921709	50
0.0238719702646755	12.7977468211515	50
0.0263707146456795	12.7880092806184	50
0.0289916240590387	12.7783039082421	50
0.0317342846327691	12.7686322366134	50
0.0345982632689754	12.7589957930015	50
0.0375831077122299	12.7493960991123	50
0.0406883466209962	12.739834670849	50
0.0439134896420477	12.7303130180718	50
0.0472580274879171	12.7208326443602	50
0.0507214320173119	12.7113950467749	50
0.0543031563185004	12.7020017156221	50
0.0580026347956988	12.6926541342177	50
0.0618192832583695	12.6833537786531	50
0.0657524990134775	12.6741021175623	50
0.0698016609606569	12.6649006118898	50
0.073966129690298	12.6557507146601	50
0.0782452475845155	12.6466538707479	50
0.082638338920983	12.6376115166504	50
0.0871447099796541	12.6286250802601	50
0.091763649152302	12.6196959806395	50
0.0964944270548855	12.6108256277969	50
0.101336296642732	12.6020154224639	50
0.106288493328503	12.593266755874	50
0.11135023510294	12.5845810095431	50
0.116520722658333	12.5759595550513	50
0.121799139514764	12.5674037538261	50
0.127184652149015	12.5589149569277	50
0.132676410126219	12.5504945048356	50
0.138273546234121	12.5421437272368	50
0.143975176620049	12.5338639428159	50
0.149780400930474	12.5256564590467	50
0.155688302453175	12.5175225719862	50
0.161697948262013	12.5094635660693	50
0.167808389364257	12.5014807139066	50
0.174018660850418	12.493575276083	50
0.180327782046632	12.4857485009587	50
0.186734756669534	12.4780016244722	50
0.193238572983553	12.4703358699451	50
0.199838203960699	12.462752447889	50
0.206532607442735	12.4552525558141	50
0.213320726305749	12.4478373780403	50
0.22020148862708	12.4405080855102	50
0.227173807854598	12.4332658356039	50
0.234236582978262	12.4261117719567	50
0.241388698704014	12.4190470242782	50
0.248629025629871	12.412072708174	50
0.255956420424273	12.4051899249693	50
0.263369726006644	12.3983997615355	50
0.270867771730096	12.3917032901181	50
0.278449373566286	12.3851015681675	50
0.286113334292395	12.3785956381722	50
0.293858443680183	12.3721865274939	50
0.301683478687092	12.3658752482055	50
0.309587203649386	12.3596627969312	50
0.317568370477268	12.353550154689	50
0.325625718851978	12.347538286736	50
0.333757976424803	12.3416281424159	50
0.341963859017998	12.335820655009	50
0.35024207082758	12.3301167415847	50
0.358591304627932	12.3245173028573	50
0.36701024197826	12.3190232230429	50
0.375497553430755	12.3136353697205	50
0.384051898740552	12.3083545936946	50
0.392671927077362	12.3031817288609	50
0.401356277238783	12.2981175920747	50
0.41010357786525	12.2931629830219	50
0.418912447656599	12.2883186840928	50
0.427781495590168	12.2835854602583	50
0.436709321140476	12.2789640589494	50
0.445694514500374	12.2744552099387	50
0.454735656803674	12.270059625226	50
0.463831320349197	12.2657779989249	50
0.472980068826228	12.2616110071539	50
0.482180457541325	12.2575593079294	50
0.491431033646457	12.2536235410615	50
0.50073033636842	12.2498043280534	50
0.510076897239518	12.2461022720033	50
0.519469240329435	12.2425179575086	50
0.52890588247832	12.2390519505743	50
0.538385333530982	12.2357047985228	50
0.547906096572216	12.2324770299084	50
0.557466668163165	12.2293691544332	50
0.567065538578749	12.2263816628666	50
0.576701192046052	12.2235150269683	50
0.586372106983692	12.2207696994133	50
0.596076756242091	12.2181461137206	50
0.605813607344636	12.2156446841849	50
0.615581122729658	12.2132658058108	50
0.625377759993256	12.2110098542508	50
0.635201972132833	12.2088771857459	50
0.645052207791412	12.2068681370691	50
0.654926911502592	12.2049830254725	50
0.664824523936186	12.203222148637	50
0.674743482144454	12.2015857846255	50
0.684682219808913	12.2000741918389	50
0.694639167487669	12.1986876089752	50
0.704612752863259	12.1974262549919	50
0.714601400990936	12.1962903290715	50
0.72460353454737	12.1952800105897	50
0.734617574079721	12.1943954590876	50
0.744641938255061	12.1936368142461	50
0.754675044110083	12.1930041958641	50
0.764715307301067	12.1924977038393	50
0.774761142354055	12.1921174181526	50
0.784810962915248	12.1918633988557	50
0.794863182001471	12.191735686061	50
0.804916212250806	12.191734299936	50
0.814968466173237	12.1918592406995	50
0.825018356401337	12.1921104886219	50
0.835064295940938	12.1924880040282	50
0.845104698421732	12.1929917273044	50
0.855137978347777	12.1936215789068	50
0.865162551347861	12.1943774593744	50
0.875176834425698	12.195259249345	50
0.885179246209901	12.1962668095738	50
0.895168207203699	12.1973999809553	50
0.905142140034357	12.1986585845485	50
0.915099469702255	12.2000424216054	50
0.925038623829611	12.2015512736022	50
0.934958032908771	12.2031849022734	50
0.944856130550054	12.2049430496504	50
0.954731353729095	12.2068254381011	50
0.967459802183779	12.2093557612455	50
0.978003004868167	12.2114267578345	50
0.988552192471673	12.2134735791388	50
0.999107364994288	12.2154962251583	50
1.00966852243602	12.217494695893	50
1.02023566479686	12.219468991343	50
1.03080879207681	12.2214191115082	50
1.04138790427588	12.2233450563886	50
1.05197300139406	12.2252468259843	50
1.06256408343135	12.2271244202952	50
1.07316115038775	12.2289778393213	50
1.08376420226327	12.2308070830626	50
1.0943732390579	12.2326121515192	50
1.10498826077164	12.234393044691	50
1.11560926740449	12.2361497625781	50
1.12623625895646	12.2378823051804	50
1.13686923542754	12.2395906724979	50
1.14750819681772	12.2412748645307	50
1.15815314312703	12.2429348812786	50
1.16880407435545	12.2445707227419	50
1.17946099050297	12.2461823889203	50
1.19012389156961	12.247769879814	50
1.20079277755537	12.2493331954229	50
1.21146764846023	12.250872335747	50
1.22214850428421	12.2523873007864	50
1.2328353450273	12.253878090541	50
1.2435281706895	12.2553447050109	50
1.25422698127082	12.256787144196	50
1.26493177677125	12.2582054080963	50
1.27564255719079	12.2595994967118	50
1.28635932252944	12.2609694100426	50
1.29708207278721	12.2623151480886	50
1.30781080796408	12.2636367108498	50
1.31854552806007	12.2649340983263	50
1.32928623307518	12.266207310518	50
1.34003292300939	12.2674563474249	50
1.35078559786272	12.2686812090471	50
1.36154425763516	12.2698818953845	50
1.37230890232671	12.2710584064371	50
1.38307953193738	12.272210742205	50
1.39385614646716	12.2733389026881	50
1.40463874591605	12.2744428878864	50
1.41542733028405	12.2755226978	50
1.42622189957116	12.2765783324288	50
1.43702245377739	12.2776097917728	50
1.44782899290273	12.2786170758321	50
1.45864151694719	12.2796001846066	50
1.46946002591075	12.2805591180963	50
1.48028451979343	12.2814938763013	50
1.49111499859522	12.2824044592214	50
1.50195146231612	12.2832908668569	50
1.51279391095613	12.2841530992075	50
1.52364234451526	12.2849911562734	50
1.5344967629935	12.2858050380545	50
1.54535716639085	12.2865947445509	50
1.55622355470732	12.2873602757625	50
1.56709592794289	12.2881016316893	50
1.57797428609759	12.2888188123313	50
1.58885862917139	12.2895118176886	50
1.5997489571643	12.2901806477611	50
1.61064527007633	12.2908253025489	50
1.62154756790747	12.2914457820519	50
1.63245585065772	12.2920420862701	50
1.64337011832708	12.2926142152035	50
1.65429037091556	12.2931621688522	50
1.66521660842315	12.2936859472161	50
1.67614883084985	12.2941855502953	50
1.68708703819567	12.2946609780896	50
1.69803123046059	12.2951122305992	50
1.70898140764463	12.2955393078241	50
1.71993756974778	12.2959422097642	50
1.73089971677005	12.2963209364195	50
1.74186784871143	12.29667548779	50
1.75284196557191	12.2970058638758	50
1.76382206735152	12.2973120646768	50
1.77480815405023	12.297594090193	50
1.78580022566805	12.2978519404245	50
1.796798282205	12.2980856153712	50
1.80780232366105	12.2982951150331	50
1.81881235003621	12.2984804394103	50
1.82982836133049	12.2986415885027	50
1.84085035754388	12.2987785623103	50
1.85187833867638	12.2988913608332	50
1.86291230472799	12.2989799840713	50
1.87395225569872	12.2990444320246	50
1.88499819158855	12.2990847046932	50
1.89605011239751	12.2991008020769	50
1.90710801812557	12.299092724176	50
1.91817190877275	12.2990604709902	50
1.92924178433903	12.2990040425197	50
1.94031764482444	12.2989234387644	50
1.95139949022895	12.2988186597244	50
1.96248732055258	12.2986897053996	50
1.97358113579531	12.29853657579	50
1.98468093595717	12.2983592708957	50
1.99578672103813	12.2981577907165	50
2.0068984910382	12.2979321352527	50
2.01801624595739	12.297682304504	50
2.02913998579569	12.2974082984706	50
2.04026971055311	12.2971101171524	50
2.05140542022964	12.2967877605495	50
2.06254711482527	12.2964412286617	50
2.07369479434002	12.2960705214892	50
2.08484845877388	12.295675639032	50
2.09600810812686	12.29525658129	50
2.10717374239895	12.2948133482632	50
2.11834536159015	12.2943459399516	50
2.12952296570046	12.2938543563553	50
2.14070655472989	12.2933385974742	50
2.15189612867843	12.2927986633083	50
2.16309168754608	12.2922345538577	50
2.17429323133284	12.2916462691223	50
2.18550076003871	12.2910338091022	50
2.19671427366371	12.2903971737972	50
2.2079337722078	12.2897363632075	50
2.21915925567102	12.2890513773331	50
2.23039072405334	12.2883422161738	50
2.24162817735478	12.2876088797298	50
2.25287161557533	12.2868513680011	50
2.26412103871499	12.2860696809875	50
2.27537644677377	12.2852638186892	50
2.28663783975166	12.2844337811062	50
2.29790521764865	12.2835795682383	50
2.30917858046477	12.2827011800857	50
2.32045792819999	12.2817986166484	50
2.33174326085433	12.2808718779262	50
2.34303457842778	12.2799209639193	50
2.35433188092034	12.2789458746276	50
2.36563516833202	12.2779466100512	50
2.3769444406628	12.27692317019	50
2.38825969791271	12.275875555044	50
2.39958094008172	12.2748037646133	50
2.41090816716984	12.2737077988977	50
2.42224137917708	12.2725876578975	50
2.43358057610343	12.2714433416124	50
2.44492575794889	12.2702748500426	50
2.45627692471347	12.269082183188	50
2.46763407639715	12.2678653410487	50
2.47899721299995	12.2666243236245	50
2.49036633452187	12.2653591309157	50
2.50174144096289	12.264069762922	50
2.51312253232303	12.2627562196436	50
2.52450960860228	12.2614185010804	50
2.53590266980064	12.2600566072324	50
2.54730171591811	12.2586705380997	50
2.5587067469547	12.2572602936822	50
2.5701177629104	12.25582587398	50
2.58153476378521	12.254367278993	50
2.59295774957913	12.2528845087212	50
2.60438672029217	12.2513775631646	50
2.61582167592432	12.2498464423233	50
2.62726261647558	12.2482911461972	50
2.63870954194596	12.2467116747863	50
2.65016245233544	12.2451080280907	50
2.66162134764404	12.2434802061103	50
2.67308622787175	12.2418282088451	50
2.68455709301858	12.2401520362952	50
2.69603394308452	12.2384516884605	50
2.70751677806956	12.236727165341	50
2.71900559797373	12.2349784669368	50
2.730500402797	12.2332055932478	50
2.74200119253939	12.231408544274	50
2.75350796720089	12.2295873200155	50
2.7650207267815	12.2277419204722	50
2.77653947128122	12.2258723456441	50
2.78806420070006	12.2239785955313	50
2.79959491503801	12.2220606701337	50
2.81113161429506	12.2201185694513	50
2.82267429847124	12.2181522934841	50
2.83422296756653	12.2161618422322	50
2.84577762158093	12.2141472156955	50
2.85733826051444	12.2121084138741	50
2.86890488436706	12.2100454367679	50
2.88047749313879	12.2079582843769	50
2.89205608682964	12.2058469567012	50
2.9036406654396	12.2037114537406	50
2.91523122896868	12.2015517754954	50
2.92682777741686	12.1993679219653	50
2.93843031078416	12.1971598931505	50
2.95003882907057	12.1949276890509	50
2.9616533322761	12.1926713096666	50
2.97327382040073	12.1903907549974	50
2.98490029344448	12.1880860250435	50
2.99653275140734	12.1857571198049	50
3.00817119428931	12.1834040392815	50
3.0198156220904	12.1810267834733	50
3.0314660348106	12.1786253523803	50
3.04312243244991	12.1761997460026	50
3.05478481500833	12.1737499643401	50
3.06645318248587	12.1712760073928	50
3.07812753488252	12.1687778751608	50
3.08980787219827	12.166255567644	50
3.10149419443315	12.1637090848425	50
3.11318650158713	12.1611384267561	50
3.12488479366023	12.158543593385	50
3.13658907065244	12.1559245847292	50
3.14829933256377	12.1532814007885	50
3.1600155793942	12.1506140415631	50
3.17173781114375	12.147922507053	50
3.18346602781241	12.145206797258	50
3.19520022940018	12.1424669121783	50
3.20694041590707	12.1397028518138	50
3.21868658733306	12.1369146161646	50
3.23043874367817	12.1341022052306	50
3.2421968849424	12.1312656190118	50
3.25396101112573	12.1284048575083	50
3.26573112222818	12.12551992072	50
3.27750721824974	12.1226108086469	50
3.28928929919041	12.1196775212891	50
3.3010773650502	12.1167200586465	50
3.31287141582909	12.1137384207191	50
3.3246714515271	12.1107326075069	50
3.33647747214422	12.10770261901	50
3.34828947768046	12.1046484552283	50
3.36010746813581	12.1015701161619	50
3.37193144351027	12.0984676018107	50
3.38376140380384	12.0953409121747	50
3.39559734901653	12.0921900472539	50
3.40743927914832	12.0890150070484	50
3.41928719419923	12.0858157915581	50
3.43114109416926	12.0825924007831	50
3.44300097905839	12.0793448347233	50
3.45486684886664	12.0760730933787	50
3.466738703594	12.0727771767493	50
3.47861654324047	12.0694570848352	50
3.49050036780605	12.0661128176363	50
3.50239017729075	12.0627443751526	50
3.51428597169456	12.0593517573842	50
3.52618775101748	12.055934964331	50
3.53809551525951	12.0524939959931	50
3.55000926442066	12.0490288523703	50
3.56192899850092	12.0455395334628	50
3.57385471750029	12.0420260392706	50
3.58578642141878	12.0384883697935	50
3.59772411025637	12.0349265250318	50
3.60966778401308	12.0313405049852	50
3.6216174426889	12.0277303096539	50
3.63357308628384	12.0240959390377	50
3.64553471479788	12.0204373931369	50
3.65750232823104	12.0167546719512	50
3.66947592658331	12.0130477754808	50
3.6814555098547	12.0093167037257	50
3.6934410780452	12.0055614566857	50
3.7054326311548	12.001782034361	50
3.71743016918353	11.9979784367516	50
3.72943369213136	11.9941506638573	50
3.74144319999831	11.9902987156783	50
3.75345869278436	11.9864225922145	50
3.76548017048953	11.982522293466	50
3.77750763311382	11.9785978194327	50
3.78954108065722	11.9746491701146	50
3.80158051311972	11.9706763455117	50
3.81362593050135	11.9666793456241	50
3.82567733280208	11.9626581704518	50
3.83773472002193	11.9586128199946	50
3.84979809216088	11.9545432942527	50
3.86186744921896	11.950449593226	50
3.87394279119614	11.9463317169146	50
3.88602411809243	11.9421896653183	50
3.89811142990784	11.9380234384374	50
3.91020472664236	11.9338330362716	50
3.922304008296	11.9296184588211	50
3.93440927486874	11.9253797060858	50
3.9465205263606	11.9211167780657	50
3.95863776277157	11.9168296747609	50
3.97076098410165	11.9125183961713	50
3.98289019035085	11.908182942297	50
3.99502538151916	11.9038233131378	50
4.00716655760658	11.8994395086939	50
4.01931371861311	11.8950315289653	50
4.03146686453876	11.8905993739519	50
4.04362599538351	11.8861430436537	50
4.05579111114739	11.8816625380707	50
4.06796221183037	11.877157857203	50
4.08013929743247	11.8726290010505	50
4.09232236795367	11.8680759696132	50
4.10451142339399	11.8634987628912	50
4.11670646375342	11.8588973808844	50
4.12890748903197	11.8542718235928	50
4.14111449922963	11.8496220910165	50
4.1533274943464	11.8449481831553	50
4.16554647438228	11.8402501000095	50
4.17777143933728	11.8355278415788	50
4.19000238921139	11.8307814078634	50
4.2022393240046	11.8260107988633	50
4.21448224371694	11.8212160145783	50
4.22673114834839	11.8163970550086	50
4.23898603789894	11.8115539201541	50
4.25124691236861	11.8066866100149	50
4.26351377175739	11.8017951245909	50
4.27578661606529	11.7968794638821	50
4.2880654452923	11.7919396278886	50
4.30035025943842	11.7869756166102	50
4.31264105850364	11.7819874300472	50
4.32493784248799	11.7769750681993	50
4.33724061139145	11.7719385310667	50
4.34954936521402	11.7668778186493	50
4.3618641039557	11.7617929309472	50
4.3741848276165	11.7566838679602	50
4.3865115361964	11.7515506296886	50
4.39884422969542	11.7463932161321	50
4.41118290811355	11.7412116272909	50
4.4235275714508	11.7360058631649	50
4.43587821970716	11.7307759237541	50
4.44823485288263	11.7255218090586	50
4.46059747097721	11.7202435190783	50
4.4729660739909	11.7149410538133	50
4.48534066192371	11.7096144132634	50
4.49772123477563	11.7042635974288	50
4.51010779254666	11.6988886063095	50
4.52250033523681	11.6934894399053	50
4.53489886284606	11.6880660982165	50
4.54730337537443	11.6826185812428	50
4.55971387282191	11.6771468889844	50
4.57213035518851	11.6716510214412	50
4.58455282247422	11.6661309786132	50
4.59698127467903	11.6605867605005	50
4.60941571180296	11.655018367103	50
4.62185613384601	11.6494257984207	50
4.63430254080816	11.6438090544537	50
4.64675493268943	11.6381681352018	50
4.65921330948981	11.6325030406653	50
4.67167767120931	11.6268137708439	50
4.68414801784792	11.6211003257378	50
4.69662434940563	11.615362705347	50
4.70910666588247	11.6096009096713	50
4.72159496727841	11.6038149387109	50
4.73408925359347	11.5980047924657	50
4.74658952482763	11.5921704709358	50
4.75909578098091	11.5863119741211	50
4.77160802205331	11.5804293020216	50
4.78412624804481	11.5745224546373	50
4.79665045895543	11.5685914319683	50
4.80918065478517	11.5626362340146	50
4.82171683553401	11.556656860776	50
4.83425900120196	11.5506533122527	50
4.84680715178903	11.5446255884446	50
4.85936128729521	11.5385736893518	50
4.87192140772051	11.5324976149741	50
4.88448751306491	11.5263973653117	50
4.89705960332844	11.5202729403646	50
4.90963767851106	11.5141243401327	50
4.92222173861281	11.507951564616	50
4.93481178363366	11.5017546138145	50
4.94740781357363	11.4955334877283	50
4.96000982843271	11.4892881863573	50
4.97261782821091	11.4830187097015	50
4.98523181290821	11.476725057761	50
4.99785178252463	11.4704072305357	50
5.01047773706016	11.4640652280257	50
5.0231096765148	11.4576990502308	50
5.03574760088856	11.4513086971512	50
5.04839151018142	11.4448941687869	50
5.06104140439341	11.4384554651377	50
5.0736972835245	11.4319925862038	50
5.0863591475747	11.4255055319852	50
5.09902699654402	11.4189943024817	50
5.11170083043245	11.4124588976935	50
5.12438064924	11.4058993176206	50
5.13706645296665	11.3993155622628	50
5.14975824161242	11.3927076316203	50
5.1624560151773	11.3860755256931	50
5.17515977366129	11.379419244481	50
5.18786951706439	11.3727387879842	50
5.20058524538661	11.3660341562026	50
5.21330695862795	11.3593053491363	50
5.22603465678839	11.3525523667852	50
5.23876833986794	11.3457752091493	50
5.25150800786661	11.3389738762287	50
5.26425366078439	11.3321483680233	50
5.27700529862128	11.3252986845331	50
5.28976292137729	11.3184248257581	50
5.30252652905241	11.3115267916984	50
5.31529612164663	11.3046045823539	50
5.32807169915998	11.2976581977247	50
5.34085326159244	11.2906876378107	50
5.353640808944	11.2836929026119	50
5.36643434121468	11.2766739921283	50
5.37923385840447	11.26963090636	50
5.39203936051337	11.2625636453069	50
5.40485084754139	11.2554722089691	50
5.41766831948852	11.2483565973464	50
5.43049177635476	11.2412168104391	50
5.44332121814012	11.2340528482469	50
5.45615664484459	11.22686471077	50
5.46899805646817	11.2196523980083	50
5.48184545301086	11.2124159099618	50
5.49469883447266	11.2051552466306	50
5.50755820085358	11.1978704080146	50
5.52042355215361	11.1905613941138	50
5.53329488837275	11.1832282049283	50
5.54617220951101	11.175870840458	50
5.55905551556837	11.1684893007029	50
5.57194480654485	11.1610835856631	50
5.58484008244044	11.1536536953385	50
5.59774134325514	11.1461996297291	50
5.61064858898897	11.138721388835	50
5.62356181964189	11.1312189726561	50
5.63648103521393	11.1236923811924	50
5.64940623570509	11.116141614444	50
5.66233742111535	11.1085666724108	50
5.67527459144473	11.1009675550928	50
5.68821774669323	11.0933442624901	50
5.70116688686083	11.0856967946026	50
5.71412201194754	11.0780251514303	50
5.72708312195338	11.0703293329733	50
5.74005021687832	11.0626093392315	50
5.75302329672237	11.0548651702049	50
5.76600236148553	11.0470968258935	50
5.77898741116781	11.0393043062974	50
5.7919784457692	11.0314876114165	50
5.80497546528971	11.0236467412509	50
5.81797846972933	11.0157816958005	50
5.83098745908806	11.0078924750653	50
5.84400243336589	10.9999790790453	50
5.85702339256285	10.9920415077406	50
5.87005033667891	10.9840797611511	50
5.88308326571409	10.9760938392769	50
5.89612217966839	10.9680837421179	50
5.90916707854179	10.9600494696741	50
5.9222179623343	10.9519910219455	50
5.93527483104593	10.9439083989322	50
5.94833768467667	10.9358016006341	50
5.96140652322652	10.9276706270513	50
5.97448134669549	10.9195154781836	50
5.98756215508357	10.9113361540312	50
6.00064894839076	10.9031326545941	50
6.01374172661706	10.8949049798722	50
6.02684048976248	10.8866531298655	50
6.03994523782701	10.878377104574	50
6.05305597081065	10.8700769039978	50
6.0661726887134	10.8617525281368	50
6.07929539153527	10.853403976991	50
6.09242407927624	10.8450312505605	50
6.10555875193634	10.8366343488452	50
6.11869940951554	10.8282132718451	50
6.13184605201386	10.8197680195603	50
6.14499867943128	10.8112985919907	50
6.15815729176782	10.8028049891363	50
6.17132188902347	10.7942872109972	50
6.18449247119824	10.7857452575733	50
6.19766903829212	10.7771791288646	50
6.21085159030511	10.7685888248711	50
6.22404012723721	10.7599743455929	50
6.23723464908843	10.75133569103	50
6.25043515585875	10.7426728611822	50
6.26364164754819	10.7339858560497	50
6.27685412415675	10.7252746756324	50
6.29007258568441	10.7165393199304	50
6.30329703213119	10.7077797889436	50
6.31652746349708	10.698996082672	50
6.32976387978209	10.6901882011156	50
6.3430062809862	10.6813561442745	50
6.35625466710943	10.6724999121486	50
6.36950903815177	10.663619504738	50
6.38276939411322	10.6547149220426	50
6.39603573499378	10.6457861640624	50
6.40930806079346	10.6368332307974	50
6.42258637151225	10.6278561222477	50
6.43587066715015	10.6188548384132	50
6.44916094770716	10.609829379294	50
6.46245721318329	10.60077974489	50
6.47575946357853	10.5917059352012	50
6.48906769889289	10.5826079502276	50
6.50238191912635	10.5734857899693	50
6.51570212427892	10.5643394544262	50
6.52902831435062	10.5551689435983	50
6.54236048934142	10.5459742574857	50
6.55569864925133	10.5367553960883	50
6.56904279408036	10.5275123594061	50
6.5823929238285	10.5182451474392	50
6.59574903849575	10.5089537601875	50
6.60911113808211	10.499638197651	50
6.62247922258759	10.4902984598298	50
6.63585329201218	10.4809345467238	50
6.64923334635589	10.471546458333	50
6.6626193856187	10.4621341946575	50
6.67601140980062	10.4526977556972	50
6.68940941890166	10.4432371414521	50
6.70281341292181	10.4337523519223	50
6.71622339186108	10.4242433871077	50
6.72963935571946	10.4147102470083	50
6.74306130449694	10.4051529316242	50
6.75648923819355	10.3955714409553	50
6.76992315680926	10.3859657750016	50
6.78336306034409	10.3763359337632	50
6.79680894879802	10.3666819172399	50
6.81026082217108	10.357003725432	50
6.82371868046324	10.3473013583392	50
6.83718252367452	10.3375748159617	50
6.8506523518049	10.3278240982994	50
6.86412816485441	10.3180492053524	50
6.87760996282302	10.3082501371206	50
6.89109774571074	10.298426893604	50
6.90459151351758	10.2885794748026	50
6.91809126624354	10.2787078807165	50
6.9315970038886	10.2688121113456	50
6.94510872645277	10.25889216669	50
6.95862643393607	10.2489480467496	50
6.97215012633846	10.2389797515244	50
6.98567980365998	10.2289872810144	50
6.9992154659006	10.2189706352197	50
7.01275711306035	10.2089298141402	50
7.02630474513919	10.1988648177759	50
7.03985836213716	10.1887756461269	50
7.05341796405423	10.1786622991931	50
7.06698355089042	10.1685247769746	50
7.08055512264572	10.1583630794712	50
7.09413267932013	10.1481772066831	50
7.10771622091367	10.1379671586103	50
7.1213057474263	10.1277329352526	50
7.13490125885805	10.1174745366102	50
7.14850275520892	10.1071919626831	50
7.16211023647889	10.0968852134711	50
7.17572370266797	10.0865542889744	50
7.18934315377618	10.076199189193	50
7.20296858980349	10.0658199141267	50
7.21660001074991	10.0554164637757	50
7.23023741661545	10.04498883814	50
7.2438808074001	10.0345370372194	50
7.25753018310387	10.0240610610141	50
7.27118554372674	10.0135609095241	50
7.28484688926873	10.0030365827492	50
7.29851421972983	9.9924880806896	50
7.31218753511004	9.98191540334523	50
7.32586683540937	9.97131855071608	50
7.33955212062781	9.96069752280217	50
7.35324339076536	9.9500523196035	50
7.36694064582202	9.93938294112005	50
7.3806438857978	9.92868938735184	50
7.39435311069268	9.91797165829886	50
7.40806832050668	9.90722975396111	50
7.42178951523979	9.89646367433859	50
7.43551669489202	9.88567341943131	50
7.44924985946336	9.87485898923926	50
7.46298900895381	9.86402038376244	50
7.47673414336337	9.85315760300086	50
7.49048526269204	9.8422706469545	50
7.50424236693983	9.83135951562338	50
7.51800545610673	9.82042420900749	50
7.53177453019274	9.80946472710684	50
7.54554958919787	9.79848106992142	50
7.5593306331221	9.78747323745122	50
7.57311766196545	9.77644122969626	50
7.58691067572791	9.76538504665654	50
7.60070967440949	9.75430468833205	50
7.61451465801018	9.74320015472279	50
7.62832562652998	9.73207144582875	50
7.64214257996889	9.72091856164996	50
7.65596551832692	9.7097415021864	50
7.66979444160405	9.69854026743807	50
7.6836293498003	9.68731485740497	50
7.69747024291566	9.6760652720871	50
7.71131712095013	9.66479151148447	50
7.72516998390373	9.65349357559707	50
7.73902883177642	9.6421714644249	50
7.75289366456823	9.63082517796796	50
7.76676448227916	9.61945471622626	50
7.78064128490919	9.60806007919979	50
7.79452407245834	9.59664126688855	50
7.80841284492661	9.58519827929254	50
7.82230760231398	9.57373111641177	50
7.83620834462047	9.56223977824623	50
7.85011507184606	9.55072426479592	50
7.86402778399078	9.53918457606084	50
7.8779464810546	9.527620712041	50
7.89187116303754	9.51603267273639	50
7.90580182993958	9.50442045814701	50
7.91973848176075	9.49278406827287	50
7.93368111850102	9.48112350311395	50
7.94762974016041	9.46943876267027	50
7.96158434673891	9.45772984694182	50
7.97554493823652	9.4459967559286	50
7.98951151465324	9.43423948963062	50
8.00348407598908	9.42245804804787	50
8.01746262224403	9.41065243118035	50
8.03144715341809	9.39882263902807	50
8.04543766951127	9.38696867159101	50
8.05943417052355	9.37509052886919	50
8.07343665645494	9.3631882108626	50
8.08744512730546	9.35126171757125	50
8.10145958307508	9.33931104899512	50
8.11548002376382	9.32733620513423	50
8.12950644937167	9.31533718598857	50
8.14353885989863	9.30331399155815	50
8.1575772553447	9.29126662184295	50
8.17162163570988	9.27919507684299	50
8.18567200099418	9.26709935655826	50
8.19972835119759	9.25497946098877	50
8.21379068632012	9.2428353901345	50
8.22785900636175	9.23066714399547	50
8.24193331132251	9.21847472257167	50
8.25601360120236	9.20625812586311	50
8.27009987600133	9.19401735386977	50
8.28419213571942	9.18175240659167	50
8.29829038035662	9.1694632840288	50
8.31239460991293	9.15714998618117	50
8.32650482438835	9.14481251304876	50
8.34062102378289	9.13245086463159	50
8.35474320809654	9.12006504092965	50
8.36887137732929	9.10765504194295	50
8.38300553148117	9.09522086767147	50
8.39714567055216	9.08276251811523	50
8.41129179454225	9.07027999327422	50
8.42544390345146	9.05777329314845	50
8.43960199727979	9.0452424177379	50
8.45376607602722	9.03268736704259	50
8.46793613969377	9.02010814106251	50
8.48211218827943	9.00750473979766	50
8.4962942217842	8.99487716324805	50
8.51048224020808	8.98222541141367	50
8.52467624355108	8.96954948429452	50
8.53887623181319	8.95684938189061	50
8.55308220499442	8.94412510420192	50
8.56729416309475	8.93137665122847	50
8.5815121061142	8.91860402297025	50
8.59573603405276	8.90580721942726	50
8.60996594691043	8.89298624059951	50
8.62420184468721	8.88014108648699	50
8.63844372738311	8.8672717570897	50
8.65269159499812	8.85437825240764	50
8.66694544753224	8.84146057244082	50
8.68120528498548	8.82851871718923	50
8.69547110735783	8.81555268665287	50
8.70974291464928	8.80256248083174	50
8.72402070685985	8.78954809972585	50
8.73830448398954	8.77650954333519	50
8.75259424603834	8.76344681165976	50
8.76688999300625	8.75035990469956	50
8.78119172489327	8.7372488224546	50
8.79549944169941	8.72411356492486	50
8.80981314342466	8.71095413211037	50
8.82413283006901	8.6977705240111	50
8.83845850163248	8.68456274062707	50
8.85279015811507	8.67133078195826	50
8.86712779951677	8.6580746480047	50
8.88147142583757	8.64479433876636	50
8.8958210370775	8.63148985424325	50
8.91017663323653	8.61816119443538	50
8.92453821431468	8.60480835934274	50
8.93890578031193	8.59143134896534	50
8.95327933122831	8.57803016330316	50
8.9676588670638	8.56460480235622	50
8.98204438781839	8.55115526612451	50
8.9964358934921	8.53768155460804	50
9.01083338408492	8.52418366780679	50
9.02523685959685	8.51066160572078	50
9.0396463200279	8.49711536835	50
9.05406176537806	8.48354495569445	50
9.06848319564732	8.46995036775414	50
9.08291061083571	8.45633160452905	50
9.09734401094321	8.44268866601921	50
9.11178339596982	8.42902155222459	50
9.12622876591554	8.4153302631452	50
9.14068012078037	8.40161479878105	50
9.15513746056432	8.38787515913213	50
9.16960078526738	8.37411134419845	50
9.18407009488955	8.36032335397999	50
9.1913069940453	8.35342029313898	50
9.19854538943083	8.34651118847677	50
9.20578528104614	8.33959603999337	50
9.21302666889123	8.33267484768878	50
9.22026955296609	8.325747611563	50
9.22751393327074	8.31881433161603	50
9.23475980980516	8.31187500784786	50
9.24200718256936	8.3049296402585	50
9.24925605156334	8.29797822884795	50
9.25650641678709	8.29102077361621	50
9.26375827824063	8.28405727456327	50
9.27101163592393	8.27708773168915	50
9.27826648983703	8.27011214499383	50
9.2855228399799	8.26313051447732	50
9.29278068635254	8.25614284013962	50
9.30004002895497	8.24914912198073	50
9.30730086778717	8.24214936000065	50
9.31456320284915	8.23514355419937	50
9.32182703414091	8.2281317045769	50
9.32909236166245	8.22111381113324	50
9.33635918541376	8.21408987386839	50
9.34362750539486	8.20705989278234	50
9.35089732160573	8.2000238678751	50
9.35816863404637	8.19298179914668	50
9.36544144271681	8.18593368659706	50
9.37271574761701	8.17887953022624	50
9.37999154874699	8.17181933003424	50
9.38726884610676	8.16475308602104	50
9.39454763969629	8.15768079818666	50
9.40182792951561	8.15060246653108	50
9.40910971556471	8.14351809105431	50
9.41639299784358	8.13642767175634	50
9.42367777635224	8.12933120863719	50
9.43096405109066	8.12222870169684	50
9.43825182205888	8.1151201509353	50
9.44554108925686	8.10800555635257	50
9.45283185268463	8.10088491794865	50
9.46012411234217	8.09375823572353	50
9.46741786822949	8.08662550967723	50
9.47471312034659	8.07948673980973	50
9.48200986869347	8.07234192612104	50
9.48930811327013	8.06519106861116	50
9.49660785407656	8.05803416728008	50
9.50390909111277	8.05087122212782	50
9.51121182437875	8.04370223315436	50
9.51851605387453	8.03652720035971	50
9.52582177960007	8.02934612374387	50
9.5331290015554	8.02215900330684	50
9.5404377197405	8.01496583904861	50
9.54774793415538	8.0077666309692	50
9.55505964480004	8.00056137906859	50
9.56237285167447	7.99335008334679	50
9.56968755477869	7.98613274380379	50
9.57700375411269	7.97890936043961	50
9.58432144967646	7.97167993325423	50
9.59164064147	7.96444446224767	50
9.59896132949333	7.9572029474199	50
9.60628351374644	7.94995538877095	50
9.61360719422932	7.94270178630081	50
9.62093237094198	7.93544214000947	50
9.62825904388442	7.92817644989695	50
9.63558721305664	7.92090471596323	50
9.64291687845864	7.91362693820831	50
9.65024804009041	7.90634311663221	50
9.65758069795196	7.89905325123492	50
9.66491485204329	7.89175734201643	50
9.6722505023644	7.88445538897675	50
9.67958764891529	7.87714739211588	50
9.68692629169595	7.86983335143382	50
9.6942664307064	7.86251326693056	50
9.70160806594662	7.85518713860611	50
9.70895119741662	7.84785496646048	50
9.7162958251164	7.84051675049365	50
9.72364194904595	7.83317249070563	50
9.73098956920528	7.82582218709641	50
9.73833868559439	7.81846583966601	50
9.74568929821329	7.81110344841441	50
9.75304140706195	7.80373501334162	50
9.7603950121404	7.79636053444764	50
9.76775011344862	7.78898001173247	50
9.77510671098663	7.7815934451961	50
9.7824648047544	7.77420083483854	50
9.78982439475196	7.76680218065979	50
9.7971854809793	7.75939748265985	50
9.80454806343641	7.75198674083872	50
9.8119121421233	7.7445699551964	50
9.81927771703997	7.73714712573288	50
9.82664478818642	7.72971825244817	50
9.83401335556265	7.72228333534227	50
9.84138341916866	7.71484237441518	50
9.84875497900444	7.7073953696669	50
9.85612803507	7.69994232109742	50
9.86350258736534	7.69248322870675	50
9.87087863589046	7.68501809249489	50
9.87825618064536	7.67754691246184	50
9.88563522163003	7.6700696886076	50
9.89301575884448	7.66258642093216	50
9.90039779228871	7.65509710943553	50
9.90778132196272	7.64760175411771	50
9.9151663478665	7.64010035497871	50
9.92255287000007	7.6325929120185	50
9.92994088836341	7.62507942523711	50
9.93733040295653	7.61755989463452	50
9.94472141377943	7.61003432021074	50
9.95211392083211	7.60250270196577	50
9.95950792411457	7.59496503989961	50
9.9669034236268	7.58742133401226	50
9.97430041936881	7.57987158430371	50
9.98169891134059	7.57231579077397	50
9.98909889954216	7.56475395342304	50
9.99650038397351	7.55718607225092	50
10.0039033646346	7.54961214725761	50
10.0113078415255	7.5420321784431	50
10.0187138146462	7.53444616580741	50
10.0261212839967	7.52685410935052	50
10.0335302495769	7.51925600907244	50
10.0409407113869	7.51165186497316	50
10.0483526694267	7.5040416770527	50
10.0557661236963	7.49642544531104	50
10.0631810741956	7.48880316974819	50
10.0705975209248	7.48117485036415	50
10.0780154638837	7.47354048715892	50
10.0854349030724	7.4659000801325	50
10.0928558384908	7.45825362928488	50
10.1002782701391	7.45060113461607	50
10.1077021980171	7.44294259612608	50
10.1151276221249	7.43527801381488	50
10.1225545424624	7.4276073876825	50
10.1299829590298	7.41993071772893	50
10.1374128718269	7.41224800395416	50
10.1448442808538	7.4045592463582	50
10.1522771861105	7.39686444494105	50
10.159711587597	7.38916359970271	50
10.1671474853132	7.38145671064317	50
10.1745848792592	7.37374377776244	50
10.182023769435	7.36602480106052	50
10.1894641558406	7.35829978053742	50
10.196906038476	7.35056871619311	50
10.2043494173411	7.34283160802762	50
10.211794292436	7.33508845604093	50
10.2192406637607	7.32733926023306	50
10.2266885313152	7.31958402060399	50
10.2341378950994	7.31182273715372	50
10.2415887551134	7.30405540988227	50
10.2490411113572	7.29628203878963	50
10.2564949638308	7.28850262387579	50
10.2639503125342	7.28071716514076	50
10.2714071574673	7.27292566258454	50
10.2788654986302	7.26512811620713	50
10.2863253360229	7.25732452600852	50
10.2937866696454	7.24951489198873	50
10.3012494994976	7.24169921414774	50
10.3087138255797	7.23387749248556	50
10.3161796478915	7.22604972700218	50
10.3236469664331	7.21821591769762	50
10.3311157812044	7.21037606457186	50
10.3385860922056	7.20253016762492	50
10.3460578994365	7.19467822685678	50
10.3535312028972	7.18682024226745	50
10.3610060025876	7.17895621385692	50
10.3684822985079	7.17108614162521	50
10.3759600906579	7.1632100255723	50
10.3834393790377	7.1553278656982	50
10.3909201636473	7.14743966200291	50
10.3984024444867	7.13954541448643	50
10.4058862215558	7.13164512314875	50
10.4133714948547	7.12373878798989	50
10.4208582643834	7.11582640900983	50
10.4283465301419	7.10790798620858	50
10.4358362921302	7.09998351958613	50
10.4433275503482	7.0920530091425	50
10.450820304796	7.08411645487767	50
10.4583145554736	7.07617385679166	50
10.465810302381	7.06822521488445	50
10.4733075455181	7.06027052915605	50
10.480806284885	7.05230979960645	50
10.4883065204817	7.04434302623567	50
10.4958082523082	7.03637020904369	50
10.5033114803645	7.02839134803052	50
10.5108162046505	7.02040644319616	50
10.5183224251663	7.01241549454061	50
10.5258301419119	7.00441850206386	50
10.5333393548873	6.99641546576593	50
10.5408500640924	6.9884063856468	50
10.5483622695274	6.98039126170648	50
10.5558759711921	6.97237009394496	50
10.5633911690866	6.96434288236226	50
10.5709078632108	6.95630962695836	50
10.5784260535648	6.94827032773328	50
10.5859457401487	6.94022498468699	50
10.5934669229623	6.93217359781953	50
10.6009896020056	6.92411616713086	50
10.6085137772788	6.91605269262101	50
10.6160394487817	6.90798317428996	50
10.6235666165144	6.89990761213772	50
10.6310952804769	6.89182600616429	50
10.6386254406692	6.88373835636966	50
10.6461570970912	6.87564466275385	50
10.653690249743	6.86754492531684	50
10.6612248986246	6.85943914405865	50
10.668761043736	6.85132731897925	50
10.6762986850772	6.84320945007867	50
10.6838378226481	6.8350855373569	50
10.6913784564488	6.82695558081393	50
10.6989205864793	6.81881958044978	50
10.7064642127396	6.81067753626443	50
10.7140093352296	6.80252944825788	50
10.7215559539494	6.79437531643015	50
10.729104068899	6.78621514078122	50
10.7366536800784	6.77804892131111	50
10.7442047874876	6.7698766580198	50
10.7517573911265	6.7616983509073	50
10.7593114909952	6.75351399997361	50
10.7668670870937	6.74532360521872	50
10.774424179422	6.73712716664264	50
10.78198276798	6.72892468424538	50
10.7895428527679	6.72071615802691	50
10.7971044337855	6.71250158798726	50
10.8046675110328	6.70428097412642	50
10.81223208451	6.69605431644438	50
10.8197981542169	6.68782161494115	50
10.8273657201537	6.67958286961673	50
10.8349347823202	6.67133808047112	50
10.8425053407164	6.66308724750432	50
10.8500773953425	6.65483037071632	50
10.8576509461983	6.64656745010714	50
10.8652259932839	6.63829848567676	50
10.8728025365993	6.63002347742519	50
10.8803805761445	6.62174242535242	50
10.8879601119194	6.61345532945847	50
10.8955411439241	6.60516218974332	50
10.9031236721586	6.59686300620698	50
10.9107076966229	6.58855777884945	50
10.918293217317	6.58024650767073	50
10.9258802342408	6.57192919267082	50
10.9334687473944	6.56360583384971	50
10.9410587567778	6.55527643120741	50
10.9486502623909	6.54694098474392	50
10.9562432642339	6.53859949445924	50
10.9639336920897	6.53030711209877	50
10.9717790522283	6.5221611554261	50
10.9797765572306	6.51416451866087	50
10.9879233656212	6.50632004297003	50
10.9962165828779	6.49863051545843	50
11.00465326246	6.49109866817861	50
11.0132304068554	6.48372717716002	50
11.0219449686457	6.47651866145833	50
11.0307938515884	6.46947568222485	50
11.0397739117177	6.46260074179655	50
11.0488819584608	6.45589628280703	50
11.0581147557722	6.44936468731866	50
11.067469023283	6.4430082759762	50
11.0769414374664	6.43682930718235	50
11.0865286328188	6.43082997629528	50
11.0962272030553	6.4250124148487	50
11.1060337023202	6.4193786897945	50
11.1159446464108	6.41393080276834	50
11.125956514016	6.40867068937857	50
11.1360657479669	6.40360021851841	50
11.1462687565008	6.39872119170201	50
11.1565619145373	6.39403534242439	50
11.1669415649664	6.38954433554546	50
11.1774040199478	6.38524976669859	50
11.187945562221	6.38115316172364	50
11.1985624464261	6.37725597612486	50
11.2092509004349	6.37355959455373	50
11.2200071266905	6.37006533031702	50
11.2308273035569	6.36677442491018	50
11.2417075866769	6.36368804757622	50
11.2526441103375	6.36080729489032	50
11.2636329888442	6.3581331903702	50
11.2746703179005	6.35566668411244	50
11.2857521759961	6.35340865245499	50
11.2968746257996	6.35135989766574	50
11.3080337155575	6.3495211476575	50
11.3192254804983	6.34789305572941	50
11.3304459442413	6.34647620033476	50
11.3416911202092	6.34527108487555	50
11.3529570130444	6.34427813752354	50
11.3642396200288	6.34349771106821	50
11.375534932506	6.34293008279137	50
11.3868389373051	6.34257545436863	50
11.3981476181672	6.34243395179778	50
11.4094569571717	6.34250562535401	50
11.4207629361643	6.34279044957206	50
11.4320615381846	6.34328832325523	50
11.4433487488931	6.34399906951137	50
11.4546205579975	6.34492243581573	50
11.4658729606777	6.34605809410065	50
11.4771019590086	6.34740564087215	50
11.4883035633806	6.34896459735327	50
11.4994737939171	6.35073440965422	50
11.5106086818882	6.35271444896909	50
11.5217042711213	6.35490401179936	50
11.5327566194063	6.35730232020377	50
11.5437617998967	6.35990852207476	50
11.5547159025041	6.36272169144123	50
11.565615035288	6.36574082879749	50
11.5764553258385	6.36896486145841	50
11.5872329226519	6.37239264394055	50
11.5979439964994	6.3760229583691	50
11.6085847417876	6.37985451491064	50
11.6191513779101	6.38388595223137	50
11.6296401505916	6.38811583798081	50
11.6400473332211	6.3925426693007	50
11.650369228176	6.39716487335894	50
11.6606021681364	6.40198080790844	50
11.6707425173873	6.40698876187059	50
11.680786673111	6.41218695594318	50
11.6907310666667	6.41757354323263	50
11.7005721648587	6.42314660991011	50
11.7103064711918	6.42890417589157	50
11.7199305271133	6.43484419554123	50
11.7294409132418	6.4409645583984	50
11.7388342505826	6.44726308992729	50
11.7481072017275	6.45373755228964	50
11.7572564720412	6.46038564513981	50
11.7662788108315	6.46720500644205	50
11.7751710125044	6.47419321330978	50
11.783929917703	6.48134778286637	50
11.7925524144299	6.48866617312732	50
11.8010354391532	6.49614578390341	50
11.8093759778945	6.50378395772456	50
11.8175710673002	6.51157798078397	50
11.8256177956939	6.51952508390237	50
11.8335133041115	6.52762244351185	50
11.8412547873164	6.53586718265912	50
11.8488394947964	6.54425637202759	50
11.8562647317411	6.55278703097824	50
11.8635278599992	6.56145612860857	50
11.8706262990157	6.57026058482946	50
11.8775575267492	6.57919727145954	50
11.8843190805674	6.5882630133366	50
11.8909085581224	6.59745458944573	50
11.8973236182042	6.60676873406369	50
11.9035619815725	6.61620213791927	50
11.9096214317665	6.62575144936898	50
11.9154998158925	6.63541327558793	50
11.9211950453885	6.64518418377528	50
11.9267050967665	6.65506070237388	50
11.9320280123317	6.66503932230369	50
11.9371619008774	6.67511649820856	50
11.9421049383575	6.68528864971589	50
11.9468553685343	6.69555216270868	50
11.9514115036025	6.70590339060962	50
11.9557717247892	6.71633865567675	50
11.9599344829284	6.72685425031006	50
11.963898299012	6.73744643836885	50
11.967661764715	6.74811145649915	50
11.971223542896	6.7588455154708	50
11.9745823680722	6.76964480152375	50
11.9777370468689	6.78050547772309	50
11.9806864584439	6.79142368532228	50
11.9834295548851	6.80239554513415	50
11.9859653615836	6.81341715890916	50
11.9882929775793	6.8244846107204	50
11.9904115758812	6.83559396835496	50
11.9923204037616	6.84674128471096	50
11.9940187830229	6.85792259919997	50
11.9955061102391	6.86913393915421	50
11.9967818569699	6.88037132123797	50
11.9978455699485	6.8916307528629	50
11.9986968712429	6.90290823360657	50
11.9993354583897	6.91419975663376	50
11.9997611045019	6.9255013101201	50
11.9999736583495	6.93680887867746	50
11.9999730444132	6.94811844478057	50
11.999759262911	6.95942599019444	50
11.9993323897985	6.97072749740204	50
11.9986925767418	6.98201895103166	50
11.9978400510632	6.9932963392836	50
11.9967751156612	7.0045556553555	50
11.9954981489023	7.01579289886599	50
11.9940096044865	7.02700407727595	50
11.9923100112867	7.03818520730707	50
11.9903999731603	7.04933231635709	50
11.9882801687347	7.06044144391125	50
11.9859513511662	7.07150864294942	50
11.9834143478728	7.08252998134849	50
11.9806700602396	7.09350154327939	50
11.9777194632989	7.10441943059842	50
11.9745636053838	7.11527976423221	50
11.9712036077555	7.12607868555591	50
11.9676406642053	7.13681235776421	50
11.96387604063	7.14747696723449	50
11.9599110745823	7.15806872488177	50
11.955747174796	7.168583867505	50
11.9513858206847	7.17901865912407	50
11.9468285618168	7.18936939230721	50
11.9420770173647	7.1996323894882	50
11.9371328755295	7.20980400427302	50
11.9319978929412	7.21988062273537	50
11.9266738940347	7.22985866470068	50
11.9211627704016	7.23973458501815	50
11.9154664801176	7.24950487482033	50
11.9095870470477	7.25916606276977	50
11.9035265601265	7.2687147162924	50
11.8972871726161	7.27814744279708	50
11.8908711013411	7.287460890881	50
11.8842806259011	7.2966517515204	50
11.8775180878608	7.30571675924627	50
11.8705858899175	7.31465269330453	50
11.8634864950484	7.32345637880034	50
11.8562224256345	7.33212468782618	50
11.8487962625651	7.34065454057312	50
11.8174845961239	7.37514235270876	50
11.7911730230676	7.40406528665012	50
11.7648930075986	7.43295346928348	50
11.7386450629236	7.46180633702538	50
11.7124296996057	7.49062332919658	50
11.6862474255641	7.51940388802204	50
11.6600987460743	7.54814745863095	50
11.6339841637683	7.57685348905674	50
11.607904178634	7.60552143023701	50
11.5818592880157	7.63415073601362	50
11.5558499866141	7.66274086313266	50
11.5298767664861	7.69129127124439	50
11.5039401170448	7.71980142290333	50
11.4780405250595	7.74827078356821	50
11.452178474656	7.77669882160198	50
11.4263544473161	7.8050850082718	50
11.4005689218781	7.83342881774907	50
11.3748223745364	7.86172972710939	50
11.3491152788417	7.88998721633258	50
11.323448105701	7.9182007683027	50
11.2978213233776	7.946369868808	50
11.2722353974911	7.97449400654099	50
11.2466907910171	8.00257267309835	50
11.2211879642877	8.03060536298103	50
11.1957273749913	8.05859157359415	50
11.1703094781724	8.0865308052471	50
11.1449347262319	8.11442256115345	50
11.1196035689268	8.142266347431	50
11.0943164533706	8.17006167310179	50
11.069073824033	8.19780805009205	50
11.0438761227397	8.22550499323226	50
11.018723788673	8.25315202025709	50
10.9936172583713	8.28074865180544	50
10.9685569657293	8.30829441142044	50
10.9435433419981	8.33578882554944	50
10.9185768157847	8.36323142354399	50
10.8936578130528	8.39062173765988	50
10.868786757122	8.4179593030571	50
10.8439640686685	8.44524365779989	50
10.8191901657245	8.47247434285667	50
10.7944654636785	8.49965090210012	50
10.7697903752754	8.52677288230712	50
10.7451653106163	8.55383983315875	50
10.7205906771586	8.58085130724035	50
10.6960668797158	8.60780686004145	50
10.6715943204578	8.63470604995581	50
10.6471733989109	8.66154843828142	50
10.6228045119573	8.68833358922047	50
10.5984880538358	8.71506106987938	50
10.5742244161414	8.74173045026878	50
10.5500139878253	8.76834130330355	50
10.5258571551948	8.79489320480275	50
10.5017543019139	8.82138573348968	50
10.4777058090024	8.84781847099186	50
10.4537120548367	8.87419100184102	50
10.4297734151493	8.90050291347314	50
10.405890263029	8.92675379622837	50
10.3820629689208	8.95294324335112	50
10.3582919006262	8.97907085099	50
10.3345774233026	9.00513621819785	50
10.3109198994641	9.03113894693172	50
10.2873196889806	9.0570786420529	50
10.2637771490786	9.08295491132687	50
10.2402926343408	9.10876736542334	50
10.2168664967061	9.13451561791626	50
10.1934990854696	9.16019928528378	50
10.1701907472829	9.18581798690827	50
10.1469418261537	9.21137134507632	50
10.1237526634458	9.23685898497876	50
10.1006235978797	9.2622805347106	50
10.0775549655318	9.2876356252711	50
10.0545470998349	9.31292389056375	50
10.0316003315781	9.33814496739621	50
10.0087149889066	9.36329849548043	50
9.98589139732209	9.38838411743251	50
9.96312987968233	9.41340147877281	50
9.94043075620149	9.43835022792592	50
9.9177943444499	9.46323001622061	50
9.89522095935424	9.48804049788988	50
9.8727109131974	9.51278133007099	50
9.85026451561856	9.53745217280537	50
9.82788207361313	9.5620526890387	50
9.80556389153283	9.58658254462087	50
9.78331027108565	9.61104140830598	50
9.76112151133578	9.63542895175236	50
9.73899790870374	9.65974484952256	50
9.7169397569663	9.68398877908335	50
9.69494734725648	9.70816042080573	50
9.67302096806357	9.73225945796488	50
9.65116090523313	9.75628557674025	50
9.62936744196699	9.78023846621548	50
9.60764085882323	9.80411781837844	50
9.58598143371621	9.82792332812122	50
9.56438944191656	9.85165469324011	50
9.54286515605116	9.87531161443565	50
9.52140884610314	9.89889379531258	50
9.50002077941195	9.92240094237987	50
9.47870122067325	9.9458327650507	50
9.45745043193899	9.96918897564249	50
9.43626867261738	9.99246928937684	50
9.4151561994729	10.0156734243796	50
9.39411326662629	10.0388011016809	50
9.37314012555456	10.0618520452149	50
9.35223702509099	10.0848259818202	50
9.33140421142512	10.1077226412395	50
9.31064192810273	10.1305417561197	50
9.2899504160259	10.153283062012	50
9.26932991345299	10.1759462973718	50
9.24878065599856	10.1985312035587	50
9.2283028766335	10.2210375248365	50
9.20789680568493	10.2434650083732	50
9.18756267083625	10.2658134042412	50
9.16730069712712	10.2880824654168	50
9.14711110695346	10.3102719477808	50
9.12699412006747	10.3323816101182	50
9.1069499535776	10.3544112141179	50
9.08697882194858	10.3763605243735	50
9.06708093700139	10.3982293083825	50
9.04725650791328	10.4200173365467	50
9.02750574121777	10.4417243821721	50
9.00782884080466	10.463350221469	50
8.98822600791997	10.4848946335517	50
8.96869744116602	10.506357400439	50
8.94924333650141	10.5277383070539	50
8.92986388724096	10.5490371412233	50
8.9105592840558	10.5702536936787	50
8.89132971497329	10.5913877580555	50
8.87217536537707	10.6124391308937	50
8.85309641800705	10.6334076116371	50
8.8340930529594	10.654293002634	50
8.81516544768656	10.6750951091368	50
8.79631377699722	10.6958137393022	50
8.77753821305635	10.716448704191	50
8.7588389253852	10.7369998177684	50
8.74021608086125	10.7574668969037	50
8.72166984371826	10.7778497613704	50
8.70320037554626	10.7981482338462	50
8.68480783529154	10.8183621399132	50
8.66649237925668	10.8384913080575	50
8.64825416110048	10.8585355696695	50
8.63009333183803	10.8784947590439	50
8.6120100398407	10.8983687133795	50
8.5940044308361	10.9181572727794	50
8.5760766479081	10.9378602802509	50
8.55822683149688	10.9574775817055	50
8.54045511939884	10.9770090259589	50
8.52276164676665	10.9964544647312	50
8.50514654610927	11.0158137526463	50
8.48760994729191	11.0350867472329	50
8.47015197753604	11.0542733089234	50
8.45277276141941	11.0733733010546	50
8.43547242087602	11.0923865898678	50
8.41825107519614	11.111313044508	50
8.40110884102632	11.1301525370248	50
8.38404583236936	11.148904942372	50
8.36706216058432	11.1675701384074	50
8.35015793438653	11.1861480058931	50
8.3333332598476	11.2046384284957	50
8.31658824039538	11.2230412927855	50
8.29992297681402	11.2413564882376	50
8.28333756724391	11.2595839072308	50
8.2668321071817	11.2777234450484	50
8.25040668948031	11.295774999878	50
8.23406140434896	11.3137384728111	50
8.21779633935306	11.3316137678437	50
8.20161157941438	11.349400791876	50
8.18550720681087	11.3670994547122	50
8.1694833011768	11.3847096690609	50
8.15353993950267	11.4022313505349	50
8.13767719613529	11.4196644176513	50
8.12189514277769	11.4370087918312	50
8.10619384848918	11.4542643974001	50
8.09057337968534	11.4714311615877	50
8.07503380013802	11.4885090145278	50
8.05957517097533	11.5054978892586	50
8.04419755068163	11.5223977217223	50
8.02890099509757	11.5392084507655	50
8.01368555742006	11.555930018139	50
7.99855128820226	11.5725623684978	50
7.98349823535361	11.589105449401	50
7.9685264441398	11.6055592113121	50
7.95363595718281	11.6219236075988	50
7.93882681446087	11.6381985945328	50
7.92409905330847	11.6543841312903	50
7.90945270841637	11.6704801799516	50
7.8948878118316	11.6864867055011	50
7.88040439295746	11.7024036758277	50
7.86600247855349	11.7182310617243	50
7.85168209273554	11.7339688368881	50
7.83744325697567	11.7496169779204	50
7.82328599010224	11.7651754643269	50
7.80921030829988	11.7806442785175	50
7.79521622510946	11.7960234058062	50
7.78130375142815	11.8113128344112	50
7.76747289550934	11.8265125554551	50
7.75372366296273	11.8416225629646	50
7.74005605675426	11.8566428538706	50
7.72647007720612	11.8715734280083	50
7.71296572199682	11.886414288117	50
7.69954298616107	11.9011654398404	50
7.6862018620899	11.9158268917263	50
7.67294233953056	11.9303986552267	50
7.65976440558661	11.9448807446979	50
7.64666804471783	11.9592731774003	50
7.63365323874032	11.9735759734986	50
7.62071996682637	11.9877891560618	50
7.6078682055046	12.001912751063	50
7.59509792865988	12.0159467873796	50
7.58240910753333	12.029891296793	50
7.56980171072234	12.0437463139892	50
7.55727570418058	12.0575118765581	50
7.54483105121797	12.071188024994	50
7.5324677125007	12.0847748026953	50
7.52018564605122	12.0982722559647	50
7.50798480724825	12.1116804340091	50
7.49586514882679	12.1249993889395	50
7.48382662087807	12.1382291757714	50
7.47186917084962	12.1513698524243	50
7.45999274354522	12.1644214797219	50
7.44819728112492	12.1773841213923	50
7.43648272310502	12.1902578440676	50
7.42484900635812	12.2030427172843	50
7.41329606511304	12.2157388134831	50
7.40182383095489	12.2283462080088	50
7.39043223282506	12.2408649791104	50
7.37912119702117	12.2532952079414	50
7.36789064719714	12.2656369785592	50
7.35674050436312	12.2778903779256	50
7.34567068688556	12.2900554959066	50
7.33468111048715	12.3021324252723	50
7.32377168824688	12.3141212616972	50
7.31294233059995	12.3260221037598	50
7.30219294533786	12.3378350529431	50
7.29152343760838	12.3495602136341	50
7.28093370991554	12.3611976931241	50
7.27042366211962	12.3727476016085	50
7.25999319143718	12.3842100521872	50
7.24964219244105	12.3955851608641	50
7.23937055706031	12.4068730465473	50
7.22917817458032	12.4180738310492	50
7.21906493164268	12.4291876390864	50
7.2090307122453	12.4402145982798	50
7.19907539774231	12.4511548391544	50
7.18919886684412	12.4620084951395	50
7.17940099561743	12.4727757025685	50
7.16968165748516	12.4834566006792	50
7.16004072322654	12.4940513316134	50
7.15047806097703	12.5045600404174	50
7.14099353622838	12.5149828750414	50
7.13158701182859	12.5253199863401	50
7.12225834798193	12.5355715280723	50
7.11300740224895	12.545737656901	50
7.10383402954644	12.5558185323934	50
7.09473808214747	12.565814317021	50
7.08571940968136	12.5757251761596	50
7.07677785913372	12.5855512780888	50
7.06791327484641	12.595292793993	50
7.05912549851757	12.6049498979605	50
7.05041436920156	12.6145227669837	50
7.04177972330907	12.6240115809596	50
7.03322139460702	12.633416522689	50
7.02473921421859	12.6427377778772	50
7.01633301062324	12.6519755351337	50
7.00800260965667	12.6611299859721	50
6.9997478345109	12.6702013248103	50
6.99156850573415	12.6791897489704	50
6.98346444123096	12.6880954586786	50
6.97543545626209	12.6969186570657	50
6.9674813634446	12.7056595501662	50
6.95960197275179	12.7143183469192	50
6.95179709151324	12.7228952591679	50
6.9440665244148	12.7313905016596	50
6.93641007349858	12.7398042920461	50
6.92882753816293	12.7481368508832	50
6.92131871516252	12.756388401631	50
6.91388339860823	12.7645591706537	50
6.90652137996722	12.7726493872199	50
6.89923244806295	12.7806592835024	50
6.89201638907511	12.788589094578	50
6.88487298653966	12.7964390584279	50
6.87780202134883	12.8042094159376	50
6.87080327175112	12.8119004108966	50
6.86387651335129	12.8195122899988	50
6.85702151911035	12.8270453028423	50
6.85023805934561	12.8344997019293	50
6.83688481129519	12.849173683364	50
6.82381487886367	12.8635363124055	50
6.81102632941492	12.877589713624	50
6.79851718801307	12.8913360580571	50
6.78628543742248	12.9047775632099	50
6.77432901810775	12.917916493055	50
6.76264582823375	12.9307551580326	50
6.75123372366558	12.9432959150504	50
6.74009051796858	12.9555411674836	50
6.72921398240834	12.9674933651749	50
6.7186018459507	12.9791550044345	50
6.70825179526174	12.9905286280401	50
6.69816147470777	13.0016168252371	50
6.68832848635537	13.0124222317381	50
6.67875038997135	13.0229475297235	50
6.66942470302277	13.0331954478411	50
6.66034890067693	13.0431687612062	50
6.65152041580138	13.0528702914017	50
6.6429366389639	13.0623029064778	50
6.63459491843255	13.0714695209524	50
6.62649256017559	13.080373095811	50
6.61862682786155	13.0890166385065	50
6.61099494285921	13.0974032029591	50
6.60359408423758	13.1055358895569	50
6.59642138876591	13.1134178451554	50
6.58947395091372	13.1210522630774	50
6.57946869222692	13.1320468565647	50
6.56995349327269	13.1425029210272	50
6.56091801252931	13.1524318220342	50
6.55235169433256	13.1618451603971	50
6.54424376887574	13.170754772169	50
6.53658325220959	13.1791727286447	50
6.52935894624238	13.1871113363609	50
6.52255943873985	13.1945831370961	50
6.51413410053243	13.203841511505	50
6.50641511479085	13.2123236854607	50
6.49937365370344	13.220061339259	50
6.49147958352219	13.2287358914221	50
6.48453888180565	13.2363628087544	50
6.47738281179915	13.2442263806015	50
6.47051402479406	13.2517742607742	50
6.46375017244591	13.2592068279493	50
6.45698006222727	13.2666462706064	50
6.45021326147288	13.2740820765958	50
6.44346726789918	13.2814768242182	50
6.43668176053852	13.288829191605	50
6.42955116479929	13.2964547201078	50
6.42261074642175	13.3037865345672	50
6.415592160869	13.3111186678822	50
6.40750925964713	13.3194689945404	50
6.39990885543747	13.3272365188497	50
6.39147897170032	13.3357631036623	50
6.38411090614925	13.3431441196022	50
6.37616612051939	13.3510323466661	50
6.36762466531551	13.3594356023465	50
6.3584668521237	13.3683606717529	50
6.35118231072951	13.3754004135049	50
6.34353203520818	13.3827389783952	50
6.3355080086373	13.3903780856082	50
6.32710229670224	13.3983191276757	50
6.31830704769614	13.4065631704773	50
6.3091144925199	13.4151109532401	50
6.29951694468223	13.4239628885385	50
6.28950680029956	13.4331190622947	50
6.27907653809613	13.4425792337783	50
6.26821871940394	13.4523428356065	50
6.26073900620467	13.4590200478491	50
6.25306383766301	13.4658313818406	50
6.24519107092012	13.4727764275027	50
6.23711857943476	13.4798547102332	50
6.22884425298327	13.4870656909061	50
6.22036599765956	13.4944087658713	50
6.21168173587512	13.5018832669548	50
6.20278940635907	13.5094884614586	50
6.19368696415805	13.5172235521609	50
6.18437238063633	13.5250876773158	50
6.17484364347576	13.5330799106536	50
6.16509875667575	13.5411992613805	50
6.15513574055333	13.5494446741789	50
6.14495263174309	13.5578150292071	50
6.1345474831972	13.5663091420996	50
6.12391836418542	13.5749257639669	50
6.11306336029512	13.5836635813957	50
6.10198057343123	13.5925212164484	50
6.09066812181626	13.6014972266638	50
6.07912413999033	13.6105901050565	50
6.06734677881111	13.6197982801175	50
6.05533420545387	13.6291201158135	50
6.04308460341149	13.6385539115874	50
6.0305961724944	13.6480979023582	50
6.01786712883062	13.6577502585208	50
6.00489570486577	13.6675090859465	50
5.99168014936305	13.6773724259822	50
5.97821872740323	13.6873382554511	50
5.96450972038468	13.6974044866525	50
5.95055142602336	13.7075689673618	50
5.93634215835279	13.7178294808301	50
5.9218802477241	13.728183745785	50
5.90716404080598	13.7386294164298	50
5.89219190058474	13.7491640824442	50
5.87696220636424	13.7597852689836	50
5.86147335376594	13.7704904366797	50
5.84572375472888	13.7812769816402	50
5.82971183750969	13.7921422354488	50
5.81343604668259	13.8030834651654	50
5.79689484313936	13.8140978733257	50
5.78852423508973	13.8196316274714	50
5.7800867040894	13.8251825979416	50
5.77158206233916	13.830750416906	50
5.76301012305967	13.8363347125013	50
5.7543707004914	13.8419351088317	50
5.74566360989471	13.8475512259686	50
5.73688866754978	13.8531826799506	50
5.72804569075666	13.8588290827836	50
5.71913449783523	13.8644900424407	50
5.71015490812525	13.8701651628624	50
5.70110674198627	13.8758540439564	50
5.69198982079777	13.8815562815974	50
5.682803966959	13.8872714676277	50
5.67354900388911	13.8929991898566	50
5.6642247560271	13.8987390320609	50
5.65483104883177	13.9044905739845	50
5.64536770878182	13.9102533913384	50
5.63583456337578	13.9160270558013	50
5.62623144113203	13.9218111350186	50
5.61655817158879	13.9276051926034	50
5.60681458530415	13.9334087881359	50
5.59700051385604	13.9392214771634	50
5.58711578984222	13.9450428112007	50
5.57716024688032	13.9508723377298	50
5.56713371960782	13.9567096001998	50
5.55703604368205	13.9625541380271	50
5.54686705578016	13.9684054865955	50
5.53662659359919	13.974263177256	50
5.52631449585601	13.9801267373267	50
5.51593060228733	13.9859956900931	50
5.50547475364972	13.991869554808	50
5.49494679171961	13.9977478466913	50
5.48434655929324	14.0036300769303	50
5.47367390018675	14.0095157526793	50
5.46292865923611	14.0154043770602	50
5.4521106822971	14.021295449162	50
5.44121981624541	14.0271884640409	50
5.43025590897655	14.0330829127203	50
5.41921880940587	14.0389782821911	50
5.40810836746859	14.0448740554112	50
5.39692443411976	14.0507697113059	50
5.38566686133429	14.0566647247677	50
5.37433550210694	14.0625585666563	50
5.36293021045231	14.0684507037989	50
5.35145084140487	14.0743405989895	50
5.33989725101891	14.0802277109899	50
5.32826929636858	14.0861114945287	50
5.3165668355479	14.0919914003019	50
5.3047897276707	14.097866874973	50
5.2929378328707	14.1037373611723	50
5.28101101230143	14.1096022974977	50
5.2690091281363	14.1154611185142	50
5.25693204356856	14.1213132547542	50
5.24477962281129	14.1271581327171	50
5.23255173109746	14.1329951748698	50
5.22024823467984	14.1388237996464	50
5.2078690008311	14.1446434214481	50
5.1954138978437	14.1504534506436	50
5.18288279503	14.1562532935685	50
5.1702755627222	14.1620423525261	50
5.15759207227232	14.1678200257866	50
5.14483219605226	14.1735857075877	50
5.13199580745376	14.179338788134	50
5.1190827808884	14.1850786535978	50
5.10609299178761	14.1908046861184	50
5.0930263166027	14.1965162638024	50
5.07988263280477	14.2022127607235	50
5.06666181888482	14.207893546923	50
5.05336375435369	14.2135579884091	50
5.03998831974204	14.2192054471575	50
5.02653539660043	14.2248352811111	50
5.01300486749921	14.2304468441798	50
4.99939661602862	14.2360394862412	50
4.98571052679874	14.2416125531399	50
4.97194648543949	14.2471653866876	50
4.95810437860065	14.2526973246636	50
4.94418409395184	14.2582077008142	50
4.93018552018254	14.2636958448531	50
4.91610854700206	14.2691610824611	50
4.90195306513959	14.2746027352863	50
4.88771896634413	14.2800201209443	50
4.87340614338457	14.2854125530176	50
4.85901449004961	14.2907793410561	50
4.84454390114783	14.2961197905771	50
4.82999427250764	14.3014332030648	50
4.81536550097731	14.306718875971	50
4.80065748442495	14.3119761027145	50
4.78587012173853	14.3172041726817	50
4.77100331282585	14.3224023712258	50
4.75605695861459	14.3275699796675	50
4.74103096105225	14.3327062752948	50
4.72592522310619	14.3378105313629	50
4.71073964876361	14.3428820170942	50
4.6954741430316	14.3479199976784	50
4.68012861193703	14.3529237342724	50
4.66470296252668	14.3578924840005	50
4.64919710286714	14.3628254999541	50
4.63361094204487	14.3677220311918	50
4.61794439016618	14.3725813227397	50
4.60219735835721	14.377402615591	50
4.58636975876397	14.3821851467061	50
4.57046150455231	14.3869281490127	50
4.55447250990792	14.3916308514059	50
4.53840269003636	14.3962924787479	50
4.52225196116303	14.400912251868	50
4.50602024053316	14.4054893875631	50
4.48970744641186	14.4100230985972	50
4.47331349808406	14.4145125937015	50
4.45683831585458	14.4189570775744	50
4.44028182104802	14.4233557508818	50
4.42364393600892	14.4277078102567	50
4.4069245841016	14.4320124482992	50
4.39012368971023	14.4362688535769	50
4.37324117823887	14.4404762106245	50
4.35627697611141	14.4446336999442	50
4.33923101077158	14.448740498005	50
4.32210321068297	14.4527957772437	50
4.30489350532901	14.4567987060638	50
4.28760182521298	14.4607484488366	50
4.27022810185802	14.4646441659002	50
4.25277226780712	14.4684850135601	50
4.23523425662309	14.4722701440893	50
4.21761400288863	14.4759987057276	50
4.19991144220626	14.4796698426825	50
4.18212651119837	14.4832826951285	50
4.16425914750716	14.4868363992073	50
4.14630928979474	14.490330087028	50
4.12827687774301	14.493762886667	50
4.11016185205374	14.4971339221677	50
4.09196415444858	14.5004423135411	50
4.07368372766899	14.5036871767652	50
4.05532051547629	14.5068676237853	50
4.03687446265165	14.509982762514	50
4.01834551499609	14.5130316968311	50
3.99973361933048	14.5160135265837	50
3.98103872349554	14.5189273475861	50
3.96226077635183	14.52177225162	50
3.94339972777976	14.5245473264341	50
3.92445552867962	14.5272516557447	50
3.9054281309715	14.529884319235	50
3.88631748759537	14.5324443925556	50
3.86712355251105	14.5349309473244	50
3.84784628069819	14.5373430511266	50
3.8284856281563	14.5396797675144	50
3.80904155190475	14.5419401560075	50
3.78951400998273	14.5441232720928	50
3.76990296144932	14.5462281672244	50
3.75020836638341	14.5482538888236	50
3.73043018588375	14.5501994802792	50
3.71056838206897	14.552063980947	50
3.6906229180775	14.5538464261501	50
3.67059375806765	14.555545847179	50
3.65048086721757	14.5571612712912	50
3.63028421172526	14.5586917217118	50
3.61000375880857	14.5601362176328	50
3.58963947670521	14.5614937742136	50
3.5691913346727	14.562763402581	50
3.54865930298846	14.5639441098287	50
3.52804335294973	14.5650348990181	50
3.5073434568736	14.5660347691775	50
3.48655958809702	14.5669427153026	50
3.46569172097678	14.5677577283564	50
3.44473983088952	14.5684787952689	50
3.42370389423174	14.5691048989377	50
3.40258388841976	14.5696350182274	50
3.38137979188979	14.57006812797	50
3.36009158409786	14.5704031989647	50
3.33871924551985	14.5706391979779	50
3.31726275765151	14.5707750877434	50
3.29572210300841	14.570809826962	50
3.27409726512599	14.5707423703021	50
3.25238822855954	14.570571668399	50
3.23059497888418	14.5702966678555	50
3.20871750269491	14.5699163112415	50
3.18675578760654	14.5694295370944	50
3.16470982225376	14.5688352799185	50
3.14257959629109	14.5681324701855	50
3.12036510039292	14.5673200343346	50
3.09806632625347	14.5663968947719	50
3.07568326658681	14.5653619698709	50
3.05321591512687	14.5642141739724	50
3.03066426662742	14.5629524173843	50
3.0080283168621	14.5615756063819	50
2.98530806262436	14.5600826432078	50
2.96250350172752	14.5584724260716	50
2.93961463300476	14.5567438491504	50
2.9166414563091	14.5548958025885	50
2.89358397251341	14.5529271724974	50
2.87044218351039	14.5508368409558	50
2.84721609221263	14.5486236860098	50
2.82390570255252	14.5462865816726	50
2.80051101948234	14.5438243979249	50
2.7770320489742	14.5412360007143	50
2.75346879802006	14.538520251956	50
2.72982127463173	14.5356760095322	50
2.70608948784088	14.5327021272925	50
2.682273447699	14.5295974550537	50
2.65837316527747	14.5263608385997	50
2.63438865266748	14.5229911196821	50
2.61031992298009	14.5194871360192	50
2.58616699034621	14.515847721297	50
2.5619298699166	14.5120717051684	50
2.53760857786185	14.5081579132539	50
2.51320313137242	14.5041051671409	50
2.48871354865861	14.4999122843844	50
2.46413984895057	14.4955780785063	50
2.4394820524983	14.4911013589962	50
2.41474018057165	14.4864809313104	50
2.38991425546032	14.4817155968729	50
2.36500430047385	14.4768041530748	50
2.34001033994163	14.4717453932745	50
2.31493239921292	14.4665381067975	50
2.28977050465681	14.4611810789366	50
2.26452468366224	14.4556730909521	50
2.239194964638	14.4500129200712	50
2.21378137701273	14.4441993394886	50
2.18828395123493	14.4382311183662	50
2.16270271877293	14.4321070218331	50
2.13703771211492	14.4258258109856	50
2.11128896476893	14.4193862428875	50
2.08545651126286	14.4127870705695	50
2.05954038714444	14.4060270430298	50
2.03354062898125	14.3991049052339	50
2.00745727436072	14.3920193981143	50
1.98129036189015	14.384769258571	50
1.95503993119665	14.3773532194711	50
1.92870602292721	14.3697700096491	50
1.90228867874866	14.3620183539065	50
1.87578794134769	14.3540969730124	50
1.8492038544308	14.3460045837028	50
1.82253646272439	14.3377398986812	50
1.79578581197467	14.3293016266183	50
1.76895194894773	14.320688472152	50
1.74203492142948	14.3118991358874	50
1.7150347782257	14.3029323143971	50
1.68795156916201	14.2937867002207	50
1.66078534508389	14.2844609818651	50
1.63353615785664	14.2749538438046	50
1.60620406036544	14.2652639664806	50
1.57878910651531	14.2553900263017	50
1.55129135123112	14.245330695644	50
1.52371085045757	14.2350846428507	50
1.49604766115924	14.2246505322322	50
1.46830184132054	14.2140270240663	50
1.44047344994573	14.2032127745979	50
1.41256254705893	14.1922064360392	50
1.3845691937041	14.1810066565697	50
1.35649345194503	14.1696120803362	50
1.32833538486541	14.1580213474526	50
1.30009505656873	14.1462330940002	50
1.27177253217835	14.1342459520274	50
1.24336787783748	14.1220585495501	50
1.21488116070917	14.1096695105511	50
1.18631244897633	14.0970774549808	50
1.15766181184171	14.0842809987567	50
1.12892931952791	14.0712787537635	50
1.10011504327739	14.0580693278533	50
1.07121905535244	14.0446513248452	50
1.04224142903522	14.0310233445259	50
1.01318223862772	14.0171839826491	50
0.984041559451796	14.0031318309358	50
0.954819467849141	13.9888654770743	50
0.9255160411813	13.9743835047201	50
0.89613135782967	13.9596844934961	50
0.866665497195491	13.9447670189922	50
0.837118539699858	13.9296296527658	50
0.807490566783713	13.9142709623414	50
0.777781660907849	13.8986895112108	50
0.747991905552905	13.8828838588331	50
0.718121385219369	13.8668525606345	50
0.68817018542758	13.8505941680087	50
0.658138392717724	13.8341072283164	50
0.62802609464984	13.8173902848858	50
0.597833379803809	13.800441877012	50
0.567560337779369	13.7832605399579	50
0.537207059196103	13.765844804953	50
0.506773635693442	13.7481931991946	50
0.476260159930668	13.7303042458469	50
0.445666725586911	13.7121764640416	50
0.41499342736115	13.6938083688775	50
0.384240360972218	13.6751984714207	50
