0.138701605688376	1.66248143988321	19
0.13309652655597	1.65413599160077	19
0.127596759213011	1.64572076859192	19
0.122203172136519	1.63723709971792	19
0.116916617036416	1.62868632464844	19
0.111737928721037	1.62006979364997	19
0.106667924965299	1.61138886737266	19
0.101707406381571	1.60264491663538	19
0.0968571562932387	1.59383932220934	19
0.0921179406110184	1.58497347459996	19
0.087490507712005	1.57604877382735	19
0.0829755883214959	1.56706662920524	19
0.0785738953976013	1.55802845911838	19
0.0742861240186603	1.54893569079859	19
0.0701129512734788	1.53978976009941	19
0.0660550361544104	1.53059211126931	19
0.0621130194532932	1.52134419672367	19
0.0582875236602614	1.5120474768154	19
0.0545791528654475	1.50270341960434	19
0.0509884926635887	1.49331350062545	19
0.0475161100615553	1.48387920265578	19
0.0441625533888131	1.47440201548035	19
0.0409283522108365	1.46488343565688	19
0.0378140172454836	1.45532496627947	19
0.0348200402823476	1.44572811674123	19
0.0319468941050987	1.43609440249596	19
0.0291950324168245	1.42642534481882	19
0.0265648897683864	1.41672247056609	19
0.0240568814897982	1.4069873119341	19
0.0216714036246407	1.39722140621726	19
0.0194088328675222	1.38742629556529	19
0.0172695265045938	1.3776035267397	19
0.0152538223571298	1.36775465086957	19
0.0133620387281819	1.35788122320657	19
0.0115944743523153	1.34798480287937	19
0.00995140834843544	1.33806695264748	19
0.00843310017571108	1.32812923865441	19
0.00703978959260354	1.31817323018041	19
0.00577169661900578	1.30820049939463	19
0.00462902150149835	1.29821262110686	19
0.00361194468172887	1.28821117251888	19
0.00272062676791729	1.27819773297536	19
0.00195520850949471	1.26817388371447	19
0.0013158107748773	1.25814120761821	19
0.000802534532379329	1.24810128896245	19
0.000415460834269576	1.23805571316673	19
0.000154650803972145	1.22800606654392	19
2.01456264142807e-05	1.21795393604971	19
1.19665415226899e-05	1.20790090903204	19
0.000130114840869555	1.19784857298042	19
0.000374571867469031	1.18779851527524	19
0.000745299018722667	1.17775232293711	19
0.00124223775251564	1.16771158237626	19
0.00186530959646114	1.15767787914203	19
0.00261441616029223	1.14765279767247	19
0.00348943915139865	1.13763792104415	19
0.00449024039350643	1.1276348307222	19
0.00561666184849752	1.11764510631053	19
0.00686852564136675	1.10767032530243	19
0.00824563408830892	1.09771206283146	19
0.00974776972793634	1.0877718914227	19
0.0113746953556181	1.07785138074445	19
0.0131261540609379	1.06795209736033	19
0.0150018692682623	1.05807560448197	19
0.0170015447804164	1.04822346172207	19
0.0191248648254556	1.03839722484819	19
0.0213714941065307	1.02859844553703	19
0.0237410778548344	1.01882867112944	19
0.0262332418856237	1.00908944438606	19
0.0288475926573081	0.999382303243685	19
0.0315837173335941	0.989708780572435	19
0.0344411838486772	0.980070403933679	19
0.0374195409754702	0.970468695338816	19
0.040518318396856	0.960905171008942	19
0.0437370267799582	0.951381341135415	19
0.0470751578534102	0.941898709641372	19
0.0505321844876189	0.932458773944253	19
0.0541075607780035	0.923063024719335	19
0.0578007221312007	0.913712945664342	19
0.0616110853542202	0.904410013265146	19
0.0655380487465383	0.895155696562615	19
0.0695809921951123	0.885951456920635	19
0.0737392772723044	0.876798747795345	19
0.0780122473366969	0.867699014505616	19
0.0823992276367822	0.858653694004825	19
0.0868995254175159	0.849664214653934	19
0.0915124300297089	0.840731995995943	19
0.0962372130422489	0.831858448531722	19
0.101073128357126	0.823044973497282	19
0.106019412327254	0.814292962642499	19
0.111075283877052	0.805603798011346	19
0.116239944625796	0.796978851723644	19
0.121512579013681	0.788419485758395	19
0.126892354430616	0.779927051738708	19
0.132378421347697	0.771502890718365	19
0.137969913451362	0.763148332970045	19
0.14366594778019	0.754864697775266	19
0.149465624864329	0.746653293216053	19
0.155368028867535	0.738515415968374	19
0.161372227731794	0.730452351097384	19
0.167477273324503	0.722465371854495	19
0.173682201588189	0.714555739476321	19
0.179986032692751	0.706724702985502	19
0.186387771190181	0.698973498993483	19
0.192886406171758	0.691303351505228	19
0.199480911427685	0.683715471725941	19
0.206170245609135	0.6762110578698	19
0.212953352392697	0.668791294970747	19
0.219829160647177	0.661457354695356	19
0.226796584602744	0.654210395157815	19
0.233854524022387	0.647051560737044	19
0.241001864375654	0.639981981895987	19
0.248237477014648	0.633002775003094	19
0.255560219352255	0.626115042156041	19
0.262968935042573	0.619319871007686	19
0.270462454163509	0.612618334594332	19
0.278039593401526	0.606011491166258	19
0.285699156238503	0.599500384020637	19
0.293439933140673	0.593086041336761	19
0.301260701749632	0.5867694760137	19
0.309160227075353	0.580551685510342	19
0.317137261691215	0.574433651687887	19
0.325190545930978	0.568416340654796	19
0.333318808087704	0.562500702614239	19
0.341520764614574	0.556687671714036	19
0.34979512032757	0.550978165899155	19
0.358140568610008	0.545373086766748	19
0.366555791618858	0.539873319423789	19
0.375039460492857	0.534479732347297	19
0.383590235562343	0.529193177247194	19
0.392206766560809	0.524014488931815	19
0.400887692838124	0.518944485176076	19
0.409631643575396	0.513983966592349	19
0.418437238001442	0.509133716504017	19
0.427303085610822	0.504394500821796	19
0.436227786383425	0.499767067922782	19
0.445209931005539	0.495252148532273	19
0.454248101092404	0.490850455608379	19
0.46334086941219	0.486562684229439	19
0.472486800111372	0.482389511484257	19
0.48168444894147	0.478331596365189	19
0.490932363487111	0.474389579664072	19
0.500229083395383	0.470564083871039	19
0.509573140606441	0.466855713076226	19
0.518963059585333	0.463265052874368	19
0.528397357555	0.459792670272334	19
0.537874544730427	0.456439113599592	19
0.547393124553896	0.453204912421615	19
0.556951593931309	0.450090577456262	19
0.566548443469547	0.447096600493126	19
0.576182157714817	0.444223454315877	19
0.585851215391963	0.441471592627602	19
0.59555408964469	0.438841449979165	19
0.605289248276674	0.436333441700576	19
0.615055153993514	0.433947963835418	19
0.624850264645488	0.4316853930783	19
0.634673033471074	0.429546086715371	19
0.644521909341205	0.427530382567907	19
0.654395337004211	0.42563859893896	19
0.664291757331407	0.423871034563094	19
0.6742096075633	0.422227968559215	19
0.684147321556367	0.420709660386489	19
0.694103330030367	0.419316349803381	19
0.704076060816149	0.418048256829783	19
0.714063939103914	0.416905581712276	19
0.724065387691896	0.415888504892507	19
0.734078827235424	0.414997186978695	19
0.744102676496314	0.414231768720272	19
0.754135352592566	0.413592370985656	19
0.764175271248325	0.413079094743157	19
0.774220847044047	0.412692021045048	19
0.784270493666863	0.41243121101475	19
0.79432262416107	0.412296705837193	19
0.804375651178737	0.412288526752301	19
0.814427987230359	0.412406675051647	19
0.824478044935542	0.412651132078247	19
0.834524237273671	0.413021859229501	19
0.844564977834517	0.413518797963293	19
0.854598681068749	0.414141869807239	19
0.864623762538313	0.414890976371071	19
0.87463863916663	0.415765999362177	19
0.884641729488584	0.416766800604284	19
0.894631453900253	0.417893222059275	19
0.904606234908349	0.419145085852145	19
0.914564497379318	0.420522194299087	19
0.924504668788078	0.422024329938715	19
0.934425179466333	0.423651255566396	19
0.944324462850443	0.425402714271716	19
0.954200955728807	0.42727842947904	19
0.964053098488708	0.429278104991194	19
0.973879335362593	0.431401425036233	19
0.983678114673751	0.43364805431731	19
0.993447889081339	0.436017638065612	19
1.00318711582472	0.438509802096402	19
1.01289425696709	0.441124152868086	19
1.02256777963834	0.443860277544372	19
1.0322061562771	0.446717744059455	19
1.04180786487196	0.449696101186248	19
1.05137138920184	0.452794878607634	19
1.06089521907536	0.456013586990737	19
1.07037785056941	0.459351718064189	19
1.07981778626653	0.462808744698398	19
1.08921353549144	0.466384120988781	19
1.09856361454644	0.470077282341979	19
1.10786654694563	0.473887645564998	19
1.11712086364816	0.477814608957317	19
1.12632510329014	0.481857552405891	19
1.13547781241543	0.486015837483082	19
1.14457754570516	0.490288807547476	19
1.15362286620595	0.49467578784756	19
1.16261234555684	0.499176085628294	19
1.17154456421484	0.503788990240487	19
1.18041811167906	0.508513773253027	19
1.1892315867135	0.513349688567905	19
1.19798359756828	0.518295972538033	19
1.20667276219943	0.523351844087831	19
1.21529770848714	0.528516504836574	19
1.22385707445238	0.53378913922446	19
1.23234950847207	0.539168914641394	19
1.24077366949241	0.544654981558475	19
1.24912822724073	0.55024647366214	19
1.25741186243551	0.555942507990968	19
1.26562326699473	0.561742185075108	19
1.27377225618694	0.567598574107803	19
1.28643989549725	0.576663658004362	19
1.29910659419139	0.585672617041629	19
1.31177235226937	0.594625451219605	19
1.32443716973117	0.603522160538294	19
1.33710104657681	0.612362744997689	19
1.34976398280628	0.621147204597797	19
1.36242597841959	0.629875539338611	19
1.37508703341672	0.638547749220139	19
1.38774714779769	0.647163834242376	19
1.4004063215625	0.655723794405324	19
1.41306455471113	0.664227629708979	19
1.4257218472436	0.672675340153349	19
1.4383781991599	0.681066925738426	19
1.45103361046003	0.689402386464211	19
1.46368808114399	0.697681722330707	19
1.47634161121179	0.705904933337916	19
1.48899420066342	0.714072019485831	19
1.50164584949888	0.722182980774456	19
1.51429655771817	0.730237817203795	19
1.5269463253213	0.738236528773839	19
1.53959515230826	0.746179115484596	19
1.55224303867905	0.754065577336062	19
1.56488998443367	0.761895914328237	19
1.57753598957213	0.769670126461127	19
1.59018105409442	0.777388213734723	19
1.60282517800054	0.785050176149028	19
1.6154683612905	0.792656013704043	19
1.62811060396428	0.800205726399771	19
1.6407519060219	0.807699314236205	19
1.65339226746335	0.81513677721335	19
1.66603168828864	0.822518115331206	19
1.67867016849775	0.829843328589773	19
1.6913077080907	0.837112416989047	19
1.70394430706748	0.844325380529034	19
1.7165799654281	0.85148221920973	19
1.72921468317254	0.858582933031137	19
1.74184846030082	0.865627521993252	19
1.75448129681293	0.872615986096077	19
1.76711319270888	0.879548325339613	19
1.77974414798866	0.88642453972386	19
1.79237416265226	0.893244629248812	19
1.80500323669971	0.900008593914478	19
1.81763137013098	0.906716433720854	19
1.83025856294609	0.913368148667939	19
1.84288481514502	0.919963738755733	19
1.8555101267278	0.92650320398424	19
1.8681344976944	0.932986544353453	19
1.88075792804484	0.939413759863381	19
1.8933804177791	0.945784850514016	19
1.90600196689721	0.952099816305358	19
1.91862257539914	0.958358657237415	19
1.93124224328491	0.964561373310179	19
1.94386097055451	0.970707964523653	19
1.95647875720794	0.976798430877837	19
1.9690956032452	0.982832772372733	19
1.9817115086663	0.988810989008337	19
1.99432647347123	0.994733080784654	19
2.00694049765999	1.00059904770168	19
2.01955358123258	1.00640888975941	19
2.03216572418901	1.01216260695786	19
2.04477692652927	1.01786019929701	19
2.05738718825336	1.02350166677688	19
2.06999650936128	1.02908700939745	19
2.08260488985304	1.03461622715873	19
2.09521232972863	1.04008932006073	19
2.10781882898805	1.04550628810343	19
2.1204243876313	1.05086713128685	19
2.13302900565839	1.05617184961097	19
2.14563268306931	1.0614204430758	19
2.15823541986406	1.06661291168135	19
2.17083721604264	1.0717492554276	19
2.18343807160506	1.07682947431457	19
2.1960379865513	1.08185356834224	19
2.20863696088139	1.08682153751062	19
2.2212349945953	1.09173338181972	19
2.23383208769304	1.09658910126952	19
2.24642824017462	1.10138869586004	19
2.25902345204003	1.10613216559126	19
2.27161772328928	1.11081951046319	19
2.28421105392235	1.11545073047583	19
2.29680344393926	1.12002582562919	19
2.30939489334	1.12454479592325	19
2.32198540212458	1.12900764135803	19
2.33457497029298	1.13341436193351	19
2.34716359784522	1.1377649576497	19
2.35975128478129	1.14205942850661	19
2.3723380311012	1.14629777450422	19
2.38492383680493	1.15047999564254	19
2.3975087018925	1.15460609192157	19
2.4100926263639	1.15867606334132	19
2.42267561021914	1.16268990990177	19
2.4352576534582	1.16664763160293	19
2.4478387560811	1.17054922844481	19
2.46041891808783	1.17439470042739	19
2.47299813947839	1.17818404755068	19
2.48557642025279	1.18191726981468	19
2.49815376041102	1.1855943672194	19
2.51073015995308	1.18921533976482	19
2.52330561887897	1.19278018745095	19
2.5358801371887	1.1962889102778	19
2.54845371488226	1.19974150824535	19
2.56102635195965	1.20313798135361	19
2.57359804842087	1.20647832960258	19
2.58616880426593	1.20976255299226	19
2.59873861949482	1.21299065152266	19
2.61130749410754	1.21616262519376	19
2.62387542810409	1.21927847400557	19
2.63644242148448	1.22233819795809	19
2.64900847424869	1.22534179705132	19
2.66157358639674	1.22828927128527	19
2.67413775792863	1.23118062065992	19
2.68670098884434	1.23401584517528	19
2.69926327914389	1.23679494483135	19
2.71182462882727	1.23951791962813	19
2.72438503789449	1.24218476956563	19
2.73694450634553	1.24479549464383	19
2.74950303418041	1.24735009486274	19
2.76206062139912	1.24984857022236	19
2.77461726800166	1.25229092072269	19
2.78717297398804	1.25467714636374	19
2.79972773935825	1.25700724714549	19
2.81228156411229	1.25928122306795	19
2.82483444825016	1.26149907413112	19
2.83738639177187	1.263660800335	19
2.84993739467741	1.26576640167959	19
2.86248745696678	1.26781587816489	19
2.87503657863998	1.2698092297909	19
2.88758475969701	1.27174645655763	19
2.90013200013788	1.27362755846506	19
2.91267829996258	1.2754525355132	19
2.92522365917112	1.27722138770205	19
2.93776807776348	1.27893411503161	19
2.95031155573968	1.28059071750188	19
2.96285409309971	1.28219119511286	19
2.97539568984357	1.28373554786455	19
2.98793634597127	1.28522377575695	19
3.0004760614828	1.28665587879007	19
3.01301483637816	1.28803185696388	19
3.02555267065735	1.28935171027842	19
3.03808956432038	1.29061543873366	19
3.05062551736723	1.29182304232961	19
3.06316052979792	1.29297452106627	19
3.07569460161245	1.29406987494364	19
3.0882277328108	1.29510910396172	19
3.10075992339299	1.29609220812051	19
3.11329117335901	1.29701918742001	19
3.12582148270886	1.29789004186022	19
3.13835085144255	1.29870477144114	19
3.15087927956007	1.29946337616277	19
3.16340676706142	1.30016585602511	19
3.1759333139466	1.30081221102816	19
3.18845892021562	1.30140244117192	19
3.20098358586846	1.30193654645639	19
3.21350731090514	1.30241452688157	19
3.22603009532566	1.30283638244746	19
3.23855193913	1.30320211315406	19
3.25107284231818	1.30351171900137	19
3.26359280489019	1.30376519998939	19
3.27611182684603	1.30396255611812	19
3.28862990818571	1.30410378738756	19
3.30114704890922	1.30418889379771	19
3.31366324901656	1.30421787534857	19
3.32617850850773	1.30419073204014	19
3.33869282738273	1.30410746387242	19
3.35120620564157	1.3039680708454	19
3.36371864328424	1.30377255295911	19
3.37623014031075	1.30352091021352	19
3.38874069672108	1.30321314260863	19
3.40125031251525	1.30284925014446	19
3.41375898769325	1.302429232821	19
3.42626672225508	1.30195309063825	19
3.43877351620075	1.30142082359621	19
3.45127936953025	1.30083243169488	19
3.46378428224357	1.30018791493426	19
3.47628825434074	1.29948727331435	19
3.48879128582173	1.29873050683515	19
3.50129337668656	1.29791761549666	19
3.51379452693522	1.29704859929887	19
3.52629473656771	1.29612345824181	19
3.53879400558404	1.29514219232544	19
3.5512923339842	1.29410480154979	19
3.56378972176819	1.29301128591485	19
3.57628616893601	1.29186164542062	19
3.58878167548766	1.2906558800671	19
3.60127624142315	1.28939398985428	19
3.61376986674247	1.28807597478218	19
3.62626255144562	1.28670183485079	19
3.63875429553261	1.28527157006011	19
3.65124509900343	1.28378518041014	19
3.66373496185808	1.28224266590088	19
3.67622388409656	1.28064402653233	19
3.68871186571887	1.27898926230448	19
3.70119890672502	1.27727837321735	19
3.713685007115	1.27551135927093	19
3.72617016688881	1.27368822046522	19
3.73865438604646	1.27180895680022	19
3.75113766458794	1.26987356827592	19
3.76362000251325	1.26788205489234	19
3.77610139982239	1.26583441664947	19
3.78858185651536	1.2637306535473	19
3.80106137259217	1.26157076558585	19
3.81353994805281	1.25935475276511	19
3.82601758289728	1.25708261508508	19
3.83849427712559	1.25475435254575	19
3.85097003073773	1.25236996514714	19
3.8634448437337	1.24992945288924	19
3.8759187161135	1.24743281577205	19
3.88839164787713	1.24488005379557	19
3.9008636390246	1.24227116695979	19
3.9133346895559	1.23960615526473	19
3.92580479947103	1.23688501871038	19
3.93827396877	1.23410775729674	19
3.95074219745279	1.2312743710238	19
3.96320948551942	1.22838485989158	19
3.97567583296989	1.22543922390006	19
3.98814123980418	1.22243746304926	19
4.00060570602231	1.21937957733917	19
4.01306923162427	1.21626556676979	19
4.02553181661006	1.21309543134111	19
4.03799346097969	1.20986917105315	19
4.05045416473314	1.2065867859059	19
4.06291392787043	1.20324827589936	19
4.07537275039155	1.19985364103352	19
4.08783063229651	1.1964028813084	19
4.1002875735853	1.19289599672398	19
4.11274357425792	1.18933298728028	19
4.12519863431437	1.18571385297729	19
4.13765275375465	1.182038593815	19
4.15010593257877	1.17830720979343	19
4.16255817078672	1.17451970091257	19
4.1750094683785	1.17067606717241	19
4.18745982535412	1.16677630857297	19
4.19990924171356	1.16282042511423	19
4.21235771745684	1.15880841679621	19
4.22480525258395	1.15474028361889	19
4.2372518470949	1.15061602558229	19
4.24969750098968	1.1464356426864	19
4.26214221426829	1.14219913493122	19
4.27458598693073	1.13790650231674	19
4.287028818977	1.13355774484298	19
4.29947071040711	1.12915286250992	19
4.31191166122105	1.12469185531758	19
4.32435167141882	1.12017472326594	19
4.33679074100043	1.11560146635502	19
4.34922886996586	1.1109720845848	19
4.36166605831513	1.1062865779553	19
4.37410230604823	1.10154494646651	19
4.38653761316517	1.09674719011842	19
4.39897197966594	1.09189330891105	19
4.41140540555054	1.08698330284438	19
4.42383789081897	1.08201717191843	19
4.43626943547123	1.07699491613318	19
4.44870003950733	1.07191653548865	19
4.46112970292726	1.06678202998482	19
4.47355842573102	1.06159139962171	19
4.48598620791861	1.0563446443993	19
4.49841304949004	1.05104176431761	19
4.5108389504453	1.04568275937662	19
4.52326391078439	1.04026762957634	19
4.53568793050732	1.03479637491678	19
4.54811100961407	1.02926899539792	19
4.56053314810466	1.02368549101978	19
4.57295434597908	1.01804586178234	19
4.58537460323734	1.01235010768562	19
4.59779391987943	1.0065982287296	19
4.61021229590535	1.0007902249143	19
4.6226297313151	0.994926096239704	19
4.63504622610868	0.989005842705819	19
4.6474617802861	0.983029464312642	19
4.65987639384735	0.976996961060175	19
4.67229006679243	0.970908332948422	19
4.68470279912134	0.964763579977374	19
4.69711459083409	0.95856270214704	19
4.70952544193067	0.95230569945741	19
4.72193535241108	0.9459925719085	19
4.73434432227533	0.939623319500292	19
4.7467523515234	0.933197942232797	19
4.75915944015531	0.926716440106008	19
4.77156558817105	0.920178813119934	19
4.78397079557063	0.913585061274567	19
4.79637506235403	0.90693518456991	19
4.80877838852127	0.900229183005967	19
4.82118077407234	0.893467056582727	19
4.83358221900725	0.886648805300203	19
4.84598272332599	0.879774429158385	19
4.85838228702856	0.872843928157282	19
4.87078091011496	0.865857302296883	19
4.88317859258519	0.858814551577195	19
4.89557533443926	0.85171567599822	19
4.90797113567716	0.844560675559954	19
4.92036599629889	0.837349550262395	19
4.93275991630445	0.830082300105548	19
4.94515289569385	0.822758925089412	19
4.95754493446708	0.815379425213985	19
4.96993603262414	0.80794380047927	19
4.98232619016503	0.800452050885262	19
4.99471540708976	0.792904176431968	19
5.00710368339832	0.785300177119378	19
5.01949101909071	0.777640052947502	19
5.03187741416693	0.769923803916335	19
5.04426286862699	0.762151430025879	19
5.05664738247088	0.754322931276132	19
5.0690309556986	0.746438307667093	19
5.08141358831015	0.738497559198764	19
5.09379528030554	0.730500685871148	19
5.10617603168476	0.722447687684243	19
5.11855584244781	0.714338564638043	19
5.1309347125947	0.706173316732556	19
5.14331264212541	0.697951943967777	19
5.15568963103996	0.689674446343711	19
5.16806567933834	0.681340823860351	19
5.18044078702056	0.672951076517707	19
5.1928149540866	0.66450520431577	19
5.20518818053648	0.656003207254539	19
5.21756046637019	0.647445085334022	19
5.22993181158774	0.638830838554215	19
5.24230221618911	0.630160466915116	19
5.25467168017432	0.621433970416726	19
5.26704020354336	0.612651349059051	19
5.27940778629624	0.603812602842082	19
5.29177442843294	0.594917731765825	19
5.30414012995348	0.585966735830276	19
5.31650489085785	0.576959615035438	19
5.32886871114606	0.567896369381311	19
5.34123159081809	0.558776998867891	19
5.35359352987396	0.549601503495182	19
5.36595452831366	0.540369883263185	19
5.3783145861372	0.531082138171895	19
5.39067370334456	0.521738268221316	19
5.40303187993576	0.512338273411451	19
5.41538911591079	0.50288215374229	19
5.42774541126966	0.493369909213845	19
5.44010076601235	0.483801539826102	19
5.45245518013888	0.474177045579076	19
5.46480865364924	0.464496426472756	19
5.47716118654344	0.454759682507147	19
5.48951277882146	0.444966813682248	19
5.50186343048332	0.435117819998059	19
5.51421314152901	0.42521270145458	19
5.52656191195854	0.415251458051809	19
5.53890974177189	0.405234089789753	19
5.55125663096908	0.395160596668402	19
5.5636025795501	0.385030978687764	19
5.57594758751496	0.374845235847832	19
5.58829165486364	0.364603368148616	19
5.60063478159616	0.354305375590103	19
5.61297696771251	0.343951258172309	19
5.62531821321269	0.333541015895216	19
5.63765851809671	0.323074648758837	19
5.64999788236456	0.312552156763168	19
5.66233630601624	0.301973539908207	19
5.67467378905175	0.291338798193959	19
5.6870103314711	0.280647931620418	19
5.69934593327428	0.269900940187592	19
5.71168059446129	0.259097823895468	19
5.72401431503213	0.24823858274406	19
5.73634709498681	0.23732321673336	19
5.74867893432532	0.22635172586337	19
5.76100983304766	0.215324110134091	19
5.77333979115383	0.20424036954552	19
5.78566880864384	0.193100504097661	19
5.79799688551768	0.18190451379051	19
5.81032402177535	0.170652398624071	19
5.82265021741685	0.159344158598339	19
5.83497547244219	0.147979793713322	19
5.84729978685135	0.136559303969008	19
5.85962316064435	0.12508268936541	19
5.87194559382119	0.113549949902517	19
5.88426708638185	0.10196108558034	19
5.89658763832635	0.0903160963988654	19
5.90890724965468	0.0786149823581077	19
5.92122592036685	0.0668577434580566	19
5.93354365046284	0.0550443796987157	19
5.94586043994267	0.0431748910800867	19
5.95817628880633	0.0312492776021642	19
5.97049119705382	0.0192675392649519	19
5.98280516468515	0.0072296760684516	19
5.99511819170031	-0.00486431198733683	19
6.0074302780993	-0.0170144249024204	19
6.01974142388212	-0.0292206626767886	19
6.03205162904878	-0.0414830253104519	19
6.04436089359927	-0.0538015128034015	19
6.05666921753359	-0.0661761251556428	19
6.06897660085174	-0.0786068623671738	19
6.08128304355373	-0.0910937244379948	19
6.09358854563954	-0.103636711368106	19
6.1058931071092	-0.116235823157508	19
6.11819672796268	-0.128891059806199	19
6.1304994082	-0.141602421314181	19
6.14280114782114	-0.154369907681453	19
6.15510194682612	-0.167193518908014	19
6.16740180521494	-0.180073254993864	19
6.17970072298758	-0.193009115939006	19
6.19199870014406	-0.206001101743439	19
6.20429573668437	-0.219049212407159	19
6.21659183260851	-0.232153447930171	19
6.22888698791649	-0.245313808312472	19
6.2411812026083	-0.258530293554065	19
6.25347447668394	-0.271802903654947	19
6.26576681014341	-0.28513163861512	19
6.27805820298672	-0.298516498434582	19
6.29034865521385	-0.311957483113334	19
6.30263816682483	-0.325454592651376	19
6.31492673781963	-0.339007827048706	19
6.32721436819826	-0.352617186305329	19
6.33950105796073	-0.366282670421242	19
6.35178680710703	-0.380004279396443	19
6.36407161563717	-0.393782013230936	19
6.37635548355113	-0.407615871924719	19
6.38863841084893	-0.42150585547779	19
6.40092039753056	-0.435451963890152	19
6.41320144359602	-0.449454197161806	19
6.42548154904532	-0.463512555292748	19
6.43776071387845	-0.47762703828298	19
6.45003893809541	-0.491797646132504	19
6.4623162216962	-0.506024378841316	19
6.47459256468082	-0.520307236409419	19
6.48686796704928	-0.534646218836812	19
6.49914242880157	-0.549041326123493	19
6.51141594993769	-0.563492558269466	19
6.52368853045765	-0.577999915274731	19
6.53596017036144	-0.592563397139285	19
6.54823086964906	-0.607183003863128	19
6.56050062832051	-0.62185873544626	19
6.5727694463758	-0.636590591888682	19
6.58503732381491	-0.651378573190396	19
6.59730426063786	-0.666222679351398	19
6.60957025684465	-0.681122910371691	19
6.62183531243526	-0.696079266251274	19
6.63409942740971	-0.711091746990148	19
6.64636260176799	-0.726160352588312	19
6.6586248355101	-0.741285083045765	19
6.67088612863605	-0.75646593836251	19
6.68314648114583	-0.771702918538542	19
6.69540589303944	-0.786996023573867	19
6.70766436431688	-0.802345253468481	19
6.71992189497815	-0.817750608222385	19
6.73217848502326	-0.833212087835578	19
6.7444341344522	-0.84872969230806	19
6.75668884326497	-0.864303421639834	19
6.76894261146158	-0.879933275830899	19
6.78119543904202	-0.895619254881252	19
6.79344732600629	-0.911361358790897	19
6.80569827235439	-0.92715958755983	19
6.81182339279738	-0.935079748766531	19
6.81794827808633	-0.943013941188054	19
6.82407292822123	-0.9509621648244	19
6.83019734320209	-0.958924419675569	19
6.83632152302891	-0.96690070574156	19
6.84244546770169	-0.974891023022375	19
6.84856917722043	-0.982895371518008	19
6.85469265158513	-0.990913751228469	19
6.86081589079578	-0.998946162153748	19
6.86693889485239	-1.00699260429385	19
6.87306166375496	-1.01505307764878	19
6.87918419750349	-1.02312758221853	19
6.88530649609798	-1.0312161180031	19
6.89142855953842	-1.03931868500249	19
6.89755038782482	-1.04743528321671	19
6.90367198095718	-1.05556591264575	19
6.9097933389355	-1.06371057328961	19
6.91591446175978	-1.07186926514829	19
6.92203534943001	-1.0800419882218	19
6.9281560019462	-1.08822874251012	19
6.93427641930836	-1.09642952801327	19
6.94039660151646	-1.10464434473125	19
6.94651654857053	-1.11287319266405	19
6.95263626047056	-1.12111607181166	19
6.95875573721654	-1.12937298217411	19
6.96487497880848	-1.13764392375137	19
6.97099398524638	-1.14592889654345	19
6.97711275653024	-1.15422790055036	19
6.98323129266005	-1.16254093577209	19
6.98934959363583	-1.17086800220865	19
6.99546765945756	-1.17920909986002	19
7.00158549012525	-1.18756422872622	19
7.0077030856389	-1.19593338880724	19
7.01382044599851	-1.20431658010309	19
7.01993757120407	-1.21271380261375	19
7.02605446125559	-1.22112505633924	19
7.03217111615307	-1.22955034127955	19
7.03828753589651	-1.23798965743469	19
7.04440372048591	-1.24644300480464	19
7.05051966992127	-1.25491038338942	19
7.05663538420258	-1.26339179318902	19
7.06275086332985	-1.27188723420345	19
7.06886610730308	-1.28039670643269	19
7.07498111612227	-1.28892020987676	19
7.08109588978741	-1.29745774453565	19
7.08721042829852	-1.30600931040937	19
7.09332473165558	-1.3145749074979	19
7.0994387998586	-1.32315453580126	19
7.10555263290758	-1.33174819531944	19
7.11166623080252	-1.34035588605245	19
7.11777959354341	-1.34897760800027	19
7.12389272113026	-1.35761336116292	19
7.13000561356307	-1.36626314554039	19
7.13611827084184	-1.37492696113269	19
7.14223069296657	-1.3836048079398	19
7.14834287993726	-1.39229668596174	19
7.1544548317539	-1.4010025951985	19
7.1605665484165	-1.40972253565009	19
7.16667802992506	-1.4184565073165	19
7.17278927627958	-1.42720451019773	19
7.17890028748005	-1.43596654429378	19
7.18501106352649	-1.44474260960465	19
7.19112160441888	-1.45353270613035	19
7.19723191015723	-1.46233683387086	19
7.20334198074154	-1.47115499282621	19
7.2094518161718	-1.47998718299637	19
7.21556141644803	-1.48883340438136	19
7.22167078157021	-1.49769365698117	19
7.22777991153835	-1.5065679407958	19
7.23388880635245	-1.51545625582525	19
7.23999746601251	-1.52435860206953	19
7.24610589051852	-1.53327497952863	19
7.2522140798705	-1.54220538820255	19
7.25832203406843	-1.55114982809129	19
7.26442975311232	-1.56010829919486	19
7.27053723700217	-1.56908080151325	19
7.27664448573797	-1.57806733504646	19
7.28275149931974	-1.5870678997945	19
7.28885827774746	-1.59608249575735	19
7.29496482102114	-1.60511112293503	19
7.30107112914078	-1.61415378132753	19
7.30717720210637	-1.62321047093486	19
7.31328303991793	-1.63228119175701	19
7.31938864257544	-1.64136594379397	19
7.32549401007891	-1.65046472704577	19
7.33159914242834	-1.65957754151238	19
7.33770403962373	-1.66870438719382	19
7.34380870166507	-1.67784526409008	19
7.34991312855238	-1.68700017220116	19
7.35601732028564	-1.69616911152706	19
7.36212127686486	-1.70535208206779	19
7.36822499829003	-1.71454908382334	19
7.37432848456117	-1.72376011679371	19
7.38043173567826	-1.7329851809789	19
7.38653475164132	-1.74222427637892	19
7.39263753245033	-1.75147740299376	19
7.39874007810529	-1.76074456082342	19
7.40484238860622	-1.77002574986791	19
7.41094446395311	-1.77932097012721	19
7.41704630414595	-1.78863022160135	19
7.42314790918475	-1.7979535042903	19
7.42924927906951	-1.80729081819407	19
7.43535041380022	-1.81664216331267	19
7.4414513133769	-1.82600753964609	19
7.44755197779953	-1.83538694719433	19
7.45365240706812	-1.8447803859574	19
7.45975260118267	-1.85418785593528	19
7.46585256014318	-1.86360935712799	19
7.47195228394965	-1.87304488953552	19
7.47805177260207	-1.88249445315788	19
7.48415102610045	-1.89195804799505	19
7.49025004444479	-1.90143567404705	19
7.49634882763509	-1.91092733131388	19
7.50244737567135	-1.92043301979552	19
7.50854568855356	-1.92995273949199	19
7.51464376628173	-1.93948649040328	19
7.52074160885587	-1.94903427252939	19
7.52683921627596	-1.95859608587032	19
7.532936588542	-1.96817193042608	19
7.53903372565401	-1.97776180619666	19
7.54513062761197	-1.98736571318206	19
7.55122729441589	-1.99698365138229	19
7.55732372606577	-2.00661562079734	19
7.56341992256161	-2.0162616214272	19
7.5695158839034	-2.0259216532719	19
7.57561161009116	-2.03559571633141	19
7.58170710112487	-2.04528381060575	19
7.58780235700454	-2.05498593609491	19
7.59389737773017	-2.06470209279889	19
7.59999216330175	-2.0744322807177	19
7.6060867137193	-2.08417649985132	19
7.6121810289828	-2.09393475019977	19
7.61827510909226	-2.10370703176305	19
7.62436895404768	-2.11349334454114	19
7.63046256384906	-2.12329368853406	19
7.63655593849639	-2.1331080637418	19
7.64264907798969	-2.14293647016436	19
7.64874198232894	-2.15277890780175	19
7.65483465151415	-2.16263537665395	19
7.66092708554531	-2.17250587672098	19
7.66701928442244	-2.18239040800284	19
7.67311124814552	-2.19228897049951	19
7.67920297671457	-2.20220156421101	19
7.68529447012957	-2.21212818913733	19
7.69138572839052	-2.22206884527847	19
7.69747675149744	-2.23202353263444	19
7.70356753945032	-2.24199225120522	19
7.70965809224915	-2.25197500099083	19
7.71574840989394	-2.26197178199127	19
7.72183849238469	-2.27198259420652	19
7.72792833972139	-2.2820074376366	19
7.73401795190406	-2.2920463122815	19
7.74010732893268	-2.30209921814122	19
7.74619647080726	-2.31216615521577	19
7.7522853775278	-2.32224712350513	19
7.7583740490943	-2.33234212300932	19
7.76446248550676	-2.34245115372834	19
7.77055068676517	-2.35257421566217	19
7.77663865286954	-2.36271130881083	19
7.78272638381987	-2.37286243317431	19
7.78881387961616	-2.38302758875261	19
7.79490114025841	-2.39320677554574	19
7.80098816574661	-2.40339999355369	19
7.80707495608077	-2.41360724277646	19
7.81316151126089	-2.42382852321405	19
7.81924783128697	-2.43406383486646	19
7.82533391615901	-2.4443131777337	19
7.831419765877	-2.45457655181576	19
7.83750538044096	-2.46485395711264	19
7.84359075985087	-2.47514539362435	19
7.84967590410674	-2.48545086135088	19
7.85576081320857	-2.49577036029223	19
7.86184548715635	-2.5061038904484	19
7.86792992595009	-2.5164514518194	19
7.8740141295898	-2.52681304440521	19
7.88009809807546	-2.53718866820586	19
7.88618183140707	-2.54757832322132	19
7.89226532958465	-2.5579820094516	19
7.89834859260818	-2.56839972689671	19
7.90443162047768	-2.57883147555664	19
7.91051441319313	-2.58927725543139	19
7.91659697075454	-2.59973706652097	19
7.9226792931619	-2.61021090882537	19
7.92876138041523	-2.62069878234459	19
7.93484323251451	-2.63120068707863	19
7.94092484945975	-2.6417166230275	19
7.94700623125095	-2.65224659019119	19
7.95308737788811	-2.6627905885697	19
7.95916828937122	-2.67334861816303	19
7.9652489657003	-2.68392067897118	19
7.97132940687533	-2.69450677099416	19
7.97740961289632	-2.70510689423196	19
7.98348958376327	-2.71572104868459	19
7.98956931947617	-2.72634923435203	19
7.99564882003504	-2.7369914512343	19
8.00172808543986	-2.74764769933139	19
8.00780711569064	-2.7583179786433	19
8.01388591078738	-2.76900228917004	19
8.01996447073008	-2.7797006309116	19
8.02604279551873	-2.79041300386798	19
8.03212088515334	-2.80113940803918	19
8.03819873963392	-2.81187984342521	19
8.04427635896045	-2.82263431002605	19
8.05035374313293	-2.83340280784173	19
8.05643089215138	-2.84418533687222	19
8.06250780601578	-2.85498189711753	19
8.06858448472614	-2.86579248857767	19
8.07466092828246	-2.87661711125263	19
8.08073713668474	-2.88745576514242	19
8.08681310993298	-2.89830845024702	19
8.09288884802717	-2.90917516656645	19
8.09896435096733	-2.9200559141007	19
8.10503961875344	-2.93095069284978	19
8.1111146513855	-2.94185950281367	19
8.11718944886353	-2.95278234399239	19
8.12326401118752	-2.96371921638593	19
8.12933833835746	-2.97467011999429	19
8.13541243037336	-2.98563505481748	19
8.14148628723522	-2.99661402085549	19
8.14755990894304	-3.00760701810832	19
8.15363329549681	-3.01861404657597	19
8.15970644689655	-3.02963510625845	19
8.16577936314224	-3.04067019715575	19
8.17185204423389	-3.05171931926787	19
8.1779244901715	-3.06278247259481	19
8.18399670095506	-3.07385965713658	19
8.19006867658459	-3.08495087289317	19
8.19614041706007	-3.09605611986458	19
8.20221192238151	-3.10717539805081	19
8.2082831925489	-3.11830870745187	19
8.21435422756226	-3.12945604806775	19
8.22042502742158	-3.14061741989845	19
8.22649559212685	-3.15179282294397	19
8.23256592167808	-3.16298225720432	19
8.23863601607527	-3.17418572267949	19
8.24470587531842	-3.18540321936948	19
8.25077549940752	-3.19663474727429	19
8.25684488834259	-3.20788030639393	19
8.26291404212361	-3.21913989672838	19
8.26898296075059	-3.23041351827767	19
8.27505164422353	-3.24170117104177	19
8.28112009254242	-3.2530028550207	19
8.28718830570728	-3.26431857021444	19
8.29325628371809	-3.27564831662302	19
8.29932402657486	-3.28699209424641	19
8.30539153427759	-3.29834990308463	19
8.31145880682628	-3.30972174313766	19
8.31752584422092	-3.32110761440553	19
8.32359264646152	-3.33250751688821	19
8.32965921354808	-3.34392145058572	19
8.3357255454806	-3.35534941549804	19
8.34179164225908	-3.36679141162519	19
8.34785750388352	-3.37824743896717	19
8.35392313035391	-3.38971749752397	19
8.35998852167026	-3.40120158729558	19
8.36605367783257	-3.41269970828202	19
8.37211859884084	-3.42421186048329	19
8.37818328469506	-3.43573804389938	19
8.38424773539525	-3.44727825853029	19
8.39031195094139	-3.45883250437602	19
8.39637593133349	-3.47040078143657	19
8.40243967657155	-3.48198308971195	19
8.40850318665557	-3.49357942920215	19
8.41456646158554	-3.50518979990717	19
8.42062950136147	-3.51681420182701	19
8.42669230598337	-3.52845263496168	19
8.43275487545121	-3.54010509931117	19
8.43881720976502	-3.55177159487548	19
8.44487930892479	-3.56345212165461	19
8.45094117293051	-3.57514667964857	19
8.45700280178219	-3.58685526885735	19
8.46306419547983	-3.59857788928095	19
8.46912535402343	-3.61031454091937	19
8.47518627741299	-3.62206522377262	19
8.4812469656485	-3.63382993784069	19
8.48730741872997	-3.64560868312358	19
8.4933676366574	-3.65740145962129	19
8.49942761943079	-3.66920826733383	19
8.50548736705014	-3.68102910626119	19
8.51154687951544	-3.69286397640337	19
8.51760615682671	-3.70471287776038	19
8.52366519898392	-3.7165758103322	19
8.52972400598711	-3.72845277411885	19
8.53578257783624	-3.74034376912032	19
8.54184091453134	-3.75224879533662	19
8.54789901607239	-3.76416785276773	19
8.5539568824594	-3.77610094141367	19
8.56001451369237	-3.78804806127444	19
8.5660719097713	-3.80000921235002	19
8.57212907069619	-3.81198439464043	19
8.57818599646703	-3.82397360814566	19
8.58424268708383	-3.83597685286571	19
8.59029914254659	-3.84799412880058	19
8.59635536285531	-3.86002543595028	19
8.60241134800999	-3.8720707743148	19
8.60846709801062	-3.88413014389414	19
8.61452261285721	-3.8962035446883	19
8.62057789254977	-3.90829097669729	19
8.62663293708827	-3.9203924399211	19
8.63268774647274	-3.93250793435973	19
8.63874232070317	-3.94463746001319	19
8.64479665977955	-3.95678101688146	19
8.65085076370189	-3.96893860496456	19
8.65690463247019	-3.98111022426249	19
8.66295826608445	-3.99329587477523	19
8.66901166454467	-4.0054955565028	19
8.67506482785084	-4.01770926944519	19
8.68111775600297	-4.0299370136024	19
8.68717044900106	-4.04217878897443	19
8.69322290684511	-4.05443459556129	19
8.69927512953512	-4.06670443336297	19
8.70532711707108	-4.07898830237947	19
8.71137886945301	-4.0912862026108	19
8.71743038668089	-4.10359813405694	19
8.72348166875472	-4.11592409671791	19
8.72953271567452	-4.1282640905937	19
8.73558352744028	-4.14061811568432	19
8.74163410405199	-4.15298617198976	19
8.74768444550966	-4.16536825951002	19
8.75373455181329	-4.1777643782451	19
8.75978442296288	-4.190174528195	19
8.76583405895843	-4.20259870935973	19
8.77188345979993	-4.21503692173928	19
8.77793262548739	-4.22748916533365	19
8.78398155602081	-4.23995544014285	19
8.79003025140019	-4.25243574616686	19
8.79607871162553	-4.2649300834057	19
8.80212693669682	-4.27743845185937	19
8.80817492661408	-4.28996085152785	19
8.81422268137728	-4.30249728241116	19
8.82027020098645	-4.31504774450929	19
8.82631748544158	-4.32761223782224	19
8.83236453474267	-4.34019076235002	19
8.83841134888971	-4.35278331809261	19
8.84445792788271	-4.36538990505003	19
8.85050427172167	-4.37801052322227	19
8.85655038040659	-4.39064517260934	19
8.86259625393746	-4.40329385321123	19
8.8686418923143	-4.41595656502794	19
8.87468729553709	-4.42863330805947	19
8.88073246360584	-4.44132408230582	19
8.88677739652055	-4.454028887767	19
8.89282209428121	-4.466747724443	19
8.89886655688784	-4.47948059233382	19
8.90491078434042	-4.49222749143947	19
8.91095477663896	-4.50498842175993	19
8.91699853378346	-4.51776338329523	19
8.92304205577392	-4.53055237604534	19
8.92908534261033	-4.54335540001027	19
8.93512839429271	-4.55617245519003	19
8.94117121082104	-4.56900354158461	19
8.94721379219533	-4.58184865919401	19
8.95325613841558	-4.59470780801824	19
8.95929824948178	-4.60758098805728	19
8.96534012539395	-4.62046819931116	19
8.97138176615207	-4.63336944177985	19
8.97742317175615	-4.64628471546336	19
8.98346434220618	-4.6592140203617	19
8.98950527750218	-4.67215735647486	19
8.99554597764414	-4.68511472380284	19
9.00158644263205	-4.69808612234565	19
9.00762667246592	-4.71107155210328	19
9.01366666714575	-4.72407101307572	19
9.01970642667154	-4.737084505263	19
9.02574595104328	-4.75011202866509	19
9.03178524026099	-4.76315358328201	19
9.03782429432465	-4.77620916911375	19
9.04386311323427	-4.78927878616031	19
9.04990169698984	-4.8023624344217	19
9.05594004559138	-4.81546011389791	19
9.06197815903887	-4.82857182458894	19
9.06801603733233	-4.84169756649479	19
9.07405368047174	-4.85483733961547	19
9.0800910884571	-4.86799114395096	19
9.08612826128843	-4.88115897950128	19
9.09216519896571	-4.89434084626643	19
9.09820190148896	-4.90753674424639	19
9.10423836885816	-4.92074667344118	19
9.11027460107332	-4.93397063385079	19
9.11631059813443	-4.94720862547522	19
9.12234636004151	-4.96046064831448	19
9.12838188679454	-4.97372670236856	19
9.13441717839353	-4.98700678763745	19
9.14045223483848	-5.00030090412118	19
9.14648705612939	-5.01360905181972	19
9.15252164226626	-5.02693123073309	19
9.15855599324908	-5.04026744086128	19
9.16459010907786	-5.0536176822043	19
9.1706239897526	-5.06698195476213	19
9.1766576352733	-5.08036025853479	19
9.18269104563996	-5.09375259352227	19
9.18872422085257	-5.10715895972457	19
9.19475716091114	-5.1205793571417	19
9.20078986581567	-5.13401378577365	19
9.20682233556616	-5.14746224562042	19
9.21285457016261	-5.16092473668201	19
9.21888656960502	-5.17440125895843	19
9.22491833389338	-5.18789181244966	19
9.2309498630277	-5.20139639715572	19
9.23698115700798	-5.21491501307661	19
9.24301221583422	-5.22844766021231	19
9.24904303950641	-5.24199433856284	19
9.25507362802457	-5.25555504812819	19
9.26110398138868	-5.26912978890837	19
9.26713409959875	-5.28271856090336	19
9.27316398265478	-5.29632136411318	19
9.27919363055676	-5.30993819853782	19
9.28522304330471	-5.32356906417728	19
9.29125222089861	-5.33721396103157	19
9.29728116333847	-5.35087288910068	19
9.30330987062429	-5.36454584838461	19
9.30933834275607	-5.37823283888336	19
9.3153665797338	-5.39193386059694	19
9.3213945815575	-5.40564891352533	19
9.32742234822715	-5.41937799766855	19
9.33344987974275	-5.4331211130266	19
9.33947717610432	-5.44687825959946	19
9.34550423731185	-5.46064943738715	19
9.35153106336533	-5.47443464638966	19
9.35755765426477	-5.488233886607	19
9.36358401001017	-5.50204715803915	19
9.36961013060153	-5.51587446068613	19
9.37563601603885	-5.52971579454793	19
9.38166166632212	-5.54357115962456	19
9.38768708145135	-5.557440555916	19
9.39371226142655	-5.57132398342227	19
9.3997372062477	-5.58522144214336	19
9.4057619159148	-5.59913293207927	19
9.41178639042787	-5.61305845323001	19
9.41781062978689	-5.62699800559557	19
9.42383463399187	-5.64095158917595	19
9.42985840304281	-5.65491920397115	19
9.43588193693971	-5.66890084998118	19
9.44190523568256	-5.68289652720603	19
9.44792829927138	-5.6969062356457	19
9.45395112770615	-5.71092997530019	19
9.45997372098688	-5.72496774616951	19
9.46599607911357	-5.73901954825365	19
9.47201820208621	-5.75308538155261	19
9.47804008990482	-5.76716524606639	19
9.48406174256938	-5.781259141795	19
9.4900831600799	-5.79536706873843	19
9.49610434243638	-5.80948902689668	19
9.50212528963882	-5.82362501626975	19
9.50814600168721	-5.83777503685765	19
9.51416647858156	-5.85193908866036	19
9.52018672032187	-5.86611717167791	19
9.52620672690814	-5.88030928591027	19
9.53222649834037	-5.89451543135746	19
9.53824603461856	-5.90873560801947	19
9.5442653357427	-5.9229698158963	19
9.5502844017128	-5.93721805498795	19
9.55630323252886	-5.95148032529443	19
9.56232182819088	-5.96575662681573	19
9.56834018869886	-5.98004695955185	19
9.57435831405279	-5.99435132350279	19
9.58037620425268	-6.00866971866856	19
9.58639385929853	-6.02300214504915	19
9.59241127919034	-6.03734860264456	19
9.59842846392811	-6.05170909145479	19
9.60444541351183	-6.06608361147985	19
9.61046212794152	-6.08047216271973	19
9.61647860721716	-6.09487474517443	19
9.62249485133876	-6.10929135884395	19
9.62851086030632	-6.1237220037283	19
9.63452663411983	-6.13816667982747	19
9.64054217277931	-6.15262538714146	19
9.64655747628474	-6.16709812567027	19
9.65257254463613	-6.18158489541391	19
9.65858737783347	-6.19608569637237	19
9.66460197587678	-6.21060052854565	19
9.67061633876605	-6.22512939193375	19
9.67663046650127	-6.23967228653668	19
9.68264435908245	-6.25422921235443	19
9.68865801650959	-6.268800169387	19
9.69467143878268	-6.28338515763439	19
9.70068462590174	-6.29798417709661	19
9.70669757786675	-6.31259722777365	19
9.71271029467772	-6.32722430966551	19
9.71872277633465	-6.34186542277219	19
9.72473502283754	-6.3565205670937	19
9.73074703418638	-6.37118974263003	19
9.73675881038119	-6.38587294938118	19
9.74277035142195	-6.40057018734716	19
9.74878165730867	-6.41528145652795	19
9.75479272804135	-6.43000675692357	19
9.76080356361998	-6.44474608853401	19
9.76681416404458	-6.45949945135928	19
9.77282452931513	-6.47426684539936	19
9.77883465943164	-6.48904827065427	19
9.78484455439411	-6.50384372712401	19
9.79085421420254	-6.51865321480856	19
9.79686363885692	-6.53347673370794	19
9.80287282835726	-6.54831428382213	19
9.80888178270357	-6.56316586515116	19
9.81489050189582	-6.578031477695	19
9.82089898593404	-6.59291112145367	19
9.82690723481822	-6.60780479642716	19
9.83291524854835	-6.62271250261547	19
9.83892302712444	-6.6376342400186	19
9.84493057054649	-6.65257000863656	19
9.8509378788145	-6.66751980846934	19
9.85694495192847	-6.68248363951694	19
9.86295178988839	-6.69746150177937	19
9.86895839269427	-6.71245339525661	19
9.87496476034611	-6.72745931994868	19
9.88097089284391	-6.74247927585557	19
9.88697679018767	-6.75751326297729	19
9.89298245237738	-6.77256128131382	19
9.89898787941306	-6.78762333086518	19
9.90499307129469	-6.80269941163137	19
9.91099802802228	-6.81778952361237	19
9.91700274959582	-6.8328936668082	19
9.92300723601533	-6.84801184121885	19
9.92901148728079	-6.86314404684432	19
9.93501550339221	-6.87829028368461	19
9.94101928434959	-6.89345055173973	19
9.94702283015293	-6.90862485100967	19
9.95302614080223	-6.92381318149443	19
9.95902921629748	-6.93901554319402	19
9.96503205663869	-6.95423193610842	19
9.97103466182586	-6.96946236023765	19
9.97703703185899	-6.98470681558171	19
9.98303916673808	-6.99996530214058	19
9.98904106646313	-7.01523781991428	19
9.99504273103413	-7.0305243689028	19
10.0010441604511	-7.04582494910614	19
10.007045354714	-7.0611395605243	19
10.0130463138229	-7.07646820315729	19
10.0190470377777	-7.0918108770051	19
10.0250475265785	-7.10716758206773	19
10.0310477802253	-7.12253831834519	19
10.037047798718	-7.13792308583746	19
10.0430475820566	-7.15332188454456	19
10.0490471302413	-7.16873471446649	19
10.0550464432719	-7.18416157560323	19
10.0610455211484	-7.1996024679548	19
10.0670443638709	-7.21505739152119	19
10.0730429714394	-7.2305263463024	19
10.0790413438538	-7.24600933229843	19
10.0850394811141	-7.26150634950929	19
10.0910373832205	-7.27701739793497	19
10.0970350501728	-7.29254247757548	19
10.103032481971	-7.3080815884308	19
10.1090296786152	-7.32363473050095	19
10.1150266401054	-7.33920190378592	19
10.1210233664415	-7.35478310828571	19
10.1270198576236	-7.37037834400032	19
10.1330161136516	-7.38598761092976	19
10.1390121345256	-7.40161090907402	19
10.1450079202456	-7.4172482384331	19
10.1510034708115	-7.43289959900701	19
10.1569987862234	-7.44856499079573	19
10.1629938664812	-7.46424441379929	19
10.168988711585	-7.47993786801766	19
10.1749833215347	-7.49564535345085	19
10.1809776963304	-7.51136687009887	19
10.1869718359721	-7.52710241796171	19
10.1929657404597	-7.54285199703937	19
10.1989594097933	-7.55861560733186	19
10.2049528439728	-7.57439324883916	19
10.2109460429983	-7.59018492156129	19
10.2169390068698	-7.60599062549825	19
10.2229317355872	-7.62181036065002	19
10.2289242291506	-7.63764412701662	19
10.2349164875599	-7.65349192459804	19
10.2409085108152	-7.66935375339428	19
10.2469002989164	-7.68522961340535	19
10.2528918518636	-7.70111950463124	19
10.2588831696568	-7.71702342707195	19
10.2648742522959	-7.73294138072748	19
10.270865099781	-7.74887336559783	19
10.276855712112	-7.76481938168301	19
10.282846089289	-7.78077942898301	19
10.288836231312	-7.79675350749783	19
10.2948261381809	-7.81274161722748	19
10.3008158098957	-7.82874375817195	19
10.3068052464566	-7.84475993033124	19
10.3127944478634	-7.86079013370535	19
10.3187834141161	-7.87683436829429	19
10.3247721452148	-7.89289263409804	19
10.3307606411595	-7.90896493111662	19
10.3367489019501	-7.92505125935003	19
10.3427369275866	-7.94115161879825	19
10.3487247180692	-7.9572660094613	19
10.3547122733977	-7.97339443133917	19
10.3606995935721	-7.98953688443186	19
10.3666866785925	-8.00569336873938	19
10.3726735284589	-8.02186388426172	19
10.3786601431712	-8.03804843099888	19
10.3846465227295	-8.05424700895086	19
10.3906326671337	-8.07045961811766	19
10.3966185763839	-8.08668625849929	19
10.4026042504801	-8.10292693009574	19
10.4085896894222	-8.11918163290702	19
10.4145748932103	-8.13545036693311	19
10.4205598618443	-8.15173313217403	19
10.4265445953243	-8.16802992862977	19
10.4325290936502	-8.18434075630033	19
10.4385133568221	-8.20066561518572	19
10.44449738484	-8.21700450528593	19
10.4504811777038	-8.23335742660096	19
10.4564647354136	-8.24972437913081	19
10.4624480579693	-8.26610536287549	19
10.468431145371	-8.28250037783498	19
10.4744139976187	-8.29890942400931	19
10.4803966147123	-8.31533250139845	19
10.4863789966519	-8.33176961000241	19
10.4923611434374	-8.3482207498212	19
10.4983430550689	-8.36468592085481	19
10.5043247315463	-8.38116512310324	19
10.5103061728697	-8.3976583565665	19
10.5162873790391	-8.41416562124458	19
10.5222683500544	-8.43068691713748	19
10.5282490859157	-8.4472222442452	19
10.5342295866229	-8.46377160256775	19
10.5402098521761	-8.48033499210512	19
10.5461898825752	-8.49691241285731	19
10.5521696778204	-8.51350386482432	19
10.5581492379114	-8.53010934800616	19
10.5641285628484	-8.54672886240281	19
10.5701076526314	-8.5633624080143	19
10.5760865072604	-8.5800099848406	19
10.5820651267353	-8.59667159288172	19
10.5880435110561	-8.61334723213767	19
10.5940216602229	-8.63003690260844	19
10.5999995742357	-8.64674060429404	19
10.6059772530944	-8.66345833719445	19
10.6119546967991	-8.68019010130969	19
10.6179319053498	-8.69693589663975	19
10.6239088787464	-8.71369572318464	19
10.6298856169889	-8.73046958094434	19
10.6358621200775	-8.74725746991887	19
10.641838388012	-8.76405939010822	19
10.6478144207924	-8.7808753415124	19
10.6537902184188	-8.79770532413139	19
10.6597657808911	-8.81454933796521	19
10.6657411082095	-8.83140738301385	19
10.6717162003737	-8.84827945927731	19
10.677691057384	-8.8651655667556	19
10.6836656792401	-8.88206570544871	19
10.6896400659423	-8.89897987535664	19
10.6956142174904	-8.91590807647939	19
10.7015881338844	-8.93285030881697	19
10.7075618151245	-8.94980657236936	19
10.7135352612104	-8.96677686713659	19
10.7195084721424	-8.98376119311863	19
10.7254814479203	-9.0007595503155	19
10.7314541885441	-9.01777193872718	19
10.7374266940139	-9.0347983583537	19
10.7433989643297	-9.05183880919503	19
10.7493709994914	-9.06889329125119	19
10.7553427994991	-9.08596180452216	19
10.7613143643528	-9.10304434900797	19
10.7672856940524	-9.12014092470859	19
10.7732567885979	-9.13725153162403	19
10.7792276479894	-9.1543761697543	19
10.7851982722269	-9.17151483909939	19
10.7911686613103	-9.18866753965931	19
10.7971388152397	-9.20583427143404	19
10.8031087340151	-9.22301503442361	19
10.8090784176364	-9.24020982862799	19
10.8150478661037	-9.25741865404719	19
10.8210170794169	-9.27464151068122	19
10.8269860575761	-9.29187839853007	19
10.8329548005812	-9.30912931759374	19
10.8367519316237	-9.31978239610014	19
10.8407491820229	-9.33036201211696	19
10.8449451315749	-9.340864406757	19
10.8493382894786	-9.35128584856947	19
10.853927094866	-9.3616226348657	19
10.8587099173564	-9.37187109303474	19
10.8636850576358	-9.38202758184821	19
10.8688507480604	-9.39208849275399	19
10.8742051532852	-9.40205025115834	19
10.8797463709153	-9.41190931769594	19
10.8854724321827	-9.42166218948739	19
10.8913813026448	-9.43130540138378	19
10.8974708829083	-9.44083552719785	19
10.9037390093743	-9.45024918092126	19
10.9101834550072	-9.45954301792768	19
10.9168019301262	-9.46871373616107	19
10.9235920832187	-9.47775807730892	19
10.9305515017755	-9.48667282795986	19
10.9376777131484	-9.49545482074546	19
10.9449681854284	-9.50410093546549	19
10.9524203283455	-9.51260810019655	19
10.9600314941886	-9.52097329238353	19
10.967798978747	-9.52919353991348	19
10.9757200222702	-9.53726592217158	19
10.9837918104492	-9.54518757107887	19
10.9920114754162	-9.5529556721112	19
11.0003760967632	-9.56056746529926	19
11.0088827025803	-9.56802024620919	19
11.0175282705107	-9.5753113669034	19
11.0263097288254	-9.58243823688144	19
11.0352239575142	-9.58939832400034	19
11.0442677893939	-9.59618915537428	19
11.0534380112341	-9.60280831825322	19
11.0627313648988	-9.60925346088009	19
11.0721445485036	-9.61552229332642	19
11.0816742175892	-9.62161258830589	19
11.0913169863095	-9.62752218196568	19
11.1010694286347	-9.63324897465532	19
11.1109280795686	-9.63879093167262	19
11.1208894363794	-9.64414608398666	19
11.1309499598443	-9.6493125289373	19
11.1411060755075	-9.65428843091126	19
11.1513541749492	-9.65907202199427	19
11.1616906170687	-9.66366160259918	19
11.1721117293771	-9.66805554206986	19
11.182613809303	-9.67225227926054	19
11.1931931255074	-9.67625032309049	19
11.2038459192095	-9.68004825307376	19
11.2145684055225	-9.68364471982391	19
11.225356774798	-9.68703844553344	19
11.2362071939799	-9.69022822442776	19
11.2471158079659	-9.69321292319361	19
11.2580787409773	-9.69599148138175	19
11.2690920979363	-9.69856291178366	19
11.2801519658495	-9.70092630078238	19
11.2912544151986	-9.70308080867705	19
11.3023955013362	-9.70502566998127	19
11.3135712658874	-9.70676019369509	19
11.3247777381563	-9.70828376355048	19
11.3360109365366	-9.70959583823032	19
11.3472668699265	-9.71069595156075	19
11.3585415391464	-9.71158371267672	19
11.3698309383601	-9.71225880616093	19
11.3811310564976	-9.7127209921559	19
11.392437878681	-9.71297010644913	19
11.4037473876501	-9.7130060605315	19
11.4150555651902	-9.7128288416287	19
11.4263583935596	-9.71243851270576	19
11.4376518569174	-9.71183521244469	19
11.4489319427496	-9.7110191551952	19
11.4601946432956	-9.70999063089855	19
11.4714359569715	-9.70875000498451	19
11.482651889792	-9.70729771824157	19
11.4938384567896	-9.70563428666029	19
11.5049916834303	-9.70376030125	19
11.5161076070258	-9.70167642782878	19
11.5271822781415	-9.69938340678694	19
11.5382117619993	-9.69688205282394	19
11.5491921398761	-9.69417325465894	19
11.5601195104961	-9.69125797471501	19
11.5709899914164	-9.68813724877725	19
11.5817997204069	-9.68481218562471	19
11.5925448568225	-9.68128396663651	19
11.6032215829672	-9.67755384537205	19
11.6138261054512	-9.67362314712565	19
11.6243546565381	-9.66949326845569	19
11.6348034954838	-9.66516567668839	19
11.6451689098656	-9.6606419093965	19
11.6554472169011	-9.65592357385301	19
11.6656347647568	-9.65101234646005	19
11.6757279338454	-9.64590997215333	19
11.6857231381121	-9.64061826378217	19
11.6956168263083	-9.63513910146533	19
11.7054054832537	-9.6294744319231	19
11.7150856310851	-9.6236262677856	19
11.7246538304921	-9.6175966868777	19
11.7341066819391	-9.61138783148079	19
11.7434408268728	-9.60500190757162	19
11.7526529489161	-9.59844118403855	19
11.7617397750458	-9.59170799187541	19
11.7706980767559	-9.58480472335331	19
11.7795246712045	-9.5777338311707	19
11.7882164223445	-9.5704978275819	19
11.7967702420382	-9.56309928350452	19
11.8051830911542	-9.55554082760605	19
11.8134519806472	-9.54782514536987	19
11.8215739726202	-9.53995497814116	19
11.8295461813681	-9.53193312215284	19
11.8373657744031	-9.52376242753216	19
11.8450299734611	-9.515445797288	19
11.8525360554885	-9.50698618627949	19
11.8598813536102	-9.49838660016615	19
11.8670632580767	-9.48965009433997	19
11.8740792171917	-9.48077977283987	19
11.8809267382181	-9.47177878724884	19
11.8876033882645	-9.4626503355742	19
11.8941067951487	-9.45339766111138	19
11.9004346482414	-9.44402405129154	19
11.9065846992865	-9.43453283651362	19
11.9125547632001	-9.42492738896104	19
11.9183427188469	-9.41521112140357	19
11.9239465097938	-9.40538748598482	19
11.9293641450407	-9.39545997299568	19
11.9345936997274	-9.38543210963423	19
11.9396333158182	-9.37530745875258	19
11.9444812027613	-9.36508961759098	19
11.9491356381258	-9.35478221649974	19
11.9535949682128	-9.34438891764939	19
11.9578576086436	-9.33391341372952	19
11.9619220449223	-9.32335942663679	19
11.9657868329742	-9.31273070615256	19
11.9694505996583	-9.30203102861062	19
11.9729120432559	-9.29126419555543	19
11.9761699339326	-9.28043403239153	19
11.9792231141751	-9.26954438702432	19
11.9820704992033	-9.25859912849293	19
11.9847110773547	-9.24760214559562	19
11.9871439104445	-9.23655734550803	19
11.9893681340987	-9.22546865239505	19
11.9913829580611	-9.21434000601655	19
11.9931876664745	-9.20317536032758	19
11.9947816181346	-9.19197868207361	19
11.9961642467178	-9.1807539493811	19
11.9973350609829	-9.16950515034413	19
11.9982936449451	-9.15823628160743	19
11.9990396580241	-9.14695134694641	19
11.999572835165	-9.13565435584462	19
11.9998929869325	-9.1243493220692	19
11.9999999995782	-9.11304026224483	19
11.999893835081	-9.10173119442661	19
11.9995745311607	-9.09042613667249	19
11.9990422012644	-9.07912910561566	19
11.9982970345264	-9.06784411503746	19
11.9973392957009	-9.05657517444131	19
11.9961693250679	-9.04532628762814	19
11.9947875383125	-9.03410145127387	19
11.9931944263769	-9.02290465350942	19
11.9913905552861	-9.01173987250371	19
11.989376565947	-9.00061107505027	19
11.9871531739205	-8.98952221515786	19
11.984721169167	-8.97847723264557	19
11.9820814157663	-8.96748005174312	19
11.9792348516103	-8.95653457969651	19
11.9761824880696	-8.94564470537984	19
11.9729254096344	-8.9348142979136	19
11.9694647735293	-8.92404720529	19
11.9395198623696	-8.83727380888723	19
11.9122044283415	-8.75824974966109	19
11.8851380369363	-8.67994719706559	19
11.8583254761736	-8.60237996407183	19
11.8317714017774	-8.52556148147622	19
11.8054803371761	-8.44950479790056	19
11.7794566735024	-8.37422257979195	19
11.7537046695936	-8.29972711142296	19
11.7282284519912	-8.22603029489141	19
11.7030320149411	-8.15314365012058	19
11.6781192203936	-8.08107831485902	19
11.6534937980034	-8.00984504468067	19
11.6291593451295	-7.93945421298488	19
11.6051193268355	-7.8699158109963	19
11.5813770758892	-7.80123944776497	19
11.5579357927627	-7.73343435016624	19
11.5347985456327	-7.66650936290093	19
11.5119682703802	-7.60047294849512	19
11.4894477705906	-7.53533318730026	19
11.4672397175535	-7.47109777749323	19
11.4453466502632	-7.40777403507618	19
11.4237709754181	-7.34536889387671	19
11.4025149674211	-7.28388890554771	19
11.3815807683796	-7.22334023956746	19
11.3609703881052	-7.16372868323958	19
11.3406857041139	-7.1050596416931	19
11.3207284616261	-7.04733813788237	19
11.3011002735668	-6.99056881258708	19
11.281802620565	-6.93475592441234	19
11.2628368509544	-6.87990334978856	19
11.2442041807729	-6.8260145829716	19
11.2259056937628	-6.77309273604254	19
11.2079423413709	-6.72114053890796	19
11.1903149427483	-6.6701603392997	19
11.1730241847505	-6.62015410277504	19
11.1560706219373	-6.57112341271657	19
11.139454676573	-6.52306947033223	19
11.1231766386263	-6.47599309465538	19
11.1072366657701	-6.42989472254469	19
11.091634783382	-6.38477440868419	19
11.0763708845435	-6.34063182558329	19
11.061444730041	-6.29746626357678	19
11.046855948365	-6.25527663082476	19
11.0326040357104	-6.21406145331272	19
11.0186883559765	-6.17381887485152	19
11.0051081407671	-6.13454665707734	19
10.9918624893901	-6.09624217945179	19
10.9789503688582	-6.05890243926178	19
10.966370613888	-6.02252405161959	19
10.954121926901	-5.98710324946287	19
10.9422028780226	-5.95263588355465	19
10.9306119050828	-5.91911742248328	19
10.9193473136161	-5.88654295266249	19
10.9084072768612	-5.8549071783314	19
10.8977898357613	-5.82420442155443	19
10.8874928989638	-5.79442862222141	19
10.8775142428207	-5.76557333804752	19
10.8678515113883	-5.73763174457328	19
10.8585022164272	-5.71059663516459	19
10.8494637374026	-5.68446042101269	19
10.8407333214838	-5.65921513113423	19
10.8323080835446	-5.63485241237115	19
10.8241850061633	-5.61136352939081	19
10.8163609396225	-5.58873936468591	19
10.8088326019091	-5.56697041857449	19
10.8015965787145	-5.54604680919997	19
10.7946493234344	-5.52595827253114	19
10.787987157169	-5.50669416236214	19
10.7816062687227	-5.48824345031246	19
10.7755027146044	-5.47059472582697	19
10.7696724190274	-5.45373619617588	19
10.7641111739093	-5.43765568645478	19
10.7588146388722	-5.4223406395846	19
10.7537783412425	-5.40777811631167	19
10.7489976760509	-5.39395479520762	19
10.7444679060327	-5.38085697266949	19
10.7401841616274	-5.36847056291967	19
10.736141440979	-5.35678109800589	19
10.7323346099358	-5.34577372780126	19
10.7287584020505	-5.33543322000426	19
10.7254074185801	-5.32574396013869	19
10.7193588684347	-5.30825481542401	19
10.7141431236439	-5.29317373435502	19
10.7097122316223	-5.28036204283533	19
10.7060161230545	-5.26967495197429	19
10.7017349434012	-5.25729616806388	19
10.6980893458381	-5.24675513389447	19
10.6947926570812	-5.23722294932654	19
10.6914449463693	-5.22754323773144	19
10.6880516369722	-5.2177316801795	19
10.6846188065852	-5.20780589281601	19
10.6811375404395	-5.19774182625766	19
10.6774809191928	-5.18717733562216	19
10.6738474795574	-5.17669037570596	19
10.670440464115	-5.16686883228876	19
10.666667145076	-5.15600645941516	19
10.6633713043711	-5.14653250735384	19
10.6598181078329	-5.13633386020239	19
10.6559975440341	-5.12538563321861	19
10.6518997084355	-5.11366363663227	19
10.6475148033861	-5.10114437564511	19
10.6440319016537	-5.0912179834919	19
10.6403780212753	-5.08082092882428	19
10.6365491472371	-5.0699440694014	19
10.6325412983454	-5.05857848287589	19
10.6283505272265	-5.04671546679387	19
10.6239729203271	-5.03434653859491	19
10.6194045979136	-5.02146343561208	19
10.6146417140727	-5.00805811507191	19
10.609680456711	-4.99412275409442	19
10.606260877086	-4.98453428292278	19
10.6027503403856	-4.97470465615171	19
10.5991477421526	-4.96463171877489	19
10.5954519846102	-4.95431335922178	19
10.5916619766624	-4.94374750935755	19
10.5877766338934	-4.93293214448314	19
10.5837948785679	-4.92186528333523	19
10.5797156396314	-4.91054498808626	19
10.5755378527097	-4.89896936434441	19
10.5712604601091	-4.8871365611536	19
10.5668824108164	-4.87504477099351	19
10.5624026604991	-4.86269222977957	19
10.5578201715049	-4.85007721686295	19
10.5531339128623	-4.83719805503057	19
10.5483428602802	-4.82405311050512	19
10.5434459961479	-4.81064079294499	19
10.5384423095353	-4.79695955544437	19
10.533330796193	-4.78300789453317	19
10.5281104585516	-4.76878435017705	19
10.5227803057228	-4.75428750577743	19
10.5173393534985	-4.73951598817146	19
10.511786624351	-4.72446846763206	19
10.5061211474334	-4.70914365786789	19
10.5003419585791	-4.69354031602335	19
10.494448100302	-4.67765724267859	19
10.4884386217968	-4.66149328184953	19
10.4823125789382	-4.64504732098781	19
10.476069034282	-4.62831829098083	19
10.469707057064	-4.61130516615175	19
10.4632257232008	-4.59400696425945	19
10.4566241152893	-4.57642274649858	19
10.4499013226073	-4.55855161749955	19
10.4430564411126	-4.54039272532848	19
10.4360885734438	-4.52194526148728	19
10.42899682892	-4.50320846091357	19
10.4254042263264	-4.493731332147	19
10.4217803235408	-4.48418160198075	19
10.4181250111069	-4.47455918699832	19
10.4144381799862	-4.46486400649796	19
10.4107197215573	-4.45509598249264	19
10.4069695276168	-4.44525503971007	19
10.4031874903784	-4.43534110559271	19
10.3993735024737	-4.42535411029772	19
10.3955274569516	-4.41529398669704	19
10.3916492472786	-4.4051606703773	19
10.3877387673387	-4.39495409963989	19
10.3837959114334	-4.38467421550092	19
10.379820574282	-4.37432096169126	19
10.375812651021	-4.36389428465648	19
10.3717720372045	-4.3533941335569	19
10.3676986288043	-4.34282046026759	19
10.3635923222095	-4.33217321937832	19
10.359453014227	-4.32145236819363	19
10.355280602081	-4.31065786673276	19
10.3510749834133	-4.29978967772972	19
10.3468360562833	-4.28884776663322	19
10.3425637191678	-4.27783210160674	19
10.3382578709613	-4.26674265352845	19
10.3339184109757	-4.2555793959913	19
10.3295452389405	-4.24434230530294	19
10.3251382550027	-4.23303136048577	19
10.3206973597268	-4.22164654327693	19
10.3162224540949	-4.21018783812828	19
10.3117134395066	-4.19865523220642	19
10.307170217779	-4.18704871539268	19
10.3025926911468	-4.17536828028314	19
10.2979807622622	-4.16361392218859	19
10.293334334195	-4.15178563913458	19
10.2886533104323	-4.13988343186137	19
10.283937594879	-4.12790730382398	19
10.2791870918575	-4.11585726119214	19
10.2744017061075	-4.10373331285032	19
10.2695813427864	-4.09153547039774	19
10.2647259074692	-4.07926374814834	19
10.2598353061483	-4.06691816313079	19
10.2549094452338	-4.05449873508851	19
10.249948231553	-4.04200548647965	19
10.2449515723511	-4.02943844247707	19
10.2399193752907	-4.01679763096841	19
10.2348515484518	-4.004083082556	19
10.2297480003322	-3.99129483055693	19
10.2246086398469	-3.97843291100302	19
10.2194333763287	-3.96549736264081	19
10.2142221195278	-3.9524882269316	19
10.208974779612	-3.93940554805141	19
10.2036912671666	-3.92624937289098	19
10.1983714931944	-3.91301975105581	19
10.1930153691158	-3.89971673486612	19
10.1876228067687	-3.88634037935686	19
10.1821937184085	-3.87289074227774	19
10.1767280167082	-3.85936788409317	19
10.1712256147582	-3.84577186798231	19
10.1656864260667	-3.83210275983906	19
10.1601103645591	-3.81836062827205	19
10.1544973445785	-3.80454554460464	19
10.1488472808856	-3.79065758287493	19
10.1431600886585	-3.77669681983574	19
10.1374356834929	-3.76266333495465	19
10.131673981402	-3.74855721041395	19
10.1258748988166	-3.73437853111069	19
10.1200383525849	-3.72012738465661	19
10.1141642599727	-3.70580386137824	19
10.1082525386634	-3.69140805431681	19
10.1023031067579	-3.67694005922828	19
10.0963158827745	-3.66239997458336	19
10.0902907856493	-3.6477879015675	19
10.0842277347356	-3.63310394408087	19
10.0781266498045	-3.61834820873837	19
10.0719874510445	-3.60352080486965	19
10.0658100590616	-3.58862184451909	19
10.0595943948796	-3.57365144244579	19
10.0533403799394	-3.55860971612361	19
10.0470479360998	-3.54349678574111	19
10.0407169856369	-3.52831277420163	19
10.0343474512445	-3.51305780712319	19
10.0279392560338	-3.4977320128386	19
10.0214923235337	-3.48233552239536	19
10.0150065776903	-3.46686846955573	19
10.0084819428677	-3.45133099079668	19
10.0019183438471	-3.43572322530995	19
9.99531570582753	-3.42004531500197	19
9.98867395442537	-3.40429740449396	19
9.98199301567461	-3.38847964112181	19
9.97527281602676	-3.3725921749362	19
9.96851328235087	-3.35663515870252	19
9.96171434193352	-3.34060874790088	19
9.95487592247879	-3.32451310072615	19
9.94799795210834	-3.30834837808792	19
9.94108035936133	-3.29211474361052	19
9.93412307319447	-3.27581236363302	19
9.92712602298197	-3.2594414072092	19
9.92008913851562	-3.24300204610761	19
9.9130123500047	-3.2264944548115	19
9.90589558807605	-3.20991881051887	19
9.89873878377402	-3.19327529314247	19
9.8915418685605	-3.17656408530975	19
9.88430477431492	-3.15978537236292	19
9.87702743333423	-3.14293934235892	19
9.86970977833292	-3.12602618606942	19
9.86235174244301	-3.10904609698082	19
9.85495325921404	-3.09199927129426	19
9.84751426261311	-3.07488590792561	19
9.84003468702481	-3.0577062085055	19
9.83251446725132	-3.04046037737924	19
9.82495353851228	-3.02314862160693	19
9.81735183644492	-3.00577115096338	19
9.80970929710398	-2.98832817793812	19
9.80202585696173	-2.97081991773544	19
9.79430145290798	-2.95324658827436	19
9.78653602225005	-2.93560841018861	19
9.77872950271284	-2.91790560682669	19
9.77088183243871	-2.9001384042518	19
9.76299294998763	-2.88230703124191	19
9.75506279433703	-2.86441171928969	19
9.74709130488193	-2.84645270260256	19
9.73907842143485	-2.82843021810269	19
9.73102408422584	-2.81034450542694	19
9.72292823390251	-2.79219580692696	19
9.71479081152996	-2.77398436766909	19
9.70661175859086	-2.75571043543443	19
9.6983910169854	-2.73737426071879	19
9.69012852903128	-2.71897609673275	19
9.68182423746376	-2.70051619940159	19
9.67347808543563	-2.68199482736533	19
9.66509001651719	-2.66341224197876	19
9.65665997469629	-2.64476870731135	19
9.64818790437831	-2.62606449014734	19
9.63967375038616	-2.6072998599857	19
9.63111745796027	-2.58847508904012	19
9.62251897275862	-2.56959045223904	19
9.61387824085672	-2.55064622722562	19
9.60519520874759	-2.53164269435777	19
9.59646982334182	-2.51258013670813	19
9.58770203196749	-2.49345884006406	19
9.57889178237023	-2.47427909292767	19
9.57003902271322	-2.4550411865158	19
9.56114370157715	-2.43574541476002	19
9.55220576796024	-2.41639207430664	19
9.54322517127825	-2.3969814645167	19
9.53420186136447	-2.37751388746598	19
9.52513578846974	-2.35798964794499	19
9.51602690326238	-2.33840905345897	19
9.50687515682831	-2.31877241422791	19
9.49768050067092	-2.2990800431865	19
9.48844288671117	-2.27933225598422	19
9.47916226728755	-2.25952937098523	19
9.46983859515606	-2.23967170926845	19
9.46047182349025	-2.21975959462752	19
9.4510619058812	-2.19979335357085	19
9.44160879633751	-2.17977331532155	19
9.43211244928533	-2.15969981181746	19
9.42257281956832	-2.13957317771118	19
9.4129898624477	-2.11939375037003	19
9.40336353360219	-2.09916186987606	19
9.39369378912807	-2.07887787902607	19
9.38398058553912	-2.05854212333157	19
9.37422387976669	-2.03815495101883	19
9.36442362915963	-2.01771671302885	19
9.35457979148435	-1.99722776301734	19
9.34469232492476	-1.97668845735478	19
9.33476118808233	-1.95609915512636	19
9.32478633997604	-1.93546021813199	19
9.31476774004242	-1.91477201088637	19
9.30470534813552	-1.89403490061887	19
9.29459912452692	-1.87324925727363	19
9.28444902990574	-1.85241545350953	19
9.27425502537863	-1.83153386470016	19
9.26401707246978	-1.81060486893386	19
9.25373513312089	-1.7896288470137	19
9.2434091696912	-1.76860618245748	19
9.23303914495751	-1.74753726149775	19
9.2226250221141	-1.72642247308176	19
9.21216676477282	-1.70526220887155	19
9.20166433696305	-1.68405686324384	19
9.19111770313168	-1.6628068332901	19
9.18052682814315	-1.64151251881656	19
9.16989167727943	-1.62017432234416	19
9.15921221624002	-1.59879264910856	19
9.14848841114194	-1.57736790706019	19
9.13772022851976	-1.55590050686421	19
9.12690763532558	-1.53439086190047	19
9.11605059892901	-1.5128393882636	19
9.10514908711722	-1.49124650476296	19
9.09420306809489	-1.46961263292262	19
9.08321251048425	-1.44793819698141	19
9.07217738332505	-1.42622362389287	19
9.06109765607457	-1.4044693433253	19
9.04997329860763	-1.38267578766172	19
9.03880428121658	-1.36084339199987	19
9.0275905746113	-1.33897259415226	19
9.0163321499192	-1.31706383464611	19
9.00502897868523	-1.29511755672337	19
8.99368103287186	-1.27313420634073	19
8.98228828485909	-1.25111423216964	19
8.97085070744447	-1.22905808559624	19
8.95936827384306	-1.20696622072143	19
8.94784095768748	-1.18483909436084	19
8.93626873302785	-1.16267716604484	19
8.92465157433184	-1.14048089801852	19
8.91298945648465	-1.11825075524172	19
8.90128235478901	-1.09598720538901	19
8.88953024496517	-1.07369071884968	19
8.87773310315094	-1.05136176872777	19
8.86589090590164	-1.02900083084205	19
8.85400363019012	-1.00660838372603	19
8.84207125340678	-0.984184908627942	19
8.83009375335953	-0.961730889510761	19
8.81807110827384	-0.939246813052195	19
8.80600329679267	-0.916733168644681	19
8.79389029797655	-0.894190448395403	19
8.78173209130353	-0.87161914712626	19
8.76952865666918	-0.849019762373905	19
8.75727997438661	-0.826392794389706	19
8.74498602518648	-0.803738746139789	19
8.73264679021695	-0.781058123304993	19
8.72026225104373	-0.758351434280897	19
8.70783238965006	-0.735619190177824	19
8.69535718843672	-0.712861904820818	19
8.68283663022199	-0.690080094749664	19
8.67027069824172	-0.667274279218883	19
8.65765937614927	-0.644444980197722	19
8.64500264801555	-0.621592722370178	19
8.63230049832896	-0.598718033134958	19
8.61955291199549	-0.575821442605529	19
8.60675987433863	-0.552903483610075	19
8.59392137109938	-0.529964691691523	19
8.58103738843633	-0.50700560510753	19
8.56810791292555	-0.484026764830485	19
8.55513293156065	-0.46102871454752	19
8.54211243175281	-0.438012000660496	19
8.52904640133069	-0.414977172286005	19
8.51593482854051	-0.391924781255378	19
8.50277770204602	-0.368855382114678	19
8.48957501092851	-0.345769532124702	19
8.47632674468678	-0.322667791260992	19
8.46303289323716	-0.2995507222138	19
8.44969344691355	-0.276418890388138	19
8.43630839646734	-0.253272863903737	19
8.42287773306747	-0.230113213595066	19
8.40940144830041	-0.206940513011329	19
8.39587953417016	-0.183755338416468	19
8.38231198309827	-0.160558268789149	19
8.36869878792379	-0.137349885822783	19
8.35503994190331	-0.11413077392551	19
8.34133543871097	-0.0909015202202053	19
8.32758527243843	-0.0676627145444773	19
8.31378943759488	-0.0444149494506707	19
8.29994792910705	-0.0211588202058621	19
8.28606074231918	0.00210507520813152	19
8.27212787299307	0.0253761360947742	19
8.25814931730805	0.0486537590427716	19
8.24412507186095	0.0719373379261175	19
8.23005513366616	0.0952262639040562	19
8.21593950015561	0.118519925421113	19
8.20177816917872	0.141817708207062	19
8.1875711390025	0.165118995276956	19
8.17331840831143	0.188423166931104	19
8.15901997620757	0.21172960075509	19
8.14467584221049	0.235037671619756	19
8.13028600625728	0.258346751681213	19
8.11585046870261	0.281656210380836	19
8.10136923031863	0.304965414445268	19
8.08684229229504	0.328273727886421	19
8.07226965623907	0.351580512001464	19
8.0576513241755	0.374885125372833	19
8.04298729854662	0.398186923868245	19
8.02827758221224	0.421485260640656	19
8.01352217844975	0.444779486128315	19
7.99872109095402	0.468068948054714	19
7.98387432383748	0.491352991428633	19
7.96898188163009	0.514630958544092	19
7.95404376927933	0.537902188980402	19
7.93905999215023	0.561166019602119	19
7.92403055602533	0.58442178455908	19
7.90895546710471	0.607668815286379	19
7.89383473200599	0.630906440504381	19
7.87866835776432	0.654133986218708	19
7.86345635183238	0.677350775720258	19
7.84819872208037	0.700556129585188	19
7.83289547679604	0.72374936567493	19
7.81754662468466	0.746929799136165	19
7.80215217486902	0.770096742400856	19
7.78671213688949	0.793249505186225	19
7.77122652070391	0.816387394494759	19
7.7556953366877	0.839509714614211	19
7.74011859563377	0.862615767117601	19
7.72449630875261	0.885704850863215	19
7.7088284876722	0.908776261994603	19
7.69311514443807	0.931829293940579	19
7.67735629151328	0.954863237415232	19
7.66155194177842	0.977877380417906	19
7.64570210853163	1.00087100823322	19
7.62980680548854	1.02384340343104	19
7.61386604678234	1.04679384586653	19
7.59787984696376	1.06972161268008	19
7.58184822100105	1.09262597829739	19
7.56577118427999	1.11550621442939	19
7.54964875260389	1.13836159007228	19
7.53348094219359	1.16119137150755	19
7.51726776968748	1.18399482230193	19
7.50100925214147	1.20677120330742	19
7.48470540702899	1.2295197726613	19
7.46835625224102	1.25223978578612	19
7.45196180608606	1.27493049538966	19
7.43552208729016	1.297591151465	19
7.41903711499687	1.32022100129047	19
7.4025069087673	1.34281928942967	19
7.38593148858007	1.36538525773146	19
7.36931087483136	1.38791814532998	19
7.35264508833487	1.41041718864463	19
7.3359341503218	1.43288162138006	19
7.31917808244093	1.45531067452621	19
7.30237690675855	1.47770357635826	19
7.28553064575848	1.50005955243669	19
7.26863932234207	1.52237782560721	19
7.2517029598282	1.54465761600081	19
7.23472158195331	1.56689814103376	19
7.21769521287133	1.58909861540758	19
7.20062387715375	1.61125825110905	19
7.18350759978958	1.63337625741022	19
7.16634640618537	1.65545184086841	19
7.1491403221652	1.67748420532624	19
7.13188937397067	1.69947255191151	19
7.11459358826091	1.72141607903737	19
7.09725299211262	1.74331398240221	19
7.07986761301999	1.76516545498964	19
7.06243747889475	1.7869696870686	19
7.04496261806618	1.80872586619328	19
7.02744305928107	1.83043317720311	19
7.00987883170375	1.8520908022228	19
6.99226996491609	1.87369792066233	19
6.97461648891749	1.89525370921695	19
6.95691843412485	1.91675734186715	19
6.93917583137267	1.93820798987873	19
6.92138871191291	1.95960482180272	19
6.9035571074151	1.98094700347541	19
6.88568104996629	2.00223369801839	19
6.86776057207108	2.0234640658385	19
6.84979570665157	2.04463726462782	19
6.83178648704742	2.06575244936374	19
6.8137329470158	2.08680877230888	19
6.79563512073144	2.10780538301116	19
6.77749304278657	2.12874142830372	19
6.75930674819097	2.14961605230501	19
6.74107627237196	2.17042839641873	19
6.72280165117436	2.19117759933383	19
6.70448292086055	2.21186279702454	19
6.68612011811044	2.23248312275036	19
6.66771328002146	2.25303770705604	19
6.64926244410858	2.27352567777163	19
6.6307676483043	2.2939461600124	19
6.61222893095864	2.31429827617891	19
6.59364633083918	2.33458114595699	19
6.575019887131	2.35479388631772	19
6.55634963943673	2.37493561151746	19
6.53763562777653	2.39500543309784	19
6.51887789258809	2.41500245988573	19
6.50007647472663	2.43492579799328	19
6.4812314154649	2.45477455081792	19
6.46234275649319	2.47454781904232	19
6.44341053991933	2.49424470063446	19
6.42443480826864	2.51386429084751	19
6.40541560448402	2.53340568221997	19
6.38635297192588	2.5528679645756	19
6.36724695437216	2.5722502250234	19
6.34809759601833	2.59155154795764	19
6.32890494147741	2.61077101505787	19
6.30966903577994	2.62990770528889	19
6.29038992437398	2.64896069490081	19
6.27106765312515	2.66792905742892	19
6.25170226831656	2.68681186369385	19
6.2322938166489	2.70560818180149	19
6.21284234524036	2.72431707714295	19
6.19334790162667	2.74293761239464	19
6.17381053376109	2.76146884751823	19
6.15423029001442	2.77990983976067	19
6.13460721917497	2.79825964365414	19
6.11494137044862	2.8165173110161	19
6.09523279345874	2.83468189094931	19
6.07548153824627	2.85275242984175	19
6.05568765526965	2.87072797136668	19
6.03585119540486	2.88860755648264	19
6.01597220994543	2.90639022343342	19
5.99605075060239	2.92407500774808	19
5.97608686950434	2.94166094224095	19
5.95608061919739	2.95914705701161	19
5.93603205264517	2.97653237944493	19
5.91594122322886	2.99381593421103	19
5.89580818474717	3.01099674326529	19
5.87563299141634	3.02807382584838	19
5.85541569787015	3.04504619848623	19
5.83515635915988	3.06191287499	19
5.81485503075438	3.07867286645614	19
5.79451176854001	3.09532518126639	19
5.77412662882068	3.11186882508772	19
5.7536996683178	3.12830280087239	19
5.73323094417034	3.14462610885791	19
5.71272051393481	3.16083774656705	19
5.6921684355852	3.17693670880786	19
5.6715747675131	3.19292198767367	19
5.65093956852759	3.20879257254304	19
5.63026289785528	3.22454745007981	19
5.60954481514033	3.24018560423311	19
5.58878538044443	3.2557060162373	19
5.56798465424678	3.27110766461203	19
5.54714269744414	3.28638952516219	19
5.52625957135078	3.30155057097796	19
5.50533533769853	3.31658977243479	19
5.48437005863672	3.33150609719336	19
5.46336379673222	3.34629851019966	19
5.44231661496944	3.36096597368492	19
5.42122857675033	3.37550744716564	19
5.40009974589434	3.38992188744358	19
5.37893018663849	3.40420824860578	19
5.35771996363731	3.41836548202453	19
5.33646914196286	3.43239253635741	19
5.31517778710474	3.44628835754724	19
5.29384596497007	3.4600518888221	19
5.27247374188353	3.47368207069538	19
5.25106118458731	3.48717784096568	19
5.22960836024112	3.5005381347169	19
5.20811533642222	3.51376188431822	19
5.18658218112541	3.52684801942404	19
5.165008962763	3.53979546697404	19
5.14339575016485	3.5526031511932	19
5.12174261257833	3.56526999359173	19
5.10004961966837	3.57779491296512	19
5.07831684151741	3.59017682539412	19
5.05654434862543	3.60241464424474	19
5.03473221190994	3.61450728016828	19
5.01288050270598	3.62645364110129	19
4.99098929276613	3.63825263226556	19
4.96905865426049	3.6499031561682	19
4.94708865977671	3.66140411260154	19
4.92507938231994	3.6727543986432	19
4.9030308953129	3.68395290865605	19
4.88094327259581	3.69499853428824	19
4.85881658842645	3.70589016447319	19
4.83665091748011	3.71662668542956	19
4.81444633484961	3.72720698066128	19
4.79220291604532	3.73762993095758	19
4.76992073699514	3.74789441439293	19
4.74759987404447	3.75799930632706	19
4.72524040395629	3.76794347940498	19
4.70284240391107	3.77772580355695	19
4.68040595150684	3.78734514599852	19
4.65793112475915	3.79680037123048	19
4.63541800210108	3.8060903410389	19
4.61286666238325	3.81521391449511	19
4.5902771848738	3.82416994795572	19
4.56764964925841	3.83295729506257	19
4.54498413564029	3.84157480674282	19
4.52228072454019	3.85002133120885	19
4.49953949689638	3.85829571395831	19
4.47676053406466	3.86639679777414	19
4.45394391781837	3.87432342272454	19
4.43108973034838	3.88207442616296	19
4.40819805426309	3.88964864272811	19
4.38526897258844	3.89704490434401	19
4.36230256876788	3.90426204021989	19
4.33929892666243	3.91129887685028	19
4.31625813055059	3.91815423801496	19
4.29318026512844	3.92482694477901	19
4.27006541550956	3.93131581549272	19
4.24691366722508	3.93761966579168	19
4.22372510622366	3.94373730859674	19
4.20049981887148	3.94966755411403	19
4.17723789195225	3.95540920983491	19
4.15393941266724	3.96096108053604	19
4.13060446863523	3.96632196827933	19
4.10723314789252	3.97149067241195	19
4.08382553889296	3.97646598956637	19
4.06038173050794	3.98124671366027	19
4.03690181202636	3.98583163589664	19
4.01338587315466	3.99021954476372	19
3.98983400401683	3.99440922603502	19
3.96624629515435	3.99839946276931	19
3.94262283752627	4.00218903531063	19
3.91896372250916	4.00577672128828	19
3.89526904189712	4.00916129561683	19
3.87153888790177	4.01234153049611	19
3.8477733531523	4.01531619541125	19
3.82397253069538	4.01808405713259	19
3.80013651399525	4.02064387971576	19
3.77626539693367	4.02299442450167	19
3.75235927380993	4.0251344501165	19
3.72841823934085	4.02706271247166	19
3.70444238866079	4.02877796476384	19
3.68043181732163	4.03027895747502	19
3.65638662129279	4.03156443837241	19
3.63230689696122	4.03263315250851	19
3.60819274113141	4.03348384222108	19
3.58404425102537	4.03411524713316	19
3.55986152428264	4.03452610415301	19
3.53564465896031	4.0347151474742	19
3.51139375353297	4.03468110857555	19
3.48710890689278	4.03442271622117	19
3.4627902183494	4.03393869646038	19
3.43843778763004	4.03322777262781	19
3.41405171487943	4.03228866534334	19
3.38963210065985	4.03112009251214	19
3.36517904595109	4.0297207693246	19
3.34069265215049	4.02808940825642	19
3.3161730210729	4.02622471906854	19
3.29162025495074	4.02412540880718	19
3.26703445643391	4.0217901818038	19
3.24241572858988	4.01921773967518	19
3.21776417490365	4.0164067813233	19
3.19307989927772	4.01335600293544	19
3.16836300603217	4.01006409798415	19
3.14361359990457	4.00652975722723	19
3.11883178605005	4.00275166870777	19
3.09401767004124	3.99872851775408	19
3.06917135786834	3.99445898697978	19
3.04429295593906	3.98994175628376	19
3.01938257107864	3.98517550285013	19
2.99444031052985	3.98015890114829	19
2.96946628195302	3.97489062293292	19
2.94446059342597	3.96936933724396	19
2.91942335344408	3.96359371040659	19
2.89435467092026	3.95756240603129	19
2.86925465518494	3.95127408501378	19
2.84412341598609	3.94472740553506	19
2.8189610634892	3.9379210230614	19
2.79376770827732	3.93085359034431	19
2.76854346135099	3.9235237574206	19
2.74328843412833	3.91593017161233	19
2.71800273844494	3.9080714775268	19
2.692686486554	3.89994631705663	19
2.66733979112619	3.89155332937967	19
2.64196276524974	3.88289115095902	19
2.61655552243039	3.8739584155431	19
2.59111817659144	3.86475375416554	19
2.5656508420737	3.85527579514528	19
2.54015363363551	3.84552316408648	19
2.51462666645277	3.8354944838786	19
2.48907005611889	3.82518837469637	19
2.4634839186448	3.81460345399975	19
2.43786837045899	3.803738336534	19
2.41222352840746	3.79259163432964	19
2.38654950975376	3.78116195670244	19
2.36084643217895	3.76944791025344	19
2.33511441378164	3.75744809886897	19
2.30935357307796	3.74516112372058	19
2.28356402900158	3.73258558326513	19
2.25774590090371	3.71972007324472	19
2.23189930855306	3.70656318668673	19
2.20602437213591	3.6931135139038	19
2.18012121225605	3.67936964249384	19
2.1541899499348	3.66533015733999	19
2.12823070661103	3.65099364061073	19
2.10224360414111	3.63635867175974	19
2.07622876479898	3.62142382752597	19
2.05018631127609	3.6061876819337	19
2.02411636668141	3.59064880629237	19
1.99801905454148	3.5748057691968	19
1.97189449880033	3.558657136527	19
1.94574282381955	3.54220147144825	19
1.91956415437825	3.52543733441114	19
1.89335861567308	3.50836328315148	19
1.8671263333182	3.49097787269037	19
1.84086743334533	3.47327965533417	19
1.81458204220371	3.4552671806745	19
1.78827028676011	3.43693899558825	19
1.76193229429883	3.41829364423759	19
1.73556819252171	3.39932966806993	19
1.7091781095481	3.38004560581796	19
1.68276217391492	3.36043999349964	19
1.6563205145766	3.34051136441818	19
1.62985326090508	3.32025824916208	19
1.60336054268988	3.29967917560507	19
1.576842490138	3.27877266890618	19
1.55029923387402	3.25753725150969	19
1.52373090494002	3.23597144314516	19
1.49713763479561	3.21407376082737	19
1.47051955531796	3.19184271885644	19
1.44387679880175	3.16927682881768	19
1.4172094979592	3.14637459958174	19
1.39051778592004	3.12313453730447	19
1.36380179623157	3.09955514542701	19
1.3370616628586	3.07563492467578	19
1.31029752018346	3.05137237306245	19
1.28350950300603	3.02676598588395	19
1.25669774654373	3.00181425572251	19
1.22986238643148	2.97651567244559	19
1.20300355872177	2.9508687232059	19
1.17612139988459	2.92487189244148	19
1.14921604680747	2.89852366187558	19
1.12228763679549	2.87182251051674	19
1.09533630757124	2.84476691465876	19
1.06836219727485	2.8173553478807	19
1.04136544446398	2.78958628104689	19
1.01434618811383	2.76145818230694	19
0.987304567617122	2.73296951709569	19
0.96024072278411	2.7041187481333	19
0.933154793842583	2.67490433542515	19
0.906046921437863	2.64532473626187	19
0.878917246632803	2.61537840521943	19
0.851765910907785	2.585063794159	19
0.824593056160728	2.55437935222704	19
0.797398824707076	2.52332352585527	19
0.770183359279811	2.49189475876068	19
0.742946803029443	2.46009149194554	19
0.715689299524016	2.42791216369734	19
0.688410992749103	2.39535520958888	19
0.661112027107814	2.36241906247822	19
0.633792547420784	2.32910215250867	19
0.606452698926185	2.29540290710881	19
0.579092627279718	2.26131975099248	19
0.551712478554618	2.22685110615881	19
0.52431239924165	2.19199539189219	19
0.496892536249112	2.15675102476224	19
0.469453036902832	2.12111641862387	19
0.441994048946172	2.08508998461729	19
0.414515720540024	2.04867013116791	19
0.387018200262813	2.01185526398645	19
0.359501637110496	1.97464378606889	19
0.33196618049656	1.93703409769646	19
0.304411980252026	1.89902459643567	19
0.276839186625445	1.8606136771383	19
0.249247950282901	1.82179973194137	19
0.221638422308009	1.7825811502672	19
0.194010754201916	1.74295631882335	19
0.166365097883302	1.70292362160265	19
0.138701605688376	1.66248143988321	19
