0.356473006998936	23.1361365262485	44.5
0.348141611721399	23.1305105799419	44.5
0.339881570121474	23.1247803851911	44.5
0.331694186555492	23.1189468468601	44.5
0.323580753906228	23.1130108861324	44.5
0.315542553378748	23.1069734403649	44.5
0.307580854298095	23.1008354629403	44.5
0.299696913908857	23.0945979231164	44.5
0.291891977176608	23.0882618058731	44.5
0.284167276591337	23.0818281117567	44.5
0.276524031972816	23.0752978567221	44.5
0.268963450277973	23.0686720719723	44.5
0.2614867254103	23.0619518037955	44.5
0.25409503803133	23.0551381133999	44.5
0.246789555374185	23.0482320767463	44.5
0.239571431059264	23.0412347843778	44.5
0.232441804912078	23.0341473412481	44.5
0.225401802783235	23.0269708665466	44.5
0.218452536370688	23.0197064935218	44.5
0.211595103044161	23.0123553693025	44.5
0.204830585671868	23.0049186547164	44.5
0.19816005244952	22.9973975241069	44.5
0.191584556731641	22.9897931651478	44.5
0.185105136865229	22.9821067786554	44.5
0.178722816025793	22.9743395783994	44.5
0.172438602055781	22.9664927909106	44.5
0.166253487305426	22.9585676552877	44.5
0.16016844847605	22.9505654230016	44.5
0.15418444646582	22.9424873576976	44.5
0.148302426218024	22.9343347349956	44.5
0.142523316571847	22.9261088422895	44.5
0.136848030115697	22.917810978543	44.5
0.131277463043091	22.9094424540849	44.5
0.12581249501115	22.9010045904024	44.5
0.120453989001675	22.8924987199318	44.5
0.115202791184881	22.8839261858488	44.5
0.110059730785785	22.8752883418559	44.5
0.105025619953235	22.8665865519687	44.5
0.100101253631696	22.8578221903007	44.5
0.0952874094356915	22.8489966408463	44.5
0.0905848475270261	22.8401112972621	44.5
0.0859943104947334	22.8311675626467	44.5
0.0815165232378341	22.8221668493195	44.5
0.0771521928508392	22.8131105785976	44.5
0.0729020085121093	22.8040001805711	44.5
0.0687666413750243	22.7948370938773	44.5
0.064746744461992	22.785622765474	44.5
0.0608429525613339	22.7763586504104	44.5
0.0570558821270453	22.7670462115977	44.5
0.0533861311814547	22.7576869195778	44.5
0.0498342792207715	22.7482822522916	44.5
0.0464008871235926	22.738833694845	44.5
0.0430864970623404	22.7293427392747	44.5
0.0398916324176177	22.7198108843126	44.5
0.0368167976955931	22.7102396351493	44.5
0.033862478448313	22.7006305031957	44.5
0.0310291411970347	22.6909850058453	44.5
0.0283172333585533	22.681304666234	44.5
0.0257271831745562	22.6715910129995	44.5
0.0232593996439903	22.6618455800404	44.5
0.0209142724584837	22.6520699062733	44.5
0.0186921719408026	22.6422655353907	44.5
0.0165934489863844	22.6324340156162	44.5
0.0146184350079039	22.6225768994608	44.5
0.0127674418829677	22.6126957434775	44.5
0.011040761904848	22.6027921080153	44.5
0.00943866773632962	22.592867556973	44.5
0.00796141236665093	22.5829236575524	44.5
0.00660922907156447	22.5729619800103	44.5
0.00538233137648803	22.5629840974112	44.5
0.00428091302278233	22.5529915853784	44.5
0.00330514793717995	22.5429860218454	44.5
0.00245519020430152	22.5329689868067	44.5
0.00173117404231959	22.5229420620681	44.5
0.001133213781781	22.5129068309974	44.5
0.000661403847544761	22.5028648782739	44.5
0.000315818743867879	22.4928177896383	44.5
9.65130426457961e-05	22.4827671516424	44.5
3.52137478998316e-06	22.4727145513985	44.5
3.6858424760311e-05	22.4626615763285	44.5
0.000196518928252232	22.452609813914	44.5
0.000482477673024562	22.4425608514445	44.5
0.000894689502871415	22.432516275768	44.5
0.00143308932477026	22.4224776730391	44.5
0.00209759211914218	22.4124466284698	44.5
0.00288809295329884	22.4024247260782	44.5
0.00380446699799109	22.3924135484389	44.5
0.00484656954714069	22.3824146764329	44.5
0.00601423604066298	22.372429688998	44.5
0.00730728209049403	22.3624601628795	44.5
0.00872550350966605	22.352507672381	44.5
0.0102686763445803	22.3425737891163	44.5
0.0119365569103564	22.3326600817607	44.5
0.0137288818293158	22.3227681158034	44.5
0.0156453680725797	22.3128994533005	44.5
0.0176857130047523	22.3030556526284	44.5
0.0198495944317152	22.2932382682371	44.5
0.0221366706515091	22.2834488504056	44.5
0.0245465805082823	22.2736889449964	44.5
0.0270789434493359	22.2639600932116	44.5
0.0297333595852045	22.2542638313498	44.5
0.0325094097528087	22.244601690563	44.5
0.0354066555816459	22.2349751966155	44.5
0.038424639563015	22.225385869642	44.5
0.0415628851222571	22.2158352239086	44.5
0.0448208966940236	22.2063247675729	44.5
0.0481981598005135	22.1968560024462	44.5
0.0516941411327316	22.1874304237562	44.5
0.0553082886347056	22.1780495199112	44.5
0.0590400315906443	22.1687147722646	44.5
0.062888780715074	22.1594276548812	44.5
0.0668539282458909	22.1501896343046	44.5
0.0709348480403413	22.1410021693253	44.5
0.0751308956738725	22.1318667107504	44.5
0.0794414085419284	22.1227847011749	44.5
0.0838657059645591	22.1137575747533	44.5
0.0884030892939052	22.1047867569735	44.5
0.093052842024548	22.0958736644317	44.5
0.0978142299066249	22.0870197046085	44.5
0.102686501061793	22.0782262756467	44.5
0.107668886101962	22.0694947661307	44.5
0.11276059825077	22.0608265548672	44.5
0.117960833467848	22.0522230106672	44.5
0.12326877057577	22.0436854921299	44.5
0.128683571389733	22.0352153474287	44.5
0.134204380849923	22.0268139140974	44.5
0.139830327156524	22.0184825188198	44.5
0.145560521907395	22.0102224772199	44.5
0.15139406023836	22.0020350936539	44.5
0.157330020966093	21.9939216610047	44.5
0.163367466733582	21.9858834604772	44.5
0.169505444158155	21.9779217613965	44.5
0.175742983982015	21.9700378210073	44.5
0.182079101225327	21.9622328842751	44.5
0.188512795341715	21.9545081836898	44.5
0.195043050376309	21.9468649390713	44.5
0.201668835126128	21.9393043573764	44.5
0.208389103302959	21.9318276325087	44.5
0.215202793698548	21.9244359451298	44.5
0.222108830352195	21.9171304624726	44.5
0.229106122720658	21.9099123381577	44.5
0.236193565850353	21.9027827120105	44.5
0.243370040551856	21.8957427098817	44.5
0.250634413576613	21.8887934434691	44.5
0.257985537795911	21.8819360101426	44.5
0.265422252382024	21.8751714927703	44.5
0.27294338299151	21.868500959548	44.5
0.280547741950652	21.8619254638301	44.5
0.288234128443026	21.8554460439637	44.5
0.296001328699095	21.8490637231242	44.5
0.303848116187901	21.8427795091542	44.5
0.311773251810735	21.8365943944039	44.5
0.319775484096809	21.8305093555745	44.5
0.327853549400889	21.8245253535643	44.5
0.33600617210281	21.8186433333165	44.5
0.344232064808946	21.8128642236703	44.5
0.352529928555477	21.8071889372141	44.5
0.360898453013526	21.8016183701415	44.5
0.369336316696071	21.7961534021096	44.5
0.377842187166621	21.7907948961001	44.5
0.386414721249626	21.7855436982833	44.5
0.39505256524258	21.7804006378842	44.5
0.403754355129781	21.7753665270517	44.5
0.412518716797731	21.7704421607301	44.5
0.421344266252124	21.7656283165341	44.5
0.430229609836395	21.7609257546255	44.5
0.439173344451785	21.7563352175932	44.5
0.448174057778925	21.7518574303363	44.5
0.457230328500831	21.7474930999493	44.5
0.466340726527385	21.7432429156106	44.5
0.475503813221117	21.7391075484735	44.5
0.484718141624423	21.7350876515604	44.5
0.493982256688028	21.7311838596598	44.5
0.503294695500774	21.7273967892255	44.5
0.512653987520615	21.7237270382799	44.5
0.522058654806848	21.7201751863192	44.5
0.531507212253487	21.716741794222	44.5
0.540998167823776	21.7134274041608	44.5
0.550530022785811	21.7102325395161	44.5
0.560101271949197	21.707157704794	44.5
0.569710403902736	21.7042033855468	44.5
0.579355901253102	21.7013700482955	44.5
0.589036240864445	21.698658140457	44.5
0.598749894098926	21.696068090273	44.5
0.608495327058094	21.6936003067424	44.5
0.618271000825111	21.6912551795569	44.5
0.628075371707766	21.6890330790393	44.5
0.637906891482245	21.6869343560848	44.5
0.647764007637601	21.6849593421064	44.5
0.657645163620927	21.6831083489814	44.5
0.667548799083146	21.6813816690033	44.5
0.677473350125414	21.6797795748348	44.5
0.687417249546069	21.6783023194651	44.5
0.697378927088124	21.67695013617	44.5
0.707356809687209	21.6757232384749	44.5
0.717349321720004	21.6746218201212	44.5
0.727354885253011	21.6736460550356	44.5
0.737371920291768	21.6727960973028	44.5
0.747398845030318	21.6720720811408	44.5
0.75743407610101	21.6714741208802	44.5
0.767476028824529	21.671002310946	44.5
0.77752311746012	21.6706567258423	44.5
0.787573755456027	21.6704374201411	44.5
0.797626355699997	21.6703444284732	44.5
0.807679330769922	21.6703777655232	44.5
0.817731093184491	21.6705374260267	44.5
0.827780055653903	21.6708233847715	44.5
0.837824631330491	21.6712355966013	44.5
0.847863234059314	21.6717739964232	44.5
0.857894278628635	21.6724384992176	44.5
0.867916181020224	21.6732290000517	44.5
0.87792735865952	21.6741453740964	44.5
0.887926230665524	21.6751874766456	44.5
0.897911218100433	21.6763551431391	44.5
0.907880744218978	21.6776481891889	44.5
0.917833234717421	21.6790664106081	44.5
0.927767117982132	21.680609583443	44.5
0.937680825337793	21.6822774640088	44.5
0.947572791295087	21.6840697889278	44.5
0.957441453797916	21.685986275171	44.5
0.96728525447007	21.6880266201032	44.5
0.977102638861314	21.6901905015302	44.5
0.986892056692842	21.69247757775	44.5
1.00003697236106	21.6956575761891	44.5
1.0110150957136	21.6982860083364	44.5
1.02199789941276	21.7008878075584	44.5
1.03298538345855	21.7034629738551	44.5
1.04397754785098	21.7060115072266	44.5
1.05497439259002	21.7085334076727	44.5
1.0659759176757	21.7110286751936	44.5
1.076982123108	21.7134973097892	44.5
1.08799300888693	21.7159393114595	44.5
1.09900857501249	21.7183546802046	44.5
1.11002882148468	21.7207434160244	44.5
1.1210537483035	21.7231055189188	44.5
1.13208335546894	21.725440988888	44.5
1.14311764298101	21.727749825932	44.5
1.15415661083971	21.7300320300506	44.5
1.16520025904503	21.732287601244	44.5
1.17624858759699	21.7345165395121	44.5
1.18730159649557	21.7367188448549	44.5
1.19835928574078	21.7388945172724	44.5
1.20942165533262	21.7410435567646	44.5
1.22048870527108	21.7431659633316	44.5
1.23156043555618	21.7452617369732	44.5
1.2426368461879	21.7473308776896	44.5
1.25371793716625	21.7493733854808	44.5
1.26480370849122	21.7513892603466	44.5
1.27589416016283	21.7533785022871	44.5
1.28698929218106	21.7553411113024	44.5
1.29808910454592	21.7572770873924	44.5
1.30919359725741	21.7591864305571	44.5
1.32030277031553	21.7610691407966	44.5
1.33141662372027	21.7629252181107	44.5
1.34253515747164	21.7647546624996	44.5
1.35365837156964	21.7665574739632	44.5
1.36478626601427	21.7683336525015	44.5
1.37591884080552	21.7700831981145	44.5
1.3870560959434	21.7718061108023	44.5
1.39819803142791	21.7735023905647	44.5
1.40934464725905	21.7751720374019	44.5
1.42049594343682	21.7768150513138	44.5
1.43165191996121	21.7784314323005	44.5
1.44281257683224	21.7800211803618	44.5
1.45397791404989	21.7815842954979	44.5
1.46514793161416	21.7831207777087	44.5
1.47632262952507	21.7846306269942	44.5
1.4875020077826	21.7861138433544	44.5
1.49868606638676	21.7875704267893	44.5
1.50987480533755	21.789000377299	44.5
1.52106822463497	21.7904036948834	44.5
1.53226632427901	21.7917803795425	44.5
1.54346910426968	21.7931304312763	44.5
1.55467656460699	21.7944538500848	44.5
1.56588870529091	21.7957506359681	44.5
1.57710552632147	21.7970207889261	44.5
1.58832702769865	21.7982643089588	44.5
1.59955320942246	21.7994811960662	44.5
1.6107840714929	21.8006714502483	44.5
1.62201961390997	21.8018350715052	44.5
1.63325983667366	21.8029720598368	44.5
1.64450473978399	21.804082415243	44.5
1.65575432324094	21.8051661377241	44.5
1.66700858704452	21.8062232272798	44.5
1.67826753119472	21.8072536839103	44.5
1.68953115569155	21.8082575076154	44.5
1.70079946053502	21.8092346983953	44.5
1.71207244572511	21.8101852562499	44.5
1.72335011126182	21.8111091811793	44.5
1.73463245714517	21.8120064731833	44.5
1.74591948337514	21.8128771322621	44.5
1.75721118995174	21.8137211584156	44.5
1.76850757687497	21.8145385516438	44.5
1.77980864414483	21.8153293119467	44.5
1.79111439176131	21.8160934393243	44.5
1.80242481972443	21.8168309337767	44.5
1.81373992803417	21.8175417953038	44.5
1.82505971669053	21.8182260239056	44.5
1.83638418569353	21.8188836195821	44.5
1.84771333504315	21.8195145823334	44.5
1.8590471647394	21.8201189121593	44.5
1.87038567478228	21.82069660906	44.5
1.88172886517179	21.8212476730354	44.5
1.89307673590793	21.8217721040855	44.5
1.90442928699069	21.8222699022104	44.5
1.91578651842008	21.8227410674099	44.5
1.92714843019609	21.8231855996842	44.5
1.93851502231874	21.8236034990332	44.5
1.94988629478802	21.8239947654569	44.5
1.96126224760392	21.8243593989554	44.5
1.97264288076645	21.8246973995285	44.5
1.9840281942756	21.8250087671764	44.5
1.99541818813139	21.825293501899	44.5
2.0068128623338	21.8255516036963	44.5
2.01821221688284	21.8257830725684	44.5
2.02961625177851	21.8259879085151	44.5
2.04102496702081	21.8261661115366	44.5
2.05243836260973	21.8263176816328	44.5
2.06385643854528	21.8264426188037	44.5
2.07527919482746	21.8265409230493	44.5
2.08670663145627	21.8266125943697	44.5
2.09813874843171	21.8266576327647	44.5
2.10957554575377	21.8266760382345	44.5
2.12101702342246	21.826667810779	44.5
2.13246318143778	21.8266329503983	44.5
2.14391401979973	21.8265714570922	44.5
2.1553695385083	21.8264833308609	44.5
2.1668297375635	21.8263685717043	44.5
2.17829461696533	21.8262271796224	44.5
2.18976417671379	21.8260591546152	44.5
2.20123841680888	21.8258644966828	44.5
2.21271733725059	21.825643205825	44.5
2.22420093803893	21.825395282042	44.5
2.2356892191739	21.8251207253337	44.5
2.2471821806555	21.8248195357001	44.5
2.25867982248372	21.8244917131413	44.5
2.27018214465858	21.8241372576571	44.5
2.28168914718006	21.8237561692477	44.5
2.29320083004817	21.823348447913	44.5
2.3047171932629	21.822914093653	44.5
2.31623823682427	21.8224531064678	44.5
2.32776396073226	21.8219654863572	44.5
2.33929436498688	21.8214512333214	44.5
2.35082944958813	21.8209103473603	44.5
2.362369214536	21.8203428284739	44.5
2.37391365983051	21.8197486766623	44.5
2.38546278547163	21.8191278919253	44.5
2.39701659145939	21.8184804742631	44.5
2.40857507779378	21.8178064236756	44.5
2.4201382444748	21.8171057401628	44.5
2.43170609150244	21.8163784237247	44.5
2.44327861887671	21.8156244743614	44.5
2.4548558265976	21.8148438920727	44.5
2.46643771466513	21.8140366768588	44.5
2.47802428307929	21.8132028287196	44.5
2.48961553184007	21.8123423476552	44.5
2.50121146094748	21.8114552336654	44.5
2.51281207040151	21.8105414867504	44.5
2.52441736020218	21.8096011069101	44.5
2.53602733034947	21.8086340941445	44.5
2.54764198084339	21.8076404484536	44.5
2.55926131168394	21.8066201698375	44.5
2.57088532287111	21.805573258296	44.5
2.58251401440492	21.8044997138293	44.5
2.59414738628535	21.8033995364373	44.5
2.60578543851241	21.80227272612	44.5
2.6174281710861	21.8011192828775	44.5
2.62907558400642	21.7999392067096	44.5
2.64072767727336	21.7987324976165	44.5
2.65238445088693	21.7974991555981	44.5
2.66404590484713	21.7962391806544	44.5
2.67571203915395	21.7949525727855	44.5
2.68738285380741	21.7936393319912	44.5
2.69905834880749	21.7922994582717	44.5
2.7107385241542	21.7909329516269	44.5
2.72242337984754	21.7895398120568	44.5
2.7341129158875	21.7881200395615	44.5
2.74580713227409	21.7866736341408	44.5
2.75750602900732	21.7852005957949	44.5
2.76920960608717	21.7837009245237	44.5
2.78091786351364	21.7821746203272	44.5
2.79263080128675	21.7806216832054	44.5
2.80434841940648	21.7790421131584	44.5
2.81607071787284	21.7774359101861	44.5
2.82779769668583	21.7758030742885	44.5
2.83952935584545	21.7741436054656	44.5
2.85126569535169	21.7724575037174	44.5
2.86300671520456	21.770744769044	44.5
2.87475241540406	21.7690054014452	44.5
2.88650279595019	21.7672394009212	44.5
2.89825785684294	21.7654467674719	44.5
2.91001759808233	21.7636275010973	44.5
2.92178201966833	21.7617816017975	44.5
2.93355112160097	21.7599090695724	44.5
2.94532490388024	21.7580099044219	44.5
2.95710336650614	21.7560841063463	44.5
2.96888650947866	21.7541316753453	44.5
2.98067433279781	21.752152611419	44.5
2.99246683646358	21.7501469145675	44.5
3.00426402047599	21.7481145847907	44.5
3.01606588483502	21.7460556220886	44.5
3.02787242954069	21.7439700264612	44.5
3.03968365459297	21.7418577979085	44.5
3.05149955999189	21.7397189364306	44.5
3.06332014573744	21.7375534420274	44.5
3.07514541182961	21.7353613146989	44.5
3.08697535826841	21.7331425544451	44.5
3.09880998505384	21.730897161266	44.5
3.11064929218589	21.7286251351617	44.5
3.12249327966457	21.7263264761321	44.5
3.13434194748989	21.7240011841772	44.5
3.14619529566183	21.721649259297	44.5
3.15805332418039	21.7192707014915	44.5
3.16991603304559	21.7168655107608	44.5
3.18178342225741	21.7144336871047	44.5
3.19365549181586	21.7119752305234	44.5
3.20553224172094	21.7094901410168	44.5
3.21741367197265	21.706978418585	44.5
3.22929978257098	21.7044400632278	44.5
3.24119057351594	21.7018750749454	44.5
3.25308604480753	21.6992834537377	44.5
3.26498619644575	21.6966651996047	44.5
3.27689102843059	21.6940203125464	44.5
3.28880054076207	21.6913487925629	44.5
3.30071473344017	21.688650639654	44.5
3.3126336064649	21.6859258538199	44.5
3.32455715983626	21.6831744350605	44.5
3.33648539355424	21.6803963833758	44.5
3.34841830761885	21.6775916987659	44.5
3.36035590203009	21.6747603812307	44.5
3.37229817678796	21.6719024307701	44.5
3.38424513189246	21.6690178473843	44.5
3.39619676734358	21.6661066310733	44.5
3.40815308314133	21.6631687818369	44.5
3.42011407928571	21.6602042996753	44.5
3.43207975577672	21.6572131845883	44.5
3.44405011261435	21.6541954365761	44.5
3.45602514979862	21.6511510556387	44.5
3.4680048673295	21.6480800417759	44.5
3.47998926520702	21.6449823949879	44.5
3.49197834343117	21.6418581152745	44.5
3.50397210200195	21.6387072026359	44.5
3.51597054091934	21.6355296570721	44.5
3.52797366018338	21.6323254785829	44.5
3.53998145979403	21.6290946671684	44.5
3.55199393975132	21.6258372228287	44.5
3.56401110005523	21.6225531455637	44.5
3.57603294070577	21.6192424353734	44.5
3.58805946170294	21.6159050922579	44.5
3.60009066304674	21.612541116217	44.5
3.61212654473716	21.6091505072509	44.5
3.62416710677421	21.6057332653595	44.5
3.63621234915789	21.6022893905428	44.5
3.6482622718882	21.5988188828008	44.5
3.66031687496514	21.5953217421336	44.5
3.6723761583887	21.591797968541	44.5
3.68444012215889	21.5882475620232	44.5
3.69650876627571	21.5846705225801	44.5
3.70858209073916	21.5810668502117	44.5
3.72066009554923	21.5774365449181	44.5
3.73274278070593	21.5737796066992	44.5
3.74483014620927	21.5700960355549	44.5
3.75692219205923	21.5663858314854	44.5
3.76901891825581	21.5626489944907	44.5
3.78112032479903	21.5588855245706	44.5
3.79322641168886	21.5550954217253	44.5
3.80533717892533	21.5512786859547	44.5
3.81745262650843	21.5474353172588	44.5
3.82957275443816	21.5435653156376	44.5
3.84169756271451	21.5396686810911	44.5
3.85382705133749	21.5357454136194	44.5
3.8659612203071	21.5317955132223	44.5
3.87810006962334	21.5278189799	44.5
3.8902435992862	21.5238158136525	44.5
3.90239180929569	21.5197860144796	44.5
3.91454469965181	21.5157295823815	44.5
3.92670227035456	21.511646517358	44.5
3.93886452140394	21.5075368194093	44.5
3.95103145279994	21.5034004885353	44.5
3.96320306454257	21.4992375247361	44.5
3.97537935663183	21.4950479280115	44.5
3.98756032906771	21.4908316983617	44.5
3.99974598185023	21.4865888357866	44.5
4.01193631497937	21.4823193402862	44.5
4.02413132845514	21.4780232118605	44.5
4.03633102227754	21.4737004505096	44.5
4.04853539644657	21.4693510562334	44.5
4.06074445096222	21.4649750290318	44.5
4.0729581858245	21.460572368905	44.5
4.08517660103341	21.456143075853	44.5
4.09739969658895	21.4516871498756	44.5
4.10962747249111	21.447204590973	44.5
4.12185992873991	21.4426953991451	44.5
4.13409706533533	21.4381595743919	44.5
4.14633888227738	21.4335971167134	44.5
4.15858537956606	21.4290080261096	44.5
4.17083655720135	21.4243923025806	44.5
4.18309241518329	21.4197499461263	44.5
4.19535295351185	21.4150809567467	44.5
4.20761817218703	21.4103853344418	44.5
4.21988807120885	21.4056630792117	44.5
4.23216265057729	21.4009141910562	44.5
4.24444191029237	21.3961386699755	44.5
4.25672585035407	21.3913365159695	44.5
4.26901447076239	21.3865077290382	44.5
4.28130777151735	21.3816523091816	44.5
4.29360575261893	21.3767702563998	44.5
4.30590841406714	21.3718615706927	44.5
4.31821575586198	21.3669262520603	44.5
4.33052777800344	21.3619643005026	44.5
4.34284448049154	21.3569757160196	44.5
4.35516586332626	21.3519604986114	44.5
4.3674919265076	21.3469186482778	44.5
4.37982267003559	21.341850165019	44.5
4.39215809391019	21.336755048835	44.5
4.40449819813142	21.3316332997256	44.5
4.41684298269928	21.3264849176909	44.5
4.42919244761377	21.321309902731	44.5
4.44154659287489	21.3161082548458	44.5
4.45390541848263	21.3108799740353	44.5
4.466268924437	21.3056250602995	44.5
4.478637110738	21.3003435136385	44.5
4.49100997738563	21.2950353340521	44.5
4.50338752437988	21.2897005215405	44.5
4.51576975172077	21.2843390761036	44.5
4.52815665940827	21.2789509977415	44.5
4.54054824744242	21.273536286454	44.5
4.55294451582319	21.2680949422413	44.5
4.56534546455057	21.2626269651033	44.5
4.5777510936246	21.25713235504	44.5
4.59016140304525	21.2516111120514	44.5
4.60257639281253	21.2460632361375	44.5
4.61499606292643	21.2404887272984	44.5
4.62742041338696	21.234887585534	44.5
4.63984944419413	21.2292598108443	44.5
4.65228315534792	21.2236054032293	44.5
4.66472154684833	21.217924362689	44.5
4.67716461869538	21.2122166892235	44.5
4.68961237088905	21.2064823828327	44.5
4.70206480342935	21.2007214435165	44.5
4.71452191631628	21.1949338712752	44.5
4.72698370954983	21.1891196661085	44.5
4.73945018313002	21.1832788280166	44.5
4.75192133705683	21.1774113569993	44.5
4.76439717133027	21.1715172530568	44.5
4.77687768595034	21.165596516189	44.5
4.78936288091703	21.159649146396	44.5
4.80185275623035	21.1536751436776	44.5
4.81434731189031	21.147674508034	44.5
4.82684654789688	21.1416472394651	44.5
4.8393504642501	21.1355933379709	44.5
4.85185906094993	21.1295128035514	44.5
4.86437233799639	21.1234056362067	44.5
4.87689029538948	21.1172718359366	44.5
4.88941293312919	21.1111114027413	44.5
4.90194025121554	21.1049243366207	44.5
4.91447224964852	21.0987106375749	44.5
4.92700892842812	21.0924703056037	44.5
4.93955028755435	21.0862033407073	44.5
4.9520963270272	21.0799097428855	44.5
4.96464704684669	21.0735895121385	44.5
4.9772024470128	21.0672426484663	44.5
4.98976252752554	21.0608691518687	44.5
5.00232728838491	21.0544690223459	44.5
5.0148967295909	21.0480422598978	44.5
5.02747085114353	21.0415888645244	44.5
5.04004965304278	21.0351088362257	44.5
5.05263313528866	21.0286021750017	44.5
5.06522129788117	21.0220688808525	44.5
5.0778141408203	21.015508953778	44.5
5.09041166410606	21.0089223937781	44.5
5.10301386773845	21.0023092008531	44.5
5.11562075171747	20.9956693750027	44.5
5.12823231604312	20.9890029162271	44.5
5.14084856071539	20.9823098245261	44.5
5.15346948573429	20.9755900998999	44.5
5.16609509109983	20.9688437423484	44.5
5.17872537681198	20.9620707518717	44.5
5.19136034287077	20.9552711284696	44.5
5.20399998927618	20.9484448721423	44.5
5.21664431602822	20.9415919828897	44.5
5.22929332312689	20.9347124607118	44.5
5.24194701057218	20.9278063056086	44.5
5.25460537836411	20.9208735175802	44.5
5.26726842650266	20.9139140966264	44.5
5.27993615498784	20.9069280427474	44.5
5.29260856381965	20.8999153559431	44.5
5.30528565299809	20.8928760362136	44.5
5.31796742252315	20.8858100835587	44.5
5.33065387239484	20.8787174979786	44.5
5.34334500261316	20.8715982794732	44.5
5.3560408131781	20.8644524280425	44.5
5.36874130408968	20.8572799436865	44.5
5.38144647534789	20.8500808264052	44.5
5.39415632695272	20.8428550761987	44.5
5.40687085890418	20.8356026930669	44.5
5.41959007120226	20.8283236770098	44.5
5.43231396384697	20.8210180280274	44.5
5.44504253683832	20.8136857461197	44.5
5.45777579017629	20.8063268312868	44.5
5.47051372386088	20.7989412835286	44.5
5.48325633789211	20.7915291028451	44.5
5.49600363226996	20.7840902892363	44.5
5.50875560699444	20.7766248427022	44.5
5.52151226206555	20.7691327632429	44.5
5.53427359748328	20.7616140508583	44.5
5.54703961324766	20.7540687055484	44.5
5.55981030935865	20.7464967273132	44.5
5.57258568581626	20.7388981161527	44.5
5.58536574262052	20.731272872067	44.5
5.59815047977139	20.7236209950559	44.5
5.61093989726889	20.7159424851196	44.5
5.62373399511302	20.708237342258	44.5
5.63653277330378	20.7005055664712	44.5
5.64933623184117	20.692747157759	44.5
5.66214437072519	20.6849621161216	44.5
5.67495718995583	20.6771504415589	44.5
5.6877746895331	20.6693121340709	44.5
5.70059686945699	20.6614471936576	44.5
5.71342372972752	20.6535556203191	44.5
5.72625527034467	20.6456374140552	44.5
5.73909149130846	20.6376925748661	44.5
5.75193239261887	20.6297211027517	44.5
5.7647779742759	20.6217229977121	44.5
5.77762823627957	20.6136982597471	44.5
5.79048317862986	20.6056468888569	44.5
5.80334280132679	20.5975688850413	44.5
5.81620710437033	20.5894642483005	44.5
5.82907608776051	20.5813329786345	44.5
5.84194975149731	20.5731750760431	44.5
5.85482809558074	20.5649905405265	44.5
5.8677111200108	20.5567793720845	44.5
5.88059882478749	20.5485415707173	44.5
5.89349120991081	20.5402771364249	44.5
5.90638827538075	20.5319860692071	44.5
5.91929002119732	20.5236683690641	44.5
5.93219644736052	20.5153240359957	44.5
5.94510755387035	20.5069530700021	44.5
5.9580233407268	20.4985554710832	44.5
5.97094380792988	20.4901312392391	44.5
5.98386895547959	20.4816803744696	44.5
5.99679878337594	20.4732028767749	44.5
6.0097332916189	20.4646987461549	44.5
6.02267248020849	20.4561679826096	44.5
6.03561634914471	20.447610586139	44.5
6.04856489842756	20.4390265567432	44.5
6.06151812805704	20.4304158944221	44.5
6.07447603803315	20.4217785991757	44.5
6.08743862835588	20.413114671004	44.5
6.10040589902524	20.404424109907	44.5
6.11337785004122	20.3957069158847	44.5
6.12635448140384	20.3869630889372	44.5
6.13933579311309	20.3781926290644	44.5
6.15232178516896	20.3693955362663	44.5
6.16531245757146	20.3605718105429	44.5
6.17830781032059	20.3517214518943	44.5
6.19130784341634	20.3428444603203	44.5
6.20431255685872	20.3339408358211	44.5
6.21732195064774	20.3250105783966	44.5
6.23033602478338	20.3160536880469	44.5
6.24335477926564	20.3070701647718	44.5
6.25637821409454	20.2980600085715	44.5
6.26940632927006	20.2890232194458	44.5
6.28243912479221	20.2799597973949	44.5
6.29547660066099	20.2708697424188	44.5
6.3085187568764	20.2617530545173	44.5
6.32156559343843	20.2526097336906	44.5
6.33461711034709	20.2434397799385	44.5
6.34767330760238	20.2342431932612	44.5
6.36073418520429	20.2250199736586	44.5
6.37379974315284	20.2157701211308	44.5
6.38686998144802	20.2064936356776	44.5
6.39994490008981	20.1971905172992	44.5
6.41302449907824	20.1878607659955	44.5
6.4261087784133	20.1785043817665	44.5
6.43919773809498	20.1691213646123	44.5
6.45229137812329	20.1597117145327	44.5
6.46538969849824	20.1502754315279	44.5
6.4784926992198	20.1408125155978	44.5
6.491600380288	20.1313229667424	44.5
6.50471274170282	20.1218067849617	44.5
6.51782978346427	20.1122639702558	44.5
6.53095150557235	20.1026945226245	44.5
6.54407790802706	20.093098442068	44.5
6.55720899082839	20.0834757285862	44.5
6.57034475397635	20.0738263821791	44.5
6.58348519747094	20.0641504028468	44.5
6.59663032131216	20.0544477905892	44.5
6.6097801255	20.0447185454062	44.5
6.62293461003448	20.034962667298	44.5
6.63609377491558	20.0251801562646	44.5
6.64925762014331	20.0153710123058	44.5
6.66242614571767	20.0055352354218	44.5
6.67559935163865	19.9956728256125	44.5
6.68877723790627	19.9857837828779	44.5
6.70195980452051	19.975868107218	44.5
6.71514705148137	19.9659257986328	44.5
6.72833897878887	19.9559568571224	44.5
6.74153558644299	19.9459612826867	44.5
6.75473687444374	19.9359390753257	44.5
6.76794284279112	19.9258902350394	44.5
6.78115349148514	19.9158147618278	44.5
6.79436882052577	19.905712655691	44.5
6.80758882991303	19.8955839166288	44.5
6.82081351964692	19.8854285446414	44.5
6.83404288972744	19.8752465397288	44.5
6.84727694015459	19.8650379018908	44.5
6.86051567092836	19.8548026311275	44.5
6.87375908204876	19.844540727439	44.5
6.88700717351579	19.8342521908252	44.5
6.90025994532945	19.8239370212861	44.5
6.91351739748973	19.8135952188217	44.5
6.92677952999664	19.8032267834321	44.5
6.94004634285019	19.7928317151172	44.5
6.95331783605036	19.782410013877	44.5
6.96659400959715	19.7719616797115	44.5
6.97987486349058	19.7614867126207	44.5
6.99316039773063	19.7509851126046	44.5
7.00645061231732	19.7404568796633	44.5
7.01974550725062	19.7299020137967	44.5
7.03304508253056	19.7193205150048	44.5
7.04634933815712	19.7087123832876	44.5
7.05965827413031	19.6980776186452	44.5
7.07297189045013	19.6874162210774	44.5
7.08629018711658	19.6767281905844	44.5
7.09961316412966	19.6660135271661	44.5
7.11294082148935	19.6552722308225	44.5
7.12627315919568	19.6445043015537	44.5
7.13961017724865	19.6337097393595	44.5
7.15295187564823	19.6228885442401	44.5
7.16629825439445	19.6120407161954	44.5
7.17964931348729	19.6011662552254	44.5
7.19300505292676	19.5902651613302	44.5
7.20636547271285	19.5793374345096	44.5
7.21973057284558	19.5683830747638	44.5
7.23310035332494	19.5574020820927	44.5
7.24647481415091	19.5463944564963	44.5
7.25985395532352	19.5353601979746	44.5
7.27323777684276	19.5242993065277	44.5
7.28662627870862	19.5132117821555	44.5
7.30001946092111	19.502097624858	44.5
7.31341732348024	19.4909568346352	44.5
7.32681986638598	19.4797894114871	44.5
7.34022708963836	19.4685953554138	44.5
7.35363899323736	19.4573746664151	44.5
7.367055577183	19.4461273444912	44.5
7.38047684147526	19.434853389642	44.5
7.39390278611414	19.4235528018676	44.5
7.40733341109966	19.4122255811678	44.5
7.4207687164318	19.4008717275428	44.5
7.43420870211057	19.3894912409925	44.5
7.44765336813597	19.3780841215169	44.5
7.46110271450799	19.366650369116	44.5
7.47455674122665	19.3551899837898	44.5
7.48801544829193	19.3437029655384	44.5
7.50147883570384	19.3321893143617	44.5
7.51494690346238	19.3206490302597	44.5
7.52841965156755	19.3090821132324	44.5
7.54189708001934	19.2974885632799	44.5
7.55537918881776	19.285868380402	44.5
7.56886597796281	19.2742215645989	44.5
7.58235744745448	19.2625481158705	44.5
7.59585359729279	19.2508480342168	44.5
7.60935442747772	19.2391213196379	44.5
7.62285993800928	19.2273679721336	44.5
7.63637012888747	19.2155879917041	44.5
7.64988500011228	19.2037813783493	44.5
7.66340455168373	19.1919481320692	44.5
7.6769287836018	19.1800882528638	44.5
7.6904576958665	19.1682017407332	44.5
7.70399128847782	19.1562885956773	44.5
7.71752956143578	19.1443488176961	44.5
7.73107251474036	19.1323824067896	44.5
7.74462014839158	19.1203893629578	44.5
7.75817246238941	19.1083696862008	44.5
7.77172945673387	19.0963233765184	44.5
7.78529113142497	19.0842504339108	44.5
7.79885748646269	19.0721508583779	44.5
7.81242852184704	19.0600246499198	44.5
7.82600423757802	19.0478718085363	44.5
7.83958463365563	19.0356923342276	44.5
7.85316971007986	19.0234862269936	44.5
7.86675946685072	19.0112534868343	44.5
7.88035390396821	18.9989941137497	44.5
7.89395302143232	18.9867081077398	44.5
7.90755681924307	18.9743954688047	44.5
7.92116529740044	18.9620561969443	44.5
7.93477845590444	18.9496902921586	44.5
7.94839629475506	18.9372977544476	44.5
7.96201881395232	18.9248785838114	44.5
7.9756460134962	18.9124327802498	44.5
7.98927789338672	18.899960343763	44.5
8.00291445362385	18.8874612743509	44.5
8.01655569420763	18.8749355720135	44.5
8.03020161513802	18.8623832367509	44.5
8.04385221641504	18.8498042685629	44.5
8.05750749803869	18.8371986674497	44.5
8.07116746000897	18.8245664334112	44.5
8.08483210232588	18.8119075664474	44.5
8.09850142498941	18.7992220665584	44.5
8.11217542799957	18.786509933744	44.5
8.12585411135635	18.7737711680044	44.5
8.13953747505978	18.7610057693395	44.5
8.15322551910982	18.7482137377493	44.5
8.16691824350649	18.7353950732338	44.5
8.18061564824979	18.7225497757931	44.5
8.19431773333972	18.7096778454271	44.5
8.20802449877628	18.6967792821357	44.5
8.22173594455946	18.6838540859192	44.5
8.23545207068928	18.6709022567773	44.5
8.24917287716571	18.6579237947101	44.5
8.26289836398878	18.6449186997177	44.5
8.27662853115848	18.6318869718	44.5
8.2903633786748	18.618828610957	44.5
8.30410290653775	18.6057436171887	44.5
8.31784711474733	18.5926319904952	44.5
8.33159600330354	18.5794937308763	44.5
8.34534957220637	18.5663288383322	44.5
8.35910782145584	18.5531373128628	44.5
8.37287075105193	18.5399191544682	44.5
8.38663836099465	18.5266743631482	44.5
8.40041065128399	18.513402938903	44.5
8.41418762191996	18.5001048817325	44.5
8.42796927290257	18.4867801916367	44.5
8.44175560423179	18.4734288686156	44.5
8.45554661590765	18.4600509126692	44.5
8.46934230793013	18.4466463237976	44.5
8.48314268029925	18.4332151020007	44.5
8.49694773301499	18.4197572472785	44.5
8.51075746607736	18.406272759631	44.5
8.52457187948635	18.3927616390582	44.5
8.53839097324198	18.3792238855602	44.5
8.55221474734423	18.3656594991368	44.5
8.56604320179311	18.3520684797882	44.5
8.57987633658862	18.3384508275144	44.5
8.59371415173075	18.3248065423152	44.5
8.60755664721952	18.3111356241907	44.5
8.62140382305491	18.297438073141	44.5
8.63525567923693	18.283713889166	44.5
8.64911221576557	18.2699630722657	44.5
8.66297343264085	18.2561856224401	44.5
8.67683932986275	18.2423815396893	44.5
8.69070990743128	18.2285508240132	44.5
8.70458516534644	18.2146934754118	44.5
8.71846510360822	18.2008094938851	44.5
8.73234972221663	18.1868988794331	44.5
8.74623902117168	18.1729616320558	44.5
8.76013300047335	18.1589977517533	44.5
8.77403166012164	18.1450072385255	44.5
8.78793500011657	18.1309900923724	44.5
8.80184302045812	18.116946313294	44.5
8.8157557211463	18.1028759012904	44.5
8.82967310218111	18.0887788563614	44.5
8.84359516356255	18.0746551785072	44.5
8.85752190529061	18.0605048677277	44.5
8.8714533273653	18.0463279240229	44.5
8.88538942978662	18.0321243473929	44.5
8.89933021255457	18.0178941378375	44.5
8.91327567566914	18.0036372953569	44.5
8.92722581913035	17.989353819951	44.5
8.94118064293818	17.9750437116198	44.5
8.94815980997208	17.9678786701073	44.5
8.95514014709264	17.9607069703634	44.5
8.96212165429985	17.9535286123882	44.5
8.96910433159372	17.9463435961816	44.5
8.97608817897425	17.9391519217438	44.5
8.98307319644143	17.9319535890746	44.5
8.99005938399528	17.9247485981741	44.5
8.99704674163578	17.9175369490423	44.5
9.00403526936294	17.9103186416792	44.5
9.01102496717674	17.9030936760847	44.5
9.01801583507721	17.895862052259	44.5
9.02500787306435	17.8886237702019	44.5
9.03200108113813	17.8813788299135	44.5
9.03899545929857	17.8741272313937	44.5
9.04599100754567	17.8668689746427	44.5
9.05298772587943	17.8596040596603	44.5
9.05998561429984	17.8523324864466	44.5
9.0669846728069	17.8450542550016	44.5
9.07398490140063	17.8377693653253	44.5
9.08098630008102	17.8304778174176	44.5
9.08798886884805	17.8231796112786	44.5
9.09499260770175	17.8158747469083	44.5
9.10199751664211	17.8085632243067	44.5
9.10900359566912	17.8012450434738	44.5
9.11601084478279	17.7939202044095	44.5
9.12301926398311	17.786588707114	44.5
9.13002885327009	17.7792505515871	44.5
9.13703961264373	17.7719057378288	44.5
9.14405154210402	17.7645542658393	44.5
9.15106464165098	17.7571961356185	44.5
9.15807891128458	17.7498313471663	44.5
9.16509435100485	17.7424599004828	44.5
9.17211096081177	17.735081795568	44.5
9.17912874070536	17.7276970324218	44.5
9.18614769068559	17.7203056110444	44.5
9.19316781075249	17.7129075314356	44.5
9.20018910090604	17.7055027935955	44.5
9.20721156114625	17.6980913975241	44.5
9.21423519147312	17.6906733432214	44.5
9.22125999188663	17.6832486306873	44.5
9.22828596238681	17.6758172599219	44.5
9.23531310297365	17.6683792309252	44.5
9.24234141364715	17.6609345436972	44.5
9.24937089440729	17.6534831982379	44.5
9.2564015452541	17.6460251945472	44.5
9.26343336618756	17.6385605326252	44.5
9.27046635720769	17.6310892124719	44.5
9.27750051831446	17.6236112340873	44.5
9.2845358495079	17.6161265974714	44.5
9.29157235078799	17.6086353026241	44.5
9.29861002215474	17.6011373495455	44.5
9.30564886360814	17.5936327382356	44.5
9.3126888751482	17.5861214686944	44.5
9.31973005677492	17.5786035409219	44.5
9.3267724084883	17.571078954918	44.5
9.33381593028833	17.5635477106829	44.5
9.34086062217502	17.5560098082164	44.5
9.34790648414837	17.5484652475185	44.5
9.35495351620838	17.5409140285894	44.5
9.36200171835504	17.5333561514289	44.5
9.36905109058836	17.5257916160372	44.5
9.37610163290833	17.5182204224141	44.5
9.38315334531496	17.5106425705596	44.5
9.39020622780826	17.5030580604739	44.5
9.3972602803882	17.4954668921568	44.5
9.4043155030548	17.4878690656085	44.5
9.41137189580806	17.4802645808288	44.5
9.41842945864798	17.4726534378177	44.5
9.42548819157455	17.4650356365754	44.5
9.43254809458778	17.4574111771017	44.5
9.43960916768767	17.4497800593967	44.5
9.44667141087421	17.4421422834604	44.5
9.45373482414742	17.4344978492928	44.5
9.46079940750727	17.4268467568939	44.5
9.46786516095379	17.4191890062636	44.5
9.47493208448696	17.411524597402	44.5
9.48200017810679	17.4038535303091	44.5
9.48906944181328	17.3961758049849	44.5
9.49613987560642	17.3884914214294	44.5
9.50321147948622	17.3808003796425	44.5
9.51028425345268	17.3731026796243	44.5
9.51735819750579	17.3653983213748	44.5
9.52443331164557	17.357687304894	44.5
9.53150959587199	17.3499696301819	44.5
9.53858705018508	17.3422452972384	44.5
9.54566567458482	17.3345143060636	44.5
9.55274546907122	17.3267766566575	44.5
9.55982643364428	17.3190323490201	44.5
9.56690856830399	17.3112813831513	44.5
9.57399187305035	17.3035237590513	44.5
9.58107634788338	17.2957594767199	44.5
9.58816199280307	17.2879885361572	44.5
9.5952488078094	17.2802109373632	44.5
9.60233679290241	17.2724266803378	44.5
9.60942594808206	17.2646357650811	44.5
9.61651627334837	17.2568381915932	44.5
9.62360776870134	17.2490339598739	44.5
9.63070043414097	17.2412230699232	44.5
9.63779426966725	17.2334055217413	44.5
9.64488927528019	17.225581315328	44.5
9.65198545097979	17.2177504506834	44.5
9.65908279676604	17.2099129278075	44.5
9.66618131263895	17.2020687467003	44.5
9.67328099859851	17.1942179073618	44.5
9.68038185464474	17.1863604097919	44.5
9.68748388077762	17.1784962539907	44.5
9.69458707699716	17.1706254399582	44.5
9.70169144330335	17.1627479676944	44.5
9.70879697969621	17.1548638371992	44.5
9.71590368617571	17.1469730484727	44.5
9.72301156274188	17.139075601515	44.5
9.7301206093947	17.1311714963259	44.5
9.73723082613419	17.1232607329054	44.5
9.74434221296032	17.1153433112537	44.5
9.75145476987311	17.1074192313706	44.5
9.75856849687256	17.0994884932562	44.5
9.76568339395867	17.0915510969105	44.5
9.77279946113143	17.0836070423335	44.5
9.77991669839086	17.0756563295251	44.5
9.78703510573694	17.0676989584855	44.5
9.79415468316967	17.0597349292145	44.5
9.80127543068907	17.0517642417122	44.5
9.80839734829512	17.0437868959785	44.5
9.81552043598782	17.0358028920136	44.5
9.82264469376718	17.0278122298173	44.5
9.8297701216332	17.0198149093897	44.5
9.83689671958588	17.0118109307308	44.5
9.84402448762521	17.0038002938406	44.5
9.85115342575121	16.995782998719	44.5
9.85828353396386	16.9877590453662	44.5
9.86541481226316	16.979728433782	44.5
9.87254726064912	16.9716911639665	44.5
9.87968087912174	16.9636472359196	44.5
9.88681566768101	16.9555966496415	44.5
9.89395162632695	16.947539405132	44.5
9.90108875505954	16.9394755023912	44.5
9.90822705387878	16.9314049414191	44.5
9.91536652278469	16.9233277222157	44.5
9.92250716177725	16.9152438447809	44.5
9.92964897085647	16.9071533091149	44.5
9.93679195002235	16.8990561152175	44.5
9.94393609927487	16.8909522630888	44.5
9.95108141861406	16.8828417527287	44.5
9.95822790803991	16.8747245841374	44.5
9.96537556755241	16.8666007573147	44.5
9.97252439715157	16.8584702722607	44.5
9.97967439683739	16.8503331289754	44.5
9.98682556660986	16.8421893274588	44.5
9.99397790646899	16.8340388677108	44.5
10.0011314164148	16.8258817497315	44.5
10.0082860964472	16.8177179735209	44.5
10.0154419465663	16.809547539079	44.5
10.0225989667721	16.8013704464058	44.5
10.0297571570645	16.7931866955012	44.5
10.0369165174436	16.7849962863654	44.5
10.0440770479093	16.7767992189982	44.5
10.0512387484617	16.7685954933996	44.5
10.0584016191007	16.7603851095698	44.5
10.0655656598264	16.7521680675087	44.5
10.0727308706388	16.7439443672162	44.5
10.0798972515378	16.7357140086924	44.5
10.0870648025235	16.7274769919373	44.5
10.0942335235958	16.7192333169508	44.5
10.1014034147548	16.7109829837331	44.5
10.1085744760004	16.702725992284	44.5
10.1157467073327	16.6944623426036	44.5
10.1229201087517	16.6861920346919	44.5
10.1300946802573	16.6779150685489	44.5
10.1372704218496	16.6696314441745	44.5
10.1444473335285	16.6613411615688	44.5
10.1516254152941	16.6530442207318	44.5
10.1588046671463	16.6447406216635	44.5
10.1659850890852	16.6364303643639	44.5
10.1731666811108	16.6281134488329	44.5
10.180349443223	16.6197898750706	44.5
10.1875333754218	16.611459643077	44.5
10.1947184777074	16.6031227528521	44.5
10.2019047500795	16.5947792043959	44.5
10.2090921925384	16.5864289977083	44.5
10.2162808050839	16.5780721327894	44.5
10.223470587716	16.5697086096393	44.5
10.2306615404348	16.5613384282577	44.5
10.2378536632403	16.5529615886449	44.5
10.2450469561324	16.5445780908007	44.5
10.2522414191112	16.5361879347253	44.5
10.2594370521766	16.5277911204185	44.5
10.2666338553287	16.5193876478803	44.5
10.2738318285675	16.5109775171109	44.5
10.2810309718929	16.5025607281101	44.5
10.288231285305	16.4941372808781	44.5
10.2954327688037	16.4857071754147	44.5
10.3026354223891	16.4772704117199	44.5
10.3098392460611	16.4688269897939	44.5
10.3170442398198	16.4603769096365	44.5
10.3242504036651	16.4519201712479	44.5
10.3314577375972	16.4434567746279	44.5
10.3386662416158	16.4349867197765	44.5
10.3458759157211	16.4265100066939	44.5
10.3530867599131	16.4180266353799	44.5
10.3602987741918	16.4095366058347	44.5
10.367511958557	16.401039918058	44.5
10.374726313009	16.3925365720501	44.5
10.3819418375476	16.3840265678109	44.5
10.3891585321729	16.3755099053403	44.5
10.3963763968848	16.3669865846384	44.5
10.4035954316834	16.3584566057052	44.5
10.4108156365686	16.3499199685407	44.5
10.4180370115405	16.3413766731449	44.5
10.425259556599	16.3328267195177	44.5
10.4324832717442	16.3242701076592	44.5
10.4397081569761	16.3157068375694	44.5
10.4469342122946	16.3071369092483	44.5
10.4541614376998	16.2985603226959	44.5
10.4613898331916	16.2899770779121	44.5
10.4686193987701	16.281387174897	44.5
10.4758501344353	16.2727906136506	44.5
10.4830820401871	16.2641873941729	44.5
10.4903151160255	16.2555775164638	44.5
10.4975493619506	16.2469609805235	44.5
10.5047847779624	16.2383377863518	44.5
10.5120213640608	16.2297079339488	44.5
10.5192591202459	16.2210714233145	44.5
10.5264980465177	16.2124282544488	44.5
10.5337381428761	16.2037784273519	44.5
10.5409794093211	16.1951219420236	44.5
10.5482218458529	16.186458798464	44.5
10.5554654524712	16.177788996673	44.5
10.5627102291763	16.1691125366508	44.5
10.5699561759679	16.1604294183972	44.5
10.5772032928463	16.1517396419123	44.5
10.5844515798113	16.1430432071961	44.5
10.5917010368629	16.1343401142486	44.5
10.5989516640013	16.1256303630698	44.5
10.6062034612262	16.1169139536596	44.5
10.6134564285379	16.1081908860181	44.5
10.6207105659361	16.0994611601453	44.5
10.6279658734211	16.0907247760412	44.5
10.6352223509927	16.0819817337057	44.5
10.6424799986509	16.073232033139	44.5
10.6497388163959	16.0644756743409	44.5
10.6569988042274	16.0557126573115	44.5
10.6642599621456	16.0469429820507	44.5
10.6715222901505	16.0381666485587	44.5
10.6787857882421	16.0293836568353	44.5
10.6860504564203	16.0205940068806	44.5
10.6933162946851	16.0117976986946	44.5
10.7005833030366	16.0029947322773	44.5
10.7078514814748	15.9941851076286	44.5
10.7151208299996	15.9853688247487	44.5
10.7223913486111	15.9765458836374	44.5
10.7296630373093	15.9677162842948	44.5
10.7369358960941	15.9588800267209	44.5
10.7442099249655	15.9500371109156	44.5
10.7514851239236	15.941187536879	44.5
10.7587614929684	15.9323313046111	44.5
10.7660390320998	15.9234684141119	44.5
10.7733177413179	15.9145988653814	44.5
10.7805976206226	15.9057226584196	44.5
10.787878670014	15.8968397932264	44.5
10.7951608894921	15.8879502698019	44.5
10.8024442790568	15.8790540881461	44.5
10.8097288387081	15.870151248259	44.5
10.8170145684462	15.8612417501405	44.5
10.8243014682709	15.8523255937907	44.5
10.8315895381822	15.8434027792096	44.5
10.8388787781802	15.8344733063972	44.5
10.8461691882648	15.8255371753535	44.5
10.8534607684361	15.8165943860784	44.5
10.8607535186941	15.8076449385721	44.5
10.8680474390387	15.7986888328344	44.5
10.87534252947	15.7897260688654	44.5
10.8826387899879	15.780756646665	44.5
10.8899362205925	15.7717805662334	44.5
10.8972348212838	15.7627978275704	44.5
10.9045345920617	15.7538084306761	44.5
10.9118355329263	15.7448123755505	44.5
10.9191376438775	15.7358096621936	44.5
10.9264409249154	15.7268002906053	44.5
10.9337453760399	15.7177842607857	44.5
10.940945996475	15.709063174204	44.5
10.9483097166117	15.7004793573626	44.5
10.9558339201554	15.692035860051	44.5
10.9635159337922	15.6837356822035	44.5
10.9713530281394	15.6755817728337	44.5
10.9793424187147	15.6675770289869	44.5
10.9874812669256	15.6597242947103	44.5
10.995766681078	15.6520263600432	44.5
11.0041957174039	15.644485960025	44.5
11.0127653811068	15.637105773724	44.5
11.0214726274258	15.6298884232851	44.5
11.0303143627179	15.6228364729988	44.5
11.0392874455567	15.6159524283892	44.5
11.0483886878485	15.6092387353247	44.5
11.0576148559652	15.6026977791485	44.5
11.0669626718933	15.5963318838312	44.5
11.0764288143983	15.5901433111449	44.5
11.0860099202048	15.5841342598603	44.5
11.0957025851916	15.5783068649644	44.5
11.1055033656009	15.5726631969031	44.5
11.1154087792621	15.5672052608447	44.5
11.1254153068289	15.5619349959679	44.5
11.1355193930298	15.5568542747727	44.5
11.1457174479309	15.5519649024151	44.5
11.156005848212	15.547268616066	44.5
11.1663809384534	15.5427670842934	44.5
11.176839032435	15.5384619064701	44.5
11.1873764144458	15.5343546122054	44.5
11.197989340604	15.5304466608013	44.5
11.2086740401877	15.5267394407344	44.5
11.2194267169739	15.5232342691623	44.5
11.2302435505877	15.5199323914557	44.5
11.2411206978596	15.5168349807562	44.5
11.2520542941911	15.5139431375589	44.5
11.2630404549274	15.511257889322	44.5
11.2740752767379	15.5087801901014	44.5
11.285154839003	15.5065109202118	44.5
11.2962752052069	15.5044508859141	44.5
11.3074324243365	15.5026008191285	44.5
11.318622532285	15.5009613771751	44.5
11.3298415532603	15.4995331425397	44.5
11.3410855011976	15.4983166226673	44.5
11.3523503811759	15.4973122497816	44.5
11.3636321908368	15.4965203807316	44.5
11.3749269218071	15.4959412968644	44.5
11.3862305611228	15.495575203926	44.5
11.3975390926545	15.4954222319872	44.5
11.4088484985348	15.4954824353985	44.5
11.4201547605858	15.4957557927697	44.5
11.4314538617463	15.4962422069782	44.5
11.4427417874995	15.4969415052035	44.5
11.4540145272991	15.4978534389883	44.5
11.4652680759944	15.4989776843267	44.5
11.476498435253	15.5003138417797	44.5
11.4877016149819	15.501861436617	44.5
11.4988736347445	15.5036199189856	44.5
11.5100105251755	15.5055886641049	44.5
11.5211083293908	15.5077669724892	44.5
11.5321631043933	15.510154070196	44.5
11.5431709224741	15.5127491091007	44.5
11.5541278726079	15.5155511671985	44.5
11.5650300618424	15.5185592489314	44.5
11.5758736166818	15.5217722855422	44.5
11.5866546844627	15.5251891354545	44.5
11.5973694347229	15.5288085846776	44.5
11.6080140605627	15.5326293472386	44.5
11.6185847799973	15.5366500656386	44.5
11.6290778373004	15.5408693113355	44.5
11.6394895043387	15.5452855852516	44.5
11.6498160818965	15.5498973183055	44.5
11.6600539009899	15.5547028719707	44.5
11.6701993241705	15.5597005388567	44.5
11.6802487468179	15.5648885433162	44.5
11.6901985984199	15.5702650420761	44.5
11.7000453438417	15.5758281248919	44.5
11.7097854845816	15.5815758152267	44.5
11.7194155600139	15.5875060709535	44.5
11.7289321486186	15.5936167850808	44.5
11.7383318691972	15.5999057865009	44.5
11.7476113820737	15.6063708407616	44.5
11.7567673902813	15.6130096508597	44.5
11.7657966407339	15.6198198580579	44.5
11.7746959253819	15.6267990427217	44.5
11.7834620823517	15.6339447251802	44.5
11.7920919970696	15.6412543666064	44.5
11.8005826033679	15.6487253699195	44.5
11.8089308845747	15.6563550807076	44.5
11.8171338745853	15.6641407881709	44.5
11.8251886589166	15.6720797260844	44.5
11.8330923757419	15.6801690737814	44.5
11.8408422169083	15.6884059571551	44.5
11.8484354289342	15.6967874496802	44.5
11.8558693139874	15.7053105734522	44.5
11.8631412308441	15.7139723002458	44.5
11.8702485958267	15.7227695525907	44.5
11.8771888837224	15.7316992048652	44.5
11.8839596286799	15.7407580844062	44.5
11.8905584250858	15.7499429726369	44.5
11.8969829284191	15.7592506062104	44.5
11.9032308560844	15.7686776781687	44.5
11.9092999882226	15.7782208391181	44.5
11.9151881685002	15.7878766984188	44.5
11.9208933048746	15.7976418253902	44.5
11.9264133703381	15.807512750529	44.5
11.9317464036377	15.8174859667426	44.5
11.9368905099721	15.8275579305947	44.5
11.9418438616647	15.8377250635646	44.5
11.9466046988133	15.8479837533182	44.5
11.9511713299152	15.8583303549921	44.5
11.955542132468	15.8687611924878	44.5
11.9597155535465	15.8792725597784	44.5
11.9636901103539	15.8898607222254	44.5
11.9674643907492	15.9005219179048	44.5
11.9710370537484	15.9112523589447	44.5
11.9744068300016	15.9220482328705	44.5
11.9775725222432	15.9329057039595	44.5
11.9805330057178	15.943820914604	44.5
11.9832872285797	15.9547899866817	44.5
11.9858342122667	15.9658090229333	44.5
11.9881730518476	15.9768741083479	44.5
11.9903029163439	15.9879813115533	44.5
11.9922230490247	15.999126686213	44.5
11.9939327676762	16.0103062724285	44.5
11.9954314648434	16.0215160981461	44.5
11.9967186080464	16.032752180568	44.5
11.9977937399693	16.0440105275678	44.5
11.9986564786228	16.0552871391082	44.5
11.99930651748	16.0665780086629	44.5
11.9997436255853	16.0778791246397	44.5
11.9999676476361	16.089186471806	44.5
11.9999785040386	16.100496032715	44.5
11.9997761909354	16.1118037891338	44.5
11.9993607802075	16.1231057234702	44.5
11.9987324194483	16.1343978202008	44.5
11.9978913319115	16.1456760672975	44.5
11.9968378164313	16.1569364576526	44.5
11.9955722473168	16.1681749905032	44.5
11.9940950742188	16.1793876728521	44.5
11.9924068219698	16.1905705208865	44.5
11.9905080903977	16.2017195613939	44.5
11.9883995541129	16.2128308331731	44.5
11.9860819622682	16.2239003884424	44.5
11.9835561382931	16.2349242942413	44.5
11.9808229796007	16.2458986338287	44.5
11.9778834572693	16.256819508074	44.5
11.9747386156971	16.2676830368425	44.5
11.9713895722316	16.2784853603742	44.5
11.9678375167717	16.2892226406549	44.5
11.9640837113459	16.2998910627802	44.5
11.9601294896635	16.3104868363104	44.5
11.9559762566405	16.3210061966177	44.5
11.9516254879009	16.3314454062234	44.5
11.947078729252	16.3418007561261	44.5
11.9423375961356	16.3520685671192	44.5
11.9374037730538	16.3622451910984	44.5
11.9322790129702	16.3723270123576	44.5
11.9269651366879	16.3823104488739	44.5
11.9214640322017	16.3921919535796	44.5
11.9157776540279	16.4019680156233	44.5
11.9099080225095	16.4116351616166	44.5
11.9038572230988	16.4211899568686	44.5
11.8976274056158	16.4306290066061	44.5
11.8912207834851	16.4399489571796	44.5
11.8846396329491	16.4491464972551	44.5
11.8778862922592	16.4582183589903	44.5
11.8709631608451	16.467161319196	44.5
11.8398453351135	16.5056686586586	44.5
11.8134071344344	16.5383228210435	44.5
11.7870065924109	16.5709303898507	44.5
11.7606443733016	16.6034905454847	44.5
11.7343211374125	16.6360024732284	44.5
11.7080375410971	16.6684653632437	44.5
11.6817942367561	16.7008784105705	44.5
11.6555918728379	16.7332408151278	44.5
11.6294310938382	16.7655517817129	44.5
11.6033125403003	16.7978105200018	44.5
11.5772368488147	16.8300162445489	44.5
11.5512046520196	16.8621681747875	44.5
11.5252165786005	16.894265535029	44.5
11.4992732532904	16.9263075544638	44.5
11.4733752968696	16.9582934671608	44.5
11.447523326166	16.9902225120672	44.5
11.421717954055	17.0220939330092	44.5
11.3959597894592	17.0539069786912	44.5
11.3702494373489	17.0856609026964	44.5
11.3445874987416	17.1173549634864	44.5
11.3189745707025	17.1489884244017	44.5
11.293411246344	17.1805605536609	44.5
11.2678981148262	17.2120706243616	44.5
11.2424357613564	17.2435179144799	44.5
11.2170247671894	17.2749017068701	44.5
11.1916657096276	17.3062212892657	44.5
11.1663591620207	17.3374759542782	44.5
11.1411056937658	17.368664999398	44.5
11.1159058703076	17.399787726994	44.5
11.0907602531382	17.4308434443138	44.5
11.0656693997969	17.4618314634832	44.5
11.0406338638709	17.492751101507	44.5
11.0156541949944	17.5236016802683	44.5
10.9907309388494	17.554382526529	44.5
10.965864637165	17.5850929719294	44.5
10.941055827718	17.6157323529884	44.5
10.9163050443326	17.6463000111036	44.5
10.8916128168804	17.676795292551	44.5
10.8669796712804	17.7072175484852	44.5
10.8424061294991	17.7375661349396	44.5
10.8178927095504	17.767840412826	44.5
10.7934399254958	17.7980397479346	44.5
10.769048287444	17.8281635109346	44.5
10.7447183015513	17.8582110773735	44.5
10.7204504700215	17.8881818276773	44.5
10.6962452911056	17.9180751471508	44.5
10.6721032591023	17.9478904259773	44.5
10.6480248643577	17.9776270592185	44.5
10.6240105932651	18.007284446815	44.5
10.6000609282655	18.0368619935858	44.5
10.5761763478473	18.0663591092283	44.5
10.5523573265463	18.0957752083189	44.5
10.5286043349457	18.1251097103121	44.5
10.5049178396763	18.1543620395414	44.5
10.4812983034162	18.1835316252186	44.5
10.457746184891	18.2126179014342	44.5
10.4342619388736	18.2416203071572	44.5
10.4108460161846	18.2705382862353	44.5
10.3874988636919	18.2993712873945	44.5
10.3642209243109	18.3281187642398	44.5
10.3410126370042	18.3567801752545	44.5
10.3178744367823	18.3853549838004	44.5
10.2948067547027	18.4138426581182	44.5
10.2718100178706	18.4422426713268	44.5
10.2488846494386	18.4705545014239	44.5
10.2260310686067	18.4987776312857	44.5
10.2032496906223	18.5269115486671	44.5
10.1805409267804	18.5549557462015	44.5
10.1579051844233	18.5829097214008	44.5
10.1353428669407	18.6107729766555	44.5
10.11285437377	18.6385450192347	44.5
10.0904401003958	18.6662253612862	44.5
10.0681004383501	18.6938135198362	44.5
10.0458357752127	18.7213090167896	44.5
10.0236464946104	18.7487113789297	44.5
10.0015329762177	18.7760201379186	44.5
9.97949559575657	18.8032348302969	44.5
9.95753472499628	18.8303549974836	44.5
9.93565073175361	18.8573801857766	44.5
9.9138439798928	18.8843099463521	44.5
9.8921148293255	18.911143835265	44.5
9.87046363601083	18.9378814134488	44.5
9.84889075195532	18.9645222467155	44.5
9.82739652521298	18.9910659057557	44.5
9.80598129988524	19.0175119661385	44.5
9.78464541612099	19.0438600083119	44.5
9.76338921011654	19.070109617602	44.5
9.74221301411568	19.0962603842139	44.5
9.72111715640959	19.1223119032309	44.5
9.70010196133695	19.1482637746152	44.5
9.67916774928383	19.1741156032075	44.5
9.65831483668379	19.1998669987269	44.5
9.63754353601782	19.2255175757712	44.5
9.61685415581432	19.2510669538169	44.5
9.59624700064917	19.2765147572188	44.5
9.57572237114569	19.3018606152105	44.5
9.55528056397463	19.3271041619042	44.5
9.53492187185419	19.3522450362904	44.5
9.51464658355003	19.3772828822385	44.5
9.49445498387519	19.4022173484962	44.5
9.47434735369024	19.4270480886901	44.5
9.45432396990314	19.451774761325	44.5
9.4343851054693	19.4763970297846	44.5
9.41453102939158	19.500914562331	44.5
9.39476200672028	19.5253270321048	44.5
9.37507829855316	19.5496341171255	44.5
9.35548016203538	19.5738355002909	44.5
9.3359678503596	19.5979308693774	44.5
9.31654161276587	19.62191991704	44.5
9.29720169454173	19.6458023408124	44.5
9.27794833702213	19.6695778431067	44.5
9.25878177758947	19.6932461312137	44.5
9.2397022496736	19.7168069173027	44.5
9.22070998275181	19.7402599184216	44.5
9.20180520234884	19.7636048564969	44.5
9.18298813003685	19.7868414583337	44.5
9.16425898343549	19.8099694556156	44.5
9.1456179762118	19.8329885849048	44.5
9.12706531808029	19.8558985876421	44.5
9.10860121480291	19.8786992101469	44.5
9.09022586818906	19.9013902036171	44.5
9.07193947609557	19.9239713241292	44.5
9.05374223242671	19.9464423326384	44.5
9.03563432713423	19.9688029949783	44.5
9.01761594621726	19.9910530818611	44.5
8.99968727172244	20.0131923688778	44.5
8.98184848174381	20.0352206364976	44.5
8.96409975042287	20.0571376700686	44.5
8.94644124794854	20.0789432598173	44.5
8.92887314055724	20.1006372008489	44.5
8.91139559053275	20.1222192931471	44.5
8.89400875620636	20.1436893415741	44.5
8.87671279195679	20.1650471558708	44.5
8.85950784821019	20.1862925506567	44.5
8.84239407144015	20.2074253454297	44.5
8.82537160416771	20.2284453645665	44.5
8.80844058496137	20.2493524373223	44.5
8.79160114843704	20.2701463978307	44.5
8.7748534252581	20.2908270851042	44.5
8.75819754213536	20.3113943430335	44.5
8.74163362182708	20.3318480203882	44.5
8.72516178313897	20.3521879708164	44.5
8.70878214092416	20.3724140528446	44.5
8.69249480608324	20.3925261298781	44.5
8.67629988556423	20.4125240702006	44.5
8.66019748236263	20.4324077469745	44.5
8.64418769552133	20.4521770382408	44.5
8.62827062013071	20.4718318269189	44.5
8.61244634732856	20.491372000807	44.5
8.59671496430013	20.5107974525817	44.5
8.58107655427811	20.5301080797982	44.5
8.56553119654264	20.5493037848904	44.5
8.55007896642127	20.5683844751707	44.5
8.53471993528905	20.5873500628299	44.5
8.51945417056843	20.6062004649378	44.5
8.50428173572931	20.6249356034424	44.5
8.48920269028905	20.6435554051704	44.5
8.47421708981243	20.662059801827	44.5
8.4593249859117	20.6804487299962	44.5
8.44452642624653	20.6987221311404	44.5
8.42982145452402	20.7168799516005	44.5
8.41521011049878	20.7349221425962	44.5
8.40069242997278	20.7528486602257	44.5
8.38626844479549	20.7706594654655	44.5
8.3719381828638	20.7883545241712	44.5
8.35770166812205	20.8059338070765	44.5
8.34355892056201	20.823397289794	44.5
8.32950995622292	20.8407449528146	44.5
8.31555478719144	20.857976781508	44.5
8.30169342160168	20.8750927661224	44.5
8.28792586363519	20.8920929017846	44.5
8.27425211352097	20.9089771884999	44.5
8.26067216753547	20.9257456311522	44.5
8.24718601800255	20.9423982395041	44.5
8.23379365329356	20.9589350281966	44.5
8.22049505782726	20.9753560167494	44.5
8.20729021206987	20.9916612295607	44.5
8.19417909253504	21.0078506959073	44.5
8.18116167178386	21.0239244499446	44.5
8.16823791842489	21.0398825307066	44.5
8.15540779711412	21.0557249821058	44.5
8.14267126855495	21.0714518529333	44.5
8.13002828949828	21.0870631968589	44.5
8.11747881274241	21.1025590724307	44.5
8.1050227871331	21.1179395430757	44.5
8.09266015756356	21.1332046770993	44.5
8.08039086497445	21.1483545476853	44.5
8.06821484635382	21.1633892328966	44.5
8.05613203473722	21.1783088156741	44.5
8.04414235920764	21.1931133838376	44.5
8.03224574489548	21.2078030300854	44.5
8.02044211297861	21.2223778519945	44.5
8.00873138068232	21.2368379520202	44.5
7.99711346127938	21.2511834374966	44.5
7.98558826408996	21.2654144206362	44.5
7.97415569448171	21.2795310185304	44.5
7.9628156538697	21.2935333531489	44.5
7.95156803971645	21.3074215513399	44.5
7.94041274553192	21.3211957448305	44.5
7.92934966087353	21.334856070226	44.5
7.91837867134613	21.3484026690107	44.5
7.90749965860199	21.3618356875471	44.5
7.89671250034088	21.3751552770764	44.5
7.88601707030995	21.3883615937185	44.5
7.87541323830384	21.4014547984718	44.5
7.86490087016461	21.4144350572131	44.5
7.85447982778177	21.427302540698	44.5
7.84414996909228	21.4400574245607	44.5
7.83391114808053	21.4526998893138	44.5
7.82376321477836	21.4652301203485	44.5
7.81370601526505	21.4776483079348	44.5
7.80373939166733	21.4899546472209	44.5
7.79386318215936	21.502149338234	44.5
7.78407722096276	21.5142325858796	44.5
7.77438133834659	21.5262045999418	44.5
7.76477536062735	21.5380655950833	44.5
7.75525911016896	21.5498157908455	44.5
7.74583240538282	21.5614554116482	44.5
7.73649506072776	21.5729846867898	44.5
7.72724688671005	21.5844038504474	44.5
7.7180876898834	21.5957131416767	44.5
7.70901727284897	21.6069128044117	44.5
7.70003543425537	21.6180030874652	44.5
7.69114196879863	21.6289842445286	44.5
7.68233666722224	21.6398565341717	44.5
7.67361931631714	21.6506202198432	44.5
7.6649896989217	21.6612755698699	44.5
7.65644759392173	21.6718228574576	44.5
7.6479927762505	21.6822623606904	44.5
7.63962501688871	21.6925943625313	44.5
7.6313440828645	21.7028191508214	44.5
7.62314973725347	21.7129370182809	44.5
7.61504173917864	21.7229482625081	44.5
7.60701984381051	21.7328531859803	44.5
7.59908380236698	21.742652096053	44.5
7.59123336211341	21.7523453049606	44.5
7.58346826636262	21.7619331298158	44.5
7.57578825447485	21.7714158926101	44.5
7.56819306185779	21.7807939202134	44.5
7.56068241996659	21.7900675443743	44.5
7.55325605630382	21.79923710172	44.5
7.5459136944195	21.8083029337561	44.5
7.53865505391109	21.8172653868669	44.5
7.53147985042352	21.8261248123154	44.5
7.52438779564911	21.8348815662429	44.5
7.51737859732768	21.8435360096694	44.5
7.51045195924647	21.8520885084937	44.5
7.50360758124014	21.8605394334927	44.5
7.49684515919083	21.8688891603223	44.5
7.49016438502811	21.8771380695168	44.5
7.48356494672898	21.8852865464891	44.5
7.47704652831791	21.8933349815307	44.5
7.47060880986677	21.9012837698117	44.5
7.46425146749493	21.9091333113805	44.5
7.45177659570368	21.9245362789696	44.5
7.43961924284777	21.9395471822585	44.5
7.42777667558985	21.954169397265	44.5
7.4162460973517	21.9684063780642	44.5
7.4050246483142	21.9822616567883	44.5
7.39410940541729	21.9957388436267	44.5
7.38349738236003	22.0088416268263	44.5
7.37318552960053	22.0215737726909	44.5
7.36317073435606	22.0339391255817	44.5
7.35344982060292	22.0459416079171	44.5
7.34401954907652	22.0575852201726	44.5
7.33487661727137	22.0688740408811	44.5
7.32601765944107	22.0798122266326	44.5
7.3174392465983	22.0904040120746	44.5
7.30913788651484	22.1006537099113	44.5
7.30111002372157	22.1105657109046	44.5
7.29335203950843	22.1201444838735	44.5
7.2858602519245	22.1293945756941	44.5
7.27863091577791	22.1383206112999	44.5
7.27166022263589	22.1469272936814	44.5
7.26494430082478	22.1552194038865	44.5
7.25847921542999	22.1632018010203	44.5
7.24924314236085	22.1746055060988	44.5
7.24054867998414	22.1853404759034	44.5
7.2323817475704	22.1954240978257	44.5
7.22472794423307	22.2048741544218	44.5
7.21757254892849	22.2137088234124	44.5
7.2109005204559	22.2219466776832	44.5
7.20272978984511	22.2320349461255	44.5
7.19535373459534	22.2411420312384	44.5
7.18873404537185	22.249315236043	44.5
7.18146307384899	22.2582925576214	44.5
7.17410527756393	22.2673770708093	44.5
7.16722743499671	22.2758689883801	44.5
7.16072409975757	22.2838985063767	44.5
7.15441795483022	22.2916845574366	44.5
7.14794549907472	22.299675948618	44.5
7.14122309843887	22.3079588970189	44.5
7.13484147412754	22.3157600776431	44.5
7.12783129987066	22.324250490857	44.5
7.121114887355	22.3323110373382	44.5
7.1143940291665	22.3403092098587	44.5
7.10671813622324	22.3493666971666	44.5
7.09954824320787	22.3577574970846	44.5
7.09163852618413	22.3669408948157	44.5
7.08475525835689	22.3748734403601	44.5
7.07735965591296	22.3833381684915	44.5
7.06943482386955	22.3923447188109	44.5
7.06096409233484	22.4019018584441	44.5
7.05424289610423	22.4094358193351	44.5
7.04719852203304	22.4172869538384	44.5
7.03982418678134	22.4254579943872	44.5
7.03211317822937	22.4339513973582	44.5
7.02405885547758	22.4427693430712	44.5
7.01565464884663	22.4519137357896	44.5
7.00689405987736	22.4613862037204	44.5
6.99777066133078	22.4711880990137	44.5
6.98827809718811	22.4813204977631	44.5
6.97841008265078	22.4917842000057	44.5
6.9681604041404	22.5025797297219	44.5
6.9611122133987	22.5099612319211	44.5
6.95388986044937	22.5174903341628	44.5
6.94649155698784	22.5251669872142	44.5
6.93891552877773	22.5329910873127	44.5
6.93116001565085	22.5409624761659	44.5
6.92322327150718	22.5490809409519	44.5
6.9151035643149	22.5573462143191	44.5
6.9067991761104	22.565757974386	44.5
6.8983084029982	22.5743158447416	44.5
6.88962955515106	22.5830193944451	44.5
6.88076095680989	22.5918681380261	44.5
6.87170094628382	22.6008615354844	44.5
6.86244787595012	22.6099989922902	44.5
6.8530001122543	22.6192798593838	44.5
6.84335603571001	22.6287034331761	44.5
6.83351404089911	22.638268955548	44.5
6.82347253647165	22.6479756138511	44.5
6.81322994514585	22.6578225409069	44.5
6.80278470370812	22.6678088150074	44.5
6.79213526301307	22.6779334599148	44.5
6.78128008798348	22.6881954448618	44.5
6.77021765761034	22.6985936845513	44.5
6.75894646495278	22.7091270391563	44.5
6.74746501713817	22.7197943143205	44.5
6.73577183536203	22.7305942611575	44.5
6.72386545488808	22.7415255762515	44.5
6.71174442504823	22.7525869016569	44.5
6.69940730924257	22.7637768248984	44.5
6.68685268493937	22.775093878971	44.5
6.67407914367509	22.78653654234	44.5
6.66108529105441	22.798103238941	44.5
6.64786974675011	22.8097923381799	44.5
6.63443114450326	22.8216021549329	44.5
6.62076813212305	22.8335309495467	44.5
6.60687937148688	22.8455769278379	44.5
6.59276353854033	22.8577382410938	44.5
6.57841932329716	22.8700129860718	44.5
6.56384542983933	22.8823992049995	44.5
6.54904057631698	22.8948948855751	44.5
6.53400349494842	22.9074979609669	44.5
6.51873293202019	22.9202063098136	44.5
6.51100970703249	22.9265992839466	44.5
6.50322764788696	22.9330177562241	44.5
6.49538660182609	22.9394614461393	44.5
6.48748641697163	22.9459300697776	44.5
6.47952694232461	22.9524233398161	44.5
6.47150802776528	22.9589409655237	44.5
6.4634295240532	22.9654826527616	44.5
6.45529128282715	22.9720481039824	44.5
6.44709315660521	22.9786370182309	44.5
6.43883499878469	22.9852490911437	44.5
6.43051666364219	22.9918840149493	44.5
6.42213800633353	22.9985414784681	44.5
6.41369888289385	23.0052211671124	44.5
6.40519915023749	23.0119227628864	44.5
6.3966386661581	23.0186459443862	44.5
6.38801728932856	23.0253903867997	44.5
6.37933487930103	23.0321557619069	44.5
6.37059129650694	23.0389417380794	44.5
6.36178640225695	23.045747980281	44.5
6.35292005874099	23.0525741500672	44.5
6.34399212902829	23.0594199055854	44.5
6.33500247706729	23.066284901575	44.5
6.32595096768573	23.0731687893672	44.5
6.31683746659058	23.0800712168851	44.5
6.3076618403681	23.0869918286438	44.5
6.29842395648379	23.0939302657502	44.5
6.28912368328243	23.1008861659031	44.5
6.27976088998804	23.1078591633932	44.5
6.27033544670392	23.114848889103	44.5
6.26084722441264	23.1218549705072	44.5
6.25129609497599	23.128877031672	44.5
6.24168193113508	23.1359146932557	44.5
6.23200460651022	23.1429675725086	44.5
6.22226399560103	23.1500352832726	44.5
6.21245997378637	23.1571174359819	44.5
6.20259241732437	23.1642136376621	44.5
6.19266120335241	23.171323491931	44.5
6.18266620988715	23.1784465989984	44.5
6.17260731582448	23.1855825556657	44.5
6.16248440093959	23.1927309553264	44.5
6.15229734588691	23.1998913879658	44.5
6.14204603220013	23.2070634401611	44.5
6.13173034229221	23.2142466950814	44.5
6.12135015945537	23.2214407324877	44.5
6.11090536786109	23.228645128733	44.5
6.10039585256012	23.235859456762	44.5
6.08982149948245	23.2430832861115	44.5
6.07918219543735	23.2503161829099	44.5
6.06847782811334	23.2575577098778	44.5
6.05770828607823	23.2648074263276	44.5
6.04687345877905	23.2720648881635	44.5
6.03597323654211	23.2793296478817	44.5
6.025007510573	23.2866012545702	44.5
6.01397617295655	23.293879253909	44.5
6.00287911665685	23.3011631881699	44.5
5.99171623551726	23.3084525962167	44.5
5.9804874242604	23.3157470135049	44.5
5.96919257848815	23.3230459720822	44.5
5.95783159468167	23.3303490005879	44.5
5.94640437020134	23.3376556242533	44.5
5.93491080328685	23.3449653649016	44.5
5.92335079305711	23.3522777409481	44.5
5.91172423951031	23.3595922673995	44.5
5.90003104352392	23.3669084558549	44.5
5.88827110685463	23.3742258145049	44.5
5.87644433213843	23.3815438481324	44.5
5.86455062289055	23.3888620581118	44.5
5.85258988350549	23.3961799424096	44.5
5.84056201925702	23.4034969955841	44.5
5.82846693629815	23.4108127087857	44.5
5.81630454166115	23.4181265697565	44.5
5.80407474325759	23.4254380628304	44.5
5.79177744987827	23.4327466689335	44.5
5.77941257119325	23.4400518655836	44.5
5.76698001775186	23.4473531268903	44.5
5.75447970098269	23.4546499235554	44.5
5.7419115331936	23.4619417228722	44.5
5.7292754275717	23.4692279887263	44.5
5.71657129818337	23.4765081815949	44.5
5.70379905997425	23.4837817585471	44.5
5.69095862876923	23.4910481732442	44.5
5.67804992127247	23.498306875939	44.5
5.66507285506741	23.5055573134764	44.5
5.65202734861672	23.5127989292933	44.5
5.63891332126234	23.5200311634182	44.5
5.6257306932255	23.5272534524718	44.5
5.61247938560665	23.5344652296664	44.5
5.59915932038552	23.5416659248064	44.5
5.58577042042112	23.548854964288	44.5
5.57231260945169	23.5560317710995	44.5
5.55878581209474	23.5631957648207	44.5
5.54518995384706	23.5703463616237	44.5
5.53152496108469	23.5774829742722	44.5
5.51779076106293	23.5846050121219	44.5
5.50398728191634	23.5917118811205	44.5
5.49011445265874	23.5988029838074	44.5
5.47617220318322	23.605877719314	44.5
5.46216046426212	23.6129354833637	44.5
5.44807916754706	23.6199756682715	44.5
5.4339282455689	23.6269976629446	44.5
5.41970763173778	23.6340008528819	44.5
5.40541726034309	23.6409846201742	44.5
5.39105706655349	23.6479483435044	44.5
5.37662698641689	23.6548913981471	44.5
5.36212695686049	23.6618131559688	44.5
5.3475569156907	23.668712985428	44.5
5.33291680159324	23.6755902515749	44.5
5.31820655413306	23.6824443160518	44.5
5.3034261137544	23.6892745370929	44.5
5.28857542178074	23.6960802695241	44.5
5.27365442041484	23.7028608647633	44.5
5.25866305273869	23.7096156708203	44.5
5.24360126271358	23.7163440322969	44.5
5.22846899518003	23.7230452903866	44.5
5.21326619585785	23.7297187828749	44.5
5.19799281134608	23.7363638441391	44.5
5.18264878912306	23.7429798051486	44.5
5.16723407754634	23.7495659934645	44.5
5.15174862585279	23.7561217332398	44.5
5.1361923841585	23.7626463452195	44.5
5.12056530345883	23.7691391467405	44.5
5.10486733562843	23.7755994517314	44.5
5.08909843342116	23.782026570713	44.5
5.07325855047018	23.7884198107977	44.5
5.05734764128791	23.79477847569	44.5
5.04136566126601	23.8011018656862	44.5
5.02531256667544	23.8073892776744	44.5
5.00918831466637	23.8136400051349	44.5
4.99299286326826	23.8198533381395	44.5
4.97672617138984	23.8260285633522	44.5
4.96038819881909	23.8321649640287	44.5
4.94397890622325	23.8382618200168	44.5
4.92749825514883	23.844318407756	44.5
4.91094620802158	23.8503340002778	44.5
4.89432272814656	23.8563078672055	44.5
4.87762777970803	23.8622392747544	44.5
4.86086132776956	23.8681274857316	44.5
4.84402333827394	23.8739717595362	44.5
4.82711377804326	23.8797713521591	44.5
4.81013261477887	23.8855255161832	44.5
4.79307981706135	23.8912335007831	44.5
4.77595535435055	23.8968945517256	44.5
4.75875919698561	23.902507911369	44.5
4.74149131618491	23.9080728186638	44.5
4.7241516840461	23.9135885091523	44.5
4.70674027354607	23.9190542149688	44.5
4.68925705854099	23.9244691648392	44.5
4.6717020137663	23.9298325840816	44.5
4.65407511483669	23.9351436946058	44.5
4.63637633824609	23.9404017149136	44.5
4.61860566136775	23.9456058600987	44.5
4.60076306245413	23.9507553418467	44.5
4.58284852063695	23.9558493684349	44.5
4.56486201592724	23.9608871447328	44.5
4.54680352921525	23.9658678722015	44.5
4.52867304227048	23.9707907488942	44.5
4.51047053774175	23.975654969456	44.5
4.49219599915708	23.9804597251237	44.5
4.47384941092379	23.9852042037262	44.5
4.45543075832844	23.9898875896842	44.5
4.43694002753687	23.9945090640102	44.5
4.41837720559417	23.9990678043089	44.5
4.39974228042469	24.0035629847765	44.5
4.38103524083205	24.0079937762014	44.5
4.36225607649913	24.0123593459637	44.5
4.34340477798806	24.0166588580355	44.5
4.32448133674023	24.0208914729808	44.5
4.30548574507634	24.0250563479554	44.5
4.28641799619628	24.0291526367071	44.5
4.26727808417925	24.0331794895756	44.5
4.24806600398369	24.0371360534923	44.5
4.22878175144731	24.0410214719808	44.5
4.20942532328709	24.0448348851564	44.5
4.18999671709925	24.0485754297262	44.5
4.17049593135929	24.0522422389894	44.5
4.15092296542196	24.055834442837	44.5
4.13127781952129	24.059351167752	44.5
4.11156049477054	24.0627915368091	44.5
4.09177099316226	24.066154669675	44.5
4.07190931756826	24.0694396826083	44.5
4.05197547173959	24.0726456884595	44.5
4.03196946030658	24.0757717966709	44.5
4.01189128877881	24.0788171132769	44.5
3.99174096354515	24.0817807409037	44.5
3.97151849187369	24.0846617787691	44.5
3.9512238819118	24.0874593226833	44.5
3.93085714268613	24.0901724650481	44.5
3.91041828410256	24.0928002948571	44.5
3.88990731694626	24.0953418976961	44.5
3.86932425288164	24.0977963557426	44.5
3.84866910445238	24.1001627477659	44.5
3.82794188508142	24.1024401491275	44.5
3.80714260907096	24.1046276317805	44.5
3.78627129160248	24.10672426427	44.5
3.76532794873669	24.1087291117331	44.5
3.74431259741359	24.1106412358985	44.5
3.72322525545243	24.1124596950872	44.5
3.70206594155171	24.1141835442117	44.5
3.68083467528921	24.1158118347767	44.5
3.65953147712197	24.1173436148786	44.5
3.63815636838627	24.1187779292059	44.5
3.61670937129769	24.1201138190386	44.5
3.59519050895103	24.1213503222491	44.5
3.57359980532038	24.1224864733013	44.5
3.55193728525909	24.1235213032512	44.5
3.53020297449975	24.1244538397466	44.5
3.50839689965424	24.1252831070273	44.5
3.48651908821368	24.1260081259248	44.5
3.46456956854846	24.1266279138627	44.5
3.44254836990823	24.1271414848564	44.5
3.4204555224219	24.1275478495132	44.5
3.39829105709766	24.1278460150323	44.5
3.37605500582293	24.1280349852047	44.5
3.35374740136442	24.1281137604135	44.5
3.33136827736807	24.1280813376336	44.5
3.30891766835912	24.1279367104316	44.5
3.28639560974204	24.1276788689664	44.5
3.26380213780059	24.1273067999883	44.5
3.24113728969776	24.12681948684	44.5
3.21840110347583	24.1262159094557	44.5
3.19559361805632	24.1254950443617	44.5
3.17271487324002	24.1246558646762	44.5
3.14976490970699	24.123697340109	44.5
3.12674376901654	24.1226184369623	44.5
3.10365149360725	24.1214181181297	44.5
3.08048812679694	24.1200953430971	44.5
3.05725371278274	24.118649067942	44.5
3.03394829664098	24.1170782453339	44.5
3.01057192432731	24.1153818245342	44.5
2.98712464267659	24.1135587513962	44.5
2.96360649940297	24.1116079683651	44.5
2.94001754309987	24.1095284144779	44.5
2.91635782323995	24.1073190253637	44.5
2.89262739017514	24.1049787332432	44.5
2.86882629513664	24.1025064669294	44.5
2.8449545902349	24.0999011518267	44.5
2.82101232845962	24.0971617099317	44.5
2.7969995636798	24.094287059833	44.5
2.77291635064367	24.0912761167107	44.5
2.74876274497873	24.0881277923373	44.5
2.72453880319173	24.0848409950767	44.5
2.70024458266872	24.081414629885	44.5
2.67588014167496	24.0778475983101	44.5
2.65144553935502	24.0741387984918	44.5
2.62694083573269	24.0702871251617	44.5
2.60236609171104	24.0662914696436	44.5
2.57772136907241	24.0621507198529	44.5
2.5530067304784	24.0578637602969	44.5
2.52822223946986	24.053429472075	44.5
2.50336796046689	24.0488467328783	44.5
2.47844395876889	24.0441144169898	44.5
2.45345030055449	24.0392313952846	44.5
2.4283870528816	24.0341965352294	44.5
2.40325428368737	24.0290087008831	44.5
2.37805206178824	24.0236667528962	44.5
2.35278045687988	24.0181695485112	44.5
2.32743953953725	24.0125159415627	44.5
2.30202938121456	24.006704782477	44.5
2.27655005424528	24.0007349182721	44.5
2.25100163184214	23.9946051925584	44.5
2.22538418809713	23.9883144455376	44.5
2.19969779798152	23.9818615140039	44.5
2.17394253734583	23.9752452313428	44.5
2.14811848291982	23.9684644275322	44.5
2.12222571231255	23.9615179291416	44.5
2.09626430401231	23.9544045593325	44.5
2.07023433738667	23.9471231378582	44.5
2.04413589268246	23.939672481064	44.5
2.01796905102577	23.9320514018871	44.5
1.99173389442193	23.9242587098564	44.5
1.96543050575558	23.916293211093	44.5
1.93905896879057	23.9081537083097	44.5
1.91261936817005	23.8998390008112	44.5
1.8861117894164	23.8913478844941	44.5
1.8595363189313	23.882679151847	44.5
1.83289304399565	23.8738315919502	44.5
1.80618205276963	23.8648039904761	44.5
1.7794034342927	23.8555951296889	44.5
1.75255727848355	23.8462037884446	44.5
1.72564367614016	23.8366287421913	44.5
1.69866271893974	23.8268687629688	44.5
1.6716144994388	23.8169226194089	44.5
1.64449911107306	23.8067890767353	44.5
1.61731664815757	23.7964668967635	44.5
1.59006720588657	23.785954837901	44.5
1.56275088033362	23.7752516551472	44.5
1.53536776845151	23.7643561000933	44.5
1.5079179680723	23.7532669209223	44.5
1.4804015779073	23.7419828624095	44.5
1.45281869754711	23.7305026659216	44.5
1.42516942746157	23.7188250694176	44.5
1.39745386899977	23.7069488074481	44.5
1.3696721243901	23.6948726111557	44.5
1.34182429674017	23.682595208275	44.5
1.31391049003688	23.6701153231323	44.5
1.28593080914638	23.6574316766459	44.5
1.25788535981409	23.644542986326	44.5
1.22977424866468	23.6314479662748	44.5
1.20159758320208	23.6181453271861	44.5
1.1733554718095	23.6046337763458	44.5
1.1450480237494	23.5909120176318	44.5
1.1166753491635	23.5769787515136	44.5
1.08823755907278	23.5628326750528	44.5
1.05973476537748	23.5484724819028	44.5
1.03116708085713	23.533896862309	44.5
1.00253461917048	23.5191045031087	44.5
0.973837494855562	23.5040940877308	44.5
0.94507582332967	23.4888642961966	44.5
0.916249720889361	23.4734138051187	44.5
0.887359304710444	23.4577412877022	44.5
0.858404692848001	23.4418454137437	44.5
0.829386004236373	23.4257248496317	44.5
0.800303358689149	23.4093782583468	44.5
0.771156876899202	23.3928042994613	44.5
0.741946680438652	23.3760016291396	44.5
0.712672891758881	23.3589689001377	44.5
0.683335634190541	23.3417047618038	44.5
0.653935031943536	23.3242078600778	44.5
0.624471210107039	23.3064768374916	44.5
0.59494429464948	23.2885103331689	44.5
0.565354412418554	23.2703069828254	44.5
0.535701691141213	23.2518654187685	44.5
0.505986259423675	23.2331842698978	44.5
0.476208246751419	23.2142621617045	44.5
0.446367783489187	23.1950977162719	44.5
0.416465000880976	23.175689552275	44.5
0.386500031050051	23.1560362849809	44.5
0.356473006998936	23.1361365262485	44.5
