0.323328250038603	13.2853572549517	39
0.315292422578754	13.2793166509959	39
0.30733313606429	13.2731755454524	39
0.299451647358818	13.266934908073	39
0.291649201040766	13.2605957243267	39
0.283927029206861	13.2541589952441	39
0.276286351277548	13.2476257372593	39
0.268728373804453	13.2409969820495	39
0.26125429027983	13.234273776372	39
0.253865280948112	13.2274571818988	39
0.246562512619523	13.2205482750494	39
0.239347138485844	13.2135481468201	39
0.232220297938294	13.2064579026124	39
0.225183116387608	13.199278662058	39
0.218236705086333	13.1920115588422	39
0.211382160953342	13.1846577405249	39
0.20462056640061	13.1772183683592	39
0.1979529891623	13.1696946171082	39
0.191380482126149	13.1620876748595	39
0.184904083167215	13.1543987428374	39
0.178524814983966	13.1466290352135	39
0.172243684936799	13.1387797789146	39
0.166061684888962	13.1308522134293	39
0.159979791049931	13.122847590612	39
0.153998963821241	13.1147671744856	39
0.148120147644843	13.1066122410414	39
0.142344270853965	13.0983840780379	39
0.136672245526505	13.0900839847975	39
0.131104967341017	13.081713272001	39
0.125643315435262	13.0732732614811	39
0.120288152267388	13.0647652860133	39
0.115040323479747	13.0561906891055	39
0.10990065776533	13.047550824786	39
0.104869966736935	13.0388470573896	39
0.099949044798997	13.0300807613418	39
0.0951386690221341	13.0212533209427	39
0.0904395990204421	13.0123661301472	39
0.0858525768315523	13.003420592346	39
0.0813783267994381	12.994418120143	39
0.0770175554600492	12.985360135133	39
0.0727709514297352	12.9762480676769	39
0.0686391852964938	12.9670833566757	39
0.0646229095140995	12.9578674493435	39
0.0607227582990504	12.948601800979	39
0.0569393475304452	12.9392878747354	39
0.0532732746526925	12.9299271413896	39
0.0497251185812075	12.92052107911	39
0.0462954396109581	12.9110711732228	39
0.0429847793280125	12.9015789159778	39
0.0397936605240119	12.8920458063123	39
0.0367225871136085	12.8824733496149	39
0.0337720440548885	12.8728630574875	39
0.030942497272811	12.8632164475066	39
0.0282343935856098	12.8535350429838	39
0.0256481606342547	12.843820372725	39
0.0231842068149035	12.8340739707894	39
0.0208429212144345	12.8242973762467	39
0.0186246735489775	12.8144921329345	39
0.0165298141055601	12.8046597892146	39
0.0145586736867678	12.7948018977278	39
0.0127115635585255	12.7849200151496	39
0.0109887754009357	12.7750157019437	39
0.00939058126221681	12.7650905221161	39
0.00791723351575158	12.7551460429677	39
0.00656896482022873	12.745183834847	39
0.00534598808290809	12.7352054709022	39
0.00424849642598701	12.7252125268326	39
0.00327666315612518	12.7152065806399	39
0.00243064173706387	12.705189212379	39
0.00171056576538575	12.6951620039086	39
0.00111654894944024	12.6851265386409	39
0.00064868509136673	12.6750844012925	39
0.000307048072290428	12.665037177633	39
9.16918406588252e-05	12.6549864542357	39
2.65040371516534e-06	12.6449338182263	39
3.99378221374036e-05	12.6348808570325	39
0.000203548207810655	12.6248291581335	39
0.000493455724754455	12.614780308809	39
0.000909614593211927	12.6047358958888	39
0.00145195909687601	12.5946975055021	39
0.00212040359326338	12.5846667228272	39
0.00291484252723606	12.574645131841	39
0.0038351504476779	12.5646343150688	39
0.00488118202729737	12.5546358533346	39
0.00605277208558519	12.5446513255115	39
0.00734973561489127	12.5346823082721	39
0.00877186780963513	12.5247303758398	39
0.0103189440986604	12.5147970997402	39
0.0119907201806875	12.5048840485527	39
0.0137869320628887	12.4949927876629	39
0.0157072961025904	12.4851248790157	39
0.0177515090520437	12.4752818808681	39
0.0199192481063299	12.4654653475438	39
0.0222101709543274	12.455676829187	39
0.0246239158327519	12.4459178715185	39
0.0271601015833163	12.4361900155906	39
0.0298183277128814	12.4264947975446	39
0.0325981744567301	12.4168337483678	39
0.0354992028448358	12.4072083936519	39
0.0385209547711902	12.397620253352	39
0.0416629530661297	12.3880708415465	39
0.0449247015716985	12.3785616661984	39
0.0483056852200043	12.3690942289166	39
0.0518053701145291	12.3596700247191	39
0.0554232036144597	12.3502905417973	39
0.0591586144219463	12.34095726128	39
0.0630110126723231	12.3316716570004	39
0.0669797900272471	12.3224351952632	39
0.0710643197707626	12.3132493346128	39
0.0752639569082802	12.3041155256029	39
0.0795780382684086	12.295035210568	39
0.0840058826076877	12.286009823395	39
0.0885467907181727	12.2770407892972	39
0.0932000455378308	12.2681295245891	39
0.0979649122637838	12.2592774364626	39
0.102840638468336	12.250485922765	39
0.107826454217804	12.2417563717784	39
0.112921572194082	12.233090162	39
0.118125187818976	12.2244886619248	39
0.123436479381255	12.2159532298294	39
0.128854608166414	12.2074852135574	39
0.134378718589108	12.1990859503068	39
0.140007938328264	12.1907567664186	39
0.14574137846483	12.1824989771675	39
0.151578133622142	12.1743138865541	39
0.157517282108898	12.1662027870992	39
0.163557886064705	12.1581669596393	39
0.169698991608175	12.1502076731249	39
0.17593962898755	12.1423261844194	39
0.182278812733845	12.1345237381013	39
0.18871554181646	12.1268015662674	39
0.195248799801259	12.1191608883381	39
0.201877555011066	12.111602910865	39
0.208600760688594	12.1041288273404	39
0.215417355161723	12.0967398180087	39
0.222326262011173	12.0894370496801	39
0.229326390240455	12.0822216755464	39
0.236416634448176	12.0750948349989	39
0.243595875002587	12.0680576534482	39
0.250862978218372	12.0611112421469	39
0.258216796535699	12.0542566980139	39
0.265656168701398	12.0474951034612	39
0.273179919952373	12.0408275262229	39
0.280786862201079	12.0342550191867	39
0.288475794223153	12.0277786202278	39
0.296245501847096	12.0213993520445	39
0.304094758146004	12.0151182219974	39
0.312022323631314	12.0089362219495	39
0.320026946448543	12.0028543281105	39
0.328107362574954	11.9968735008818	39
0.336262296019164	11.9909946847054	39
0.344490459022651	11.9852188079145	39
0.352790552263091	11.9795467825871	39
0.361161265059547	11.9739795044016	39
0.369601275579431	11.9685178524958	39
0.378109251047238	11.963162689328	39
0.38668384795502	11.9579148605403	39
0.395323712274525	11.9527751948259	39
0.404027479671015	11.9477445037975	39
0.412793775718722	11.9428235818596	39
0.421621216117885	11.9380132060827	39
0.430508406913326	11.933314136081	39
0.439453944714597	11.9287271138921	39
0.44845641691758	11.92425286386	39
0.457514401927558	11.9198920925206	39
0.466626469383687	11.9156454884903	39
0.475791180384888	11.9115137223571	39
0.485007087717058	11.9074974465747	39
0.494272736081587	11.9035972953596	39
0.503586662325194	11.899813884591	39
0.512947395670952	11.8961478117133	39
0.522353457950555	11.8925996556418	39
0.531803363837728	11.8891699766715	39
0.541295621082782	11.8858593163886	39
0.550828730748265	11.8826681975846	39
0.560401187445649	11.8795971241742	39
0.570011479573051	11.8766465811155	39
0.579658089553938	11.8738170343334	39
0.589339494076771	11.8711089306462	39
0.599054164335545	11.8685226976948	39
0.608800566271206	11.8660587438755	39
0.61857716081391	11.863717458275	39
0.62838240412604	11.8614992106095	39
0.638214747846014	11.8594043511661	39
0.648072639332774	11.8574332107473	39
0.657954521910984	11.8555861006191	39
0.667858835116824	11.8538633124615	39
0.677784014944432	11.8522651183228	39
0.687728494092852	11.8507917705763	39
0.697690702213546	11.8494435018808	39
0.70766906615837	11.8482205251435	39
0.717662010227979	11.8471230334866	39
0.727667956420667	11.8461512002167	39
0.737685324681536	11.8453051787976	39
0.747712533152011	11.844585102826	39
0.757747998419639	11.84399108601	39
0.767790135768116	11.8435232221519	39
0.777837359427544	11.8431815851329	39
0.787888082824836	11.8429662289012	39
0.797940718834255	11.8428771874643	39
0.807993680028041	11.8429144748827	39
0.818045378927085	11.8430780852684	39
0.828094228251608	11.8433679927853	39
0.838138641171813	11.8437841516538	39
0.84817703155846	11.8443264961574	39
0.858207814233339	11.8449949406538	39
0.86822940521958	11.8457893795878	39
0.878240221991799	11.8467096875082	39
0.888238683725977	11.8477557190879	39
0.898223211549098	11.8489273091462	39
0.908192228788476	11.8502242726755	39
0.918144161220724	11.8516464048702	39
0.928077437320347	11.8531934811592	39
0.937990488507893	11.8548652572413	39
0.94788174939767	11.8566614691235	39
0.957749658044914	11.8585818331632	39
0.967592656192462	11.8606260461126	39
0.977409189516806	11.8627937851669	39
0.987197707873527	11.8650847080149	39
0.996956665542111	11.8674984528933	39
1.00668452147001	11.8700346386439	39
1.01637973951601	11.8726928647734	39
1.02604078869279	11.8754727115173	39
1.03963376410779	11.8794992675658	39
1.05108787832193	11.8828619083579	39
1.06254523736087	11.886194850211	39
1.07400584122461	11.8894980931251	39
1.08546968991316	11.8927716371001	39
1.09693678342651	11.8960154821361	39
1.10840712176467	11.8992296282331	39
1.11988070492763	11.9024140753911	39
1.13135753291539	11.9055688236101	39
1.14283760572796	11.90869387289	39
1.15432092336533	11.9117892232309	39
1.1658074858275	11.9148548746328	39
1.17729729311447	11.9178908270957	39
1.18879034522625	11.9208970806195	39
1.20028664216283	11.9238736352044	39
1.21178618392422	11.9268204908502	39
1.22328897051041	11.929737647557	39
1.2347950019214	11.9326251053248	39
1.2463042781572	11.9354828641535	39
1.2578167992178	11.9383109240432	39
1.26933256510319	11.941109284994	39
1.2808515758134	11.9438779470057	39
1.29237383134841	11.9466169100783	39
1.30389933170822	11.949326174212	39
1.31542807689284	11.9520057394066	39
1.32696006690225	11.9546556056622	39
1.33849530173648	11.9572757729788	39
1.3500337813955	11.9598662413564	39
1.36157550587933	11.962427010795	39
1.37312047518796	11.9649580812945	39
1.38466868932139	11.967459452855	39
1.39622014827963	11.9699311254765	39
1.40777485206267	11.972373099159	39
1.41933280067052	11.9747853739025	39
1.43089399410317	11.9771679497069	39
1.44245843236062	11.9795208265723	39
1.45402611544287	11.9818440044987	39
1.46559704334993	11.9841374834861	39
1.47717121608179	11.9864012635345	39
1.48874863363845	11.9886353446438	39
1.50032929601992	11.9908397268141	39
1.51191320322619	11.9930144100454	39
1.52350035525727	11.9951593943377	39
1.53509075211314	11.997274679691	39
1.54668439379383	11.9993602661052	39
1.55828128029931	12.0014161535804	39
1.56988141162959	12.0034423421166	39
1.58148478778469	12.0054388317138	39
1.59309140876458	12.007405622372	39
1.60470127456928	12.0093427140911	39
1.61631438519878	12.0112501068712	39
1.62793074065308	12.0131278007123	39
1.63955034093219	12.0149757956144	39
1.6511731860361	12.0167940915775	39
1.66279927596481	12.0185826886015	39
1.67442861071833	12.0203415866865	39
1.68606119029665	12.0220707858325	39
1.69769701469977	12.0237702860395	39
1.7093360839277	12.0254400873075	39
1.72097839798043	12.0270801896364	39
1.73262395685796	12.0286905930263	39
1.7442727605603	12.0302712974772	39
1.75592480908744	12.0318223029891	39
1.76758010243938	12.033343609562	39
1.77923864061613	12.0348352171958	39
1.79090042361768	12.0362971258906	39
1.80256545144403	12.0377293356464	39
1.81423372409519	12.0391318464632	39
1.82590524157115	12.040504658341	39
1.83758000387191	12.0418477712797	39
1.84925801099747	12.0431611852794	39
1.86093926294784	12.0444449003401	39
1.87262375972302	12.0456989164618	39
1.88431150132299	12.0469232336445	39
1.89600248774777	12.0481178518881	39
1.90769671899735	12.0492827711927	39
1.91939419507174	12.0504179915583	39
1.93109491597093	12.0515235129849	39
1.94279888169492	12.0525993354725	39
1.95450609224372	12.053645459021	39
1.96621654761732	12.0546618836305	39
1.97793024781572	12.055648609301	39
1.98964719283892	12.0566056360325	39
2.00136738268693	12.057532963825	39
2.01309081735975	12.0584305926784	39
2.02481749685736	12.0592985225929	39
2.03654742117978	12.0601367535683	39
2.048280590327	12.0609452856046	39
2.06001700429903	12.061724118702	39
2.07175666309585	12.0624732528604	39
2.08349956671749	12.0631926880797	39
2.09524571516392	12.06388242436	39
2.10699510843516	12.0645424617013	39
2.1187477465312	12.0651728001035	39
2.13050362945205	12.0657734395668	39
2.1422627571977	12.066344380091	39
2.15402512976815	12.0668856216762	39
2.1657907471634	12.0673971643224	39
2.17755960938346	12.0678790080295	39
2.18933171642832	12.0683311527977	39
2.20110706829799	12.0687535986268	39
2.21288566499246	12.0691463455169	39
2.22466750651173	12.069509393468	39
2.2364525928558	12.0698427424801	39
2.24824092402468	12.0701463925531	39
2.26003250001836	12.0704203436871	39
2.27182732083685	12.0706645958821	39
2.28362538648013	12.0708791491381	39
2.29542669694823	12.0710640034551	39
2.30723125224112	12.071219158833	39
2.31903905235882	12.071344615272	39
2.33085009730132	12.0714403727719	39
2.34266438706862	12.0715064313328	39
2.35448192166073	12.0715427909546	39
2.36630270107764	12.0715494516375	39
2.37812672531935	12.0715264133813	39
2.38995399438587	12.0714736761861	39
2.40178450827719	12.0713912400519	39
2.41361826699332	12.0712791049786	39
2.42545527053424	12.0711372709664	39
2.43729551889997	12.0709657380151	39
2.44913901209051	12.0707645061248	39
2.46098575010584	12.0705335752955	39
2.47283573294598	12.0702729455272	39
2.48468896061093	12.0699826168198	39
2.49654543310068	12.0696625891735	39
2.50840515041523	12.0693128625881	39
2.52026811255458	12.0689334370636	39
2.53213431951874	12.0685243126002	39
2.5440037713077	12.0680854891978	39
2.55587646792146	12.0676169668563	39
2.56775240936003	12.0671187455758	39
2.5796315956234	12.0665908253563	39
2.59151402671157	12.0660332061977	39
2.60339970262455	12.0654458881002	39
2.61528862336233	12.0648288710636	39
2.62718078892491	12.064182155088	39
2.6390761993123	12.0635057401734	39
2.65097485452448	12.0627996263198	39
2.66287675456148	12.0620638135271	39
2.67478189942328	12.0612983017955	39
2.68669028910988	12.0605030911248	39
2.69860192362128	12.0596781815151	39
2.71051680295749	12.0588235729663	39
2.72243492711849	12.0579392654786	39
2.73435629610431	12.0570252590518	39
2.74628090991492	12.056081553686	39
2.75820876855034	12.0551081493812	39
2.77013987201056	12.0541050461374	39
2.78207422029559	12.0530722439545	39
2.79401181340542	12.0520097428326	39
2.80595265134005	12.0509175427718	39
2.81789673409949	12.0497956437718	39
2.82984406168373	12.0486440458329	39
2.84179463409277	12.047462748955	39
2.85374845132661	12.046251753138	39
2.86570551338527	12.045011058382	39
2.87766582026872	12.043740664687	39
2.88962937197697	12.042440572053	39
2.90159616851003	12.0411107804799	39
2.91356620986789	12.0397512899678	39
2.92553949605056	12.0383621005167	39
2.93751602705803	12.0369432121266	39
2.9494958028903	12.0354946247975	39
2.96147882354737	12.0340163385294	39
2.97346508902925	12.0325083533222	39
2.98545459933593	12.030970669176	39
2.99744735446742	12.0294032860908	39
3.00944335442371	12.0278062040666	39
3.0214425992048	12.0261794231033	39
3.03344508881069	12.024522943201	39
3.04545082324139	12.0228367643598	39
3.05745980249689	12.0211208865794	39
3.0694720265772	12.0193753098601	39
3.08148749548231	12.0176000342018	39
3.09350620921222	12.0157950596044	39
3.10552816776693	12.013960386068	39
3.11755337114645	12.0120960135926	39
3.12958181935077	12.0102019421782	39
3.1416135123799	12.0082781718247	39
3.15364845023382	12.0063247025323	39
3.16568663291255	12.0043415343008	39
3.17772806041609	12.0023286671303	39
3.18977273274443	12.0002861010207	39
3.20182064989757	11.9982138359722	39
3.21387181187551	11.9961118719846	39
3.22592621867826	11.993980209058	39
3.23798387030581	11.9918188471924	39
3.25004476675817	11.9896277863878	39
3.26210890803532	11.9874070266441	39
3.27417629413728	11.9851565679615	39
3.28624692506405	11.9828764103398	39
3.29832080081561	11.9805665537791	39
3.31039792139198	11.9782269982794	39
3.32247828679316	11.9758577438406	39
3.33456189701914	11.9734587904628	39
3.34664875206992	11.9710301381461	39
3.3587388519455	11.9685717868902	39
3.37083219664589	11.9660837366954	39
3.38292878617108	11.9635659875616	39
3.39502862052107	11.9610185394887	39
3.40713169969587	11.9584413924768	39
3.41923802369547	11.9558345465259	39
3.43134759251987	11.953198001636	39
3.44346040616908	11.950531757807	39
3.45557646464309	11.9478358150391	39
3.4676957679419	11.9451101733321	39
3.47981831606552	11.9423548326861	39
3.49194410901394	11.9395697931011	39
3.50407314678716	11.936755054577	39
3.51620542938519	11.9339106171139	39
3.52834095680802	11.9310364807119	39
3.54047972905565	11.9281326453708	39
3.55262174612809	11.9251991110906	39
3.56476700802533	11.9222358778715	39
3.57691551474737	11.9192429457133	39
3.58906726629422	11.9162203146161	39
3.60122226266586	11.9131679845799	39
3.61338050386232	11.9100859556047	39
3.62554198988358	11.9069742276905	39
3.63770672072964	11.9038328008372	39
3.6498746964005	11.9006616750449	39
3.66204591689616	11.8974608503136	39
3.67422038221663	11.8942303266433	39
3.68639809236191	11.8909701040339	39
3.69857904733198	11.8876801824856	39
3.71076324712686	11.8843605619982	39
3.72295069174654	11.8810112425718	39
3.73514138119103	11.8776322242064	39
3.74733531546032	11.8742235069019	39
3.75953249455441	11.8707850906585	39
3.7717329184733	11.867316975476	39
3.78393658721701	11.8638191613545	39
3.7961435007855	11.8602916482939	39
3.80835365917881	11.8567344362944	39
3.82056706239692	11.8531475253558	39
3.83278371043983	11.8495309154783	39
3.84500360330755	11.8458846066616	39
3.85722674100007	11.842208598906	39
3.86945312351739	11.8385028922114	39
3.88168275085951	11.8347674865777	39
3.89391562302644	11.831002382005	39
3.90615174001817	11.8272075784933	39
3.91839110183471	11.8233830760426	39
3.93063370847604	11.8195288746529	39
3.94287955994218	11.8156449743241	39
3.95512865623313	11.8117313750563	39
3.96738099734888	11.8077880768495	39
3.97963658328943	11.8038150797037	39
3.99189541405479	11.7998123836189	39
4.00415748964495	11.795779988595	39
4.01642281005991	11.7917178946321	39
4.02869137529967	11.7876261017302	39
4.04096318536424	11.7835046098893	39
4.05323824025361	11.7793534191093	39
4.06551653996778	11.7751725293904	39
4.07779808450676	11.7709619407324	39
4.09008287387054	11.7667216531354	39
4.10237090805913	11.7624516665994	39
4.11466218707251	11.7581519811243	39
4.1269567109107	11.7538225967103	39
4.1392544795737	11.7494635133572	39
4.15155549306149	11.7450747310651	39
4.1638597513741	11.740656249834	39
4.1761672545115	11.7362080696638	39
4.18847800247371	11.7317301905547	39
4.20079199526072	11.7272226125065	39
4.21310923287253	11.7226853355193	39
4.22542971530915	11.7181183595931	39
4.23775344257057	11.7135216847278	39
4.25008041465679	11.7088953109236	39
4.26241063156782	11.7042392381803	39
4.27474409330365	11.699553466498	39
4.28708079986428	11.6948379958767	39
4.29942075124972	11.6900928263163	39
4.31176394745997	11.685317957817	39
4.32411038849501	11.6805133903786	39
4.33646007435485	11.6756791240012	39
4.3488130050395	11.6708151586848	39
4.36116918054896	11.6659214944293	39
4.37352860088321	11.6609981312349	39
4.38589126604227	11.6560450691014	39
4.39825717602614	11.6510623080289	39
4.4106263308348	11.6460498480174	39
4.42299873046827	11.6410076890668	39
4.43537437492655	11.6359358311773	39
4.44775326420962	11.6308342743487	39
4.4601353983175	11.6257030185811	39
4.47252077725019	11.6205420638745	39
4.48490940100767	11.6153514102289	39
4.49730126958996	11.6101310576442	39
4.50969638299706	11.6048810061205	39
4.52209474122895	11.5996012556578	39
4.53449634428565	11.5942918062561	39
4.54690119216716	11.5889526579154	39
4.55930928487346	11.5835838106356	39
4.57172062240457	11.5781852644168	39
4.58413520476048	11.572757019259	39
4.5965530319412	11.5672990751622	39
4.60897410394671	11.5618114321264	39
4.62139842077703	11.5562940901515	39
4.63382598243216	11.5507470492376	39
4.64625678891209	11.5451703093847	39
4.65869084021683	11.5395638705928	39
4.67112813634636	11.5339277328619	39
4.6835686773007	11.5282618961919	39
4.69601246307984	11.522566360583	39
4.70845949368378	11.516841126035	39
4.72090976911254	11.5110861925479	39
4.73336328936609	11.5053015601219	39
4.74582005444444	11.4994872287568	39
4.7582800643476	11.4936431984528	39
4.77074331907556	11.4877694692097	39
4.78320981862833	11.4818660410276	39
4.7956795630059	11.4759329139064	39
4.80815255220827	11.4699700878463	39
4.82062878623545	11.4639775628471	39
4.83310826508743	11.4579553389089	39
4.8455909887642	11.4519034160317	39
4.85807695726579	11.4458217942154	39
4.87056617059218	11.4397104734602	39
4.88305862874337	11.4335694537659	39
4.89555433171936	11.4273987351326	39
4.90805327952016	11.4211983175603	39
4.92055547214576	11.414968201049	39
4.93306090959616	11.4087083855986	39
4.94556959187138	11.4024188712092	39
4.95808151897139	11.3960996578808	39
4.9705966908962	11.3897507456134	39
4.98311510764582	11.383372134407	39
4.99563676922024	11.3769638242615	39
5.00816167561946	11.3705258151771	39
5.02068982684349	11.3640581071536	39
5.03322122289232	11.3575607001911	39
5.04575586376595	11.3510335942895	39
5.05829374946439	11.344476789449	39
5.07083487998764	11.3378902856694	39
5.08337925533568	11.3312740829508	39
5.09592687550852	11.3246281812932	39
5.10847774050617	11.3179525806966	39
5.12103185032863	11.3112472811609	39
5.13358920497588	11.3045122826862	39
5.14614980444795	11.2977475852725	39
5.15871364874481	11.2909531889198	39
5.17128073786647	11.2841290936281	39
5.18385107181295	11.2772752993973	39
5.19642465058423	11.2703918062276	39
5.2090014741803	11.2634786141188	39
5.22158154260118	11.256535723071	39
5.23416485584686	11.2495631330841	39
5.24675141391735	11.2425608441583	39
5.25934121681264	11.2355288562934	39
5.27193426453273	11.2284671694895	39
5.28453055707763	11.2213757837466	39
5.29713009444733	11.2142546990647	39
5.30973287664184	11.2071039154437	39
5.32233890366114	11.1999234328837	39
5.33494817550525	11.1927132513847	39
5.34756069217416	11.1854733709467	39
5.36017645366788	11.1782037915697	39
5.3727954599864	11.1709045132536	39
5.38541771112973	11.1635755359986	39
5.39804320709785	11.1562168598045	39
5.41067194789078	11.1488284846714	39
5.42330393350851	11.1414104105992	39
5.43593916395105	11.1339626375881	39
5.44857763921839	11.1264851656379	39
5.46121935931053	11.1189779947487	39
5.47386432422748	11.1114411249205	39
5.48651253396923	11.1038745561533	39
5.49916398853578	11.096278288447	39
5.51181868792713	11.0886523218018	39
5.52447663214329	11.0809966562175	39
5.53713782118425	11.0733112916942	39
5.54980225505002	11.0655962282318	39
5.56246993374059	11.0578514658305	39
5.57514085725596	11.0500770044901	39
5.58781502559614	11.0422728442107	39
5.60049243876112	11.0344389849923	39
5.6131730967509	11.0265754268349	39
5.62585699956549	11.0186821697384	39
5.63854414720488	11.010759213703	39
5.65123453966907	11.0028065587285	39
5.66392817695806	10.994824204815	39
5.67662505907186	10.9868121519624	39
5.68932518601046	10.9787704001709	39
5.70202855777386	10.9706989494403	39
5.71473517436208	10.9625977997707	39
5.72744503577508	10.9544669511621	39
5.7401581420129	10.9463064036145	39
5.75287449307552	10.9381161571278	39
5.76559408896294	10.9298962117022	39
5.77831692967516	10.9216465673375	39
5.7910430152122	10.9133672240338	39
5.80377234557402	10.905058181791	39
5.81650492076066	10.8967194406093	39
5.8292407407721	10.8883510004885	39
5.84197980560834	10.8799528614287	39
5.85472211526939	10.8715250234299	39
5.86746766975524	10.8630674864921	39
5.88021646906589	10.8545802506152	39
5.89296851320134	10.8460633157994	39
5.9057238021616	10.8375166820445	39
5.91848233594666	10.8289403493506	39
5.93124411455652	10.8203343177177	39
5.94400913799119	10.8116985871457	39
5.95677740625066	10.8030331576347	39
5.96954891933493	10.7943380291848	39
5.98232367724401	10.7856132017957	39
5.99510167997789	10.7768586754677	39
6.00788292753658	10.7680744502007	39
6.02066741992007	10.7592605259946	39
6.03345515712836	10.7504169028495	39
6.04624613916145	10.7415435807654	39
6.05904036601935	10.7326405597423	39
6.07183783770205	10.7237078397801	39
6.08463855420955	10.714745420879	39
6.09744251554186	10.7057533030388	39
6.11024972169897	10.6967314862596	39
6.12306017268089	10.6876799705413	39
6.1358738684876	10.6785987558841	39
6.14869080911912	10.6694878422878	39
6.16151099457544	10.6603472297526	39
6.17433442485657	10.6511769182782	39
6.1871610999625	10.6419769078649	39
6.19999101989323	10.6327471985126	39
6.21282418464877	10.6234877902212	39
6.22566059422911	10.6141986829908	39
6.23850024863425	10.6048798768214	39
6.2513431478642	10.595531371713	39
6.26418929191895	10.5861531676655	39
6.2770386807985	10.5767452646791	39
6.28989131450286	10.5673076627536	39
6.30274719303202	10.5578403618891	39
6.31560631638598	10.5483433620856	39
6.32846868456475	10.538816663343	39
6.34133429756832	10.5292602656615	39
6.3542031553967	10.5196741690409	39
6.36707525804987	10.5100583734813	39
6.37995060552785	10.5004128789826	39
6.39282919783063	10.490737685545	39
6.40571103495822	10.4810327931683	39
6.41859611691061	10.4712982018527	39
6.4314844436878	10.4615339115979	39
6.4443760152898	10.4517399224042	39
6.45727083171659	10.4419162342715	39
6.4701688929682	10.4320628471997	39
6.4830701990446	10.4221797611889	39
6.49597474994581	10.4122669762391	39
6.50888254567182	10.4023244923503	39
6.52179358622264	10.3923523095225	39
6.53470787159826	10.3823504277556	39
6.54762540179868	10.3723188470497	39
6.56054617682391	10.3622575674048	39
6.57347019667394	10.3521665888209	39
6.58639746134877	10.3420459112979	39
6.59932797084841	10.331895534836	39
6.61226172517284	10.321715459435	39
6.62519872432208	10.311505685095	39
6.63813896829613	10.301266211816	39
6.65108245709498	10.2909970395979	39
6.66402919071863	10.2806981684409	39
6.67697916916708	10.2703695983448	39
6.68993239244035	10.2600113293097	39
6.7028888605384	10.2496233613356	39
6.71584857346127	10.2392056944224	39
6.72881153120894	10.2287583285703	39
6.74177773378141	10.2182812637791	39
6.75474718117869	10.2077745000489	39
6.76771987340076	10.1972380373797	39
6.78069581044765	10.1866718757714	39
6.79367499231933	10.1760760152241	39
6.80665741901581	10.1654504557379	39
6.81964309053711	10.1547951973126	39
6.8326320068832	10.1441102399482	39
6.8456241680541	10.1333955836449	39
6.8586195740498	10.1226512284025	39
6.8716182248703	10.1118771742212	39
6.88462012051561	10.1010734211008	39
6.89762526098573	10.0902399690413	39
6.91063364628064	10.0793768180429	39
6.92364527640036	10.0684839681054	39
6.93666015134487	10.057561419229	39
6.9496782711142	10.0466091714135	39
6.96269963570833	10.0356272246589	39
6.97572424512726	10.0246155789654	39
6.98875209937099	10.0135742343328	39
7.00178319843953	10.0025031907613	39
7.01481754233287	9.99140244825065	39
7.02785513105102	9.98027200680103	39
7.04089596459396	9.96911186641239	39
7.05394004296171	9.95792202708473	39
7.06698736615427	9.94670248881805	39
7.08003793417162	9.93545325161235	39
7.09309174701378	9.92417431546763	39
7.10614880468075	9.9128656803839	39
7.11920910717252	9.90152734636114	39
7.13227265448909	9.89015931339936	39
7.14533944663046	9.87876158149856	39
7.15840948359664	9.86733415065874	39
7.17148276538762	9.8558770208799	39
7.1845592920034	9.84439019216204	39
7.19763906344399	9.83287366450516	39
7.21072207970938	9.82132743790926	39
7.22380834079957	9.80975151237435	39
7.23689784671456	9.79814588790041	39
7.24999059745436	9.78651056448745	39
7.26308659301897	9.77484554213547	39
7.27618583340838	9.76315082084447	39
7.28928831862258	9.75142640061446	39
7.3023940486616	9.73967228144542	39
7.31550302352542	9.72788846333736	39
7.32861524321403	9.71607494629028	39
7.34173070772746	9.70423173030418	39
7.35484941706568	9.69235881537907	39
7.36797137122871	9.68045620151493	39
7.38109657021654	9.66852388871177	39
7.39422501402918	9.65656187696959	39
7.40735670266662	9.6445701662884	39
7.42049163612887	9.63254875666818	39
7.43362981441591	9.62049764810894	39
7.44677123752776	9.60841684061068	39
7.45991590546441	9.59630633417341	39
7.47306381822587	9.58416612879711	39
7.48621497581212	9.57199622448179	39
7.49936937822319	9.55979662122746	39
7.51252702545905	9.5475673190341	39
7.52568791751972	9.53530831790172	39
7.53885205440519	9.52301961783033	39
7.55201943611547	9.51070121881991	39
7.56519006265054	9.49835312087048	39
7.57836393401043	9.48597532398202	39
7.59154105019511	9.47356782815454	39
7.6047214112046	9.46113063338805	39
7.61790501703889	9.44866373968253	39
7.63109186769799	9.436167147038	39
7.64428196318189	9.42364085545444	39
7.65747530349059	9.41108486493187	39
7.67067188862409	9.39849917547027	39
7.6838717185824	9.38588378706965	39
7.69707479336552	9.37323869973002	39
7.71028111297343	9.36056391345137	39
7.72349067740615	9.34785942823369	39
7.73670348666367	9.33512524407699	39
7.74991954074599	9.32236136098128	39
7.76313883965312	9.30956777894654	39
7.77636138338505	9.29674449797279	39
7.78958717194179	9.28389151806002	39
7.80281620532332	9.27100883920822	39
7.81604848352967	9.25809646141741	39
7.82928400656081	9.24515438468757	39
7.84252277441676	9.23218260901872	39
7.85576478709751	9.21918113441084	39
7.86901004460307	9.20614996086395	39
7.88225854693342	9.19308908837803	39
7.89551029408858	9.1799985169531	39
7.90876528606855	9.16687824658915	39
7.92202352287332	9.15372827728617	39
7.93528500450289	9.14054860904418	39
7.94854973095726	9.12733924186317	39
7.96181770223644	9.11410017574313	39
7.97508891834042	9.10083141068408	39
7.9883633792692	9.08753294668601	39
8.00164108502279	9.07420478374891	39
8.01492203560118	9.0608469218728	39
8.02820623100437	9.04745936105767	39
8.04149367123237	9.03404210130352	39
8.05478435628518	9.02059514261034	39
8.06807828616277	9.00711848497815	39
8.08137546086518	8.99361212840694	39
8.09467588039239	8.9800760728967	39
8.1079795447444	8.96651031844745	39
8.12128645392122	8.95291486505918	39
8.13459660792284	8.93928971273189	39
8.14791000674926	8.92563486146557	39
8.16122665040049	8.91195031126025	39
8.17454653887652	8.89823606211589	39
8.18786967217736	8.88449211403252	39
8.20119605030299	8.87071846701013	39
8.21452567325343	8.85691512104872	39
8.22785854102867	8.84308207614828	39
8.24119465362872	8.82921933230883	39
8.25453401105357	8.81532688953036	39
8.26787661330322	8.80140474781287	39
8.28122246037768	8.78745290715636	39
8.29457155227694	8.77347136756083	39
8.307923889001	8.75946012902628	39
8.32127947054987	8.74541919155271	39
8.33463829692354	8.73134855514012	39
8.34800036812201	8.71724821978851	39
8.36136568414529	8.70311818549787	39
8.37473424499336	8.68895845226822	39
8.38810605066625	8.67476902009955	39
8.40148110116393	8.66054988899186	39
8.41485939648643	8.64630105894515	39
8.42824093663372	8.63202252995942	39
8.44162572160581	8.61771430203467	39
8.45501375140271	8.6033763751709	39
8.46840502602441	8.58900874936811	39
8.48179954547092	8.5746114246263	39
8.49519730974223	8.56018440094547	39
8.50859831883834	8.54572767832562	39
8.52200257275926	8.53124125676676	39
8.53541007150498	8.51672513626886	39
8.54882081507549	8.50217931683196	39
8.56223480347082	8.48760379845602	39
8.57565203669095	8.47299858114108	39
8.58907251473588	8.45836366488711	39
8.60249623760561	8.44369904969412	39
8.61592320530016	8.42900473556211	39
8.62935341781949	8.41428072249108	39
8.64278687516364	8.39952701048103	39
8.65622357733259	8.38474359953197	39
8.66966352432635	8.36993048964387	39
8.67638471463252	8.3625127975977	39
8.6831067161449	8.35508768081677	39
8.68982952886348	8.34765513930108	39
8.69655315278825	8.34021517305064	39
8.70327758791924	8.33276778206544	39
8.71000283425642	8.32531296634549	39
8.7167288917998	8.31785072589079	39
8.72345576054938	8.31038106070132	39
8.73018344050517	8.30290397077711	39
8.73691193166715	8.29541945611813	39
8.74364123403534	8.28792751672441	39
8.75037134760972	8.28042815259592	39
8.75710227239031	8.27292136373269	39
8.7638340083771	8.2654071501347	39
8.77056655557008	8.25788551180195	39
8.77729991396927	8.25035644873445	39
8.78403408357466	8.2428199609322	39
8.79076906438625	8.23527604839518	39
8.79750485640405	8.22772471112341	39
8.80424145962804	8.2201659491169	39
8.81097887405823	8.21259976237562	39
8.81771709969463	8.20502615089959	39
8.82445613653722	8.1974451146888	39
8.83119598458602	8.18985665374326	39
8.83793664384102	8.18226076806296	39
8.84467811430221	8.17465745764791	39
8.85142039596961	8.16704672249811	39
8.85816348884321	8.15942856261355	39
8.86490739292301	8.15180297799423	39
8.87165210820901	8.14416996864016	39
8.87839763470121	8.13652953455133	39
8.88514397239962	8.12888167572775	39
8.89189112130422	8.12122639216942	39
8.89863908141502	8.11356368387633	39
8.90538785273203	8.10589355084848	39
8.91213743525524	8.09821599308588	39
8.91888782898464	8.09053101058852	39
8.92563903392025	8.08283860335641	39
8.93239105006206	8.07513877138955	39
8.93914387741007	8.06743151468792	39
8.94589751596428	8.05971683325155	39
8.95265196572469	8.05199472708042	39
8.9594072266913	8.04426519617453	39
8.96616329886411	8.03652824053389	39
8.97292018224312	8.02878386015849	39
8.97967787682834	8.02103205504834	39
8.98643638261975	8.01327282520344	39
8.99319569961737	8.00550617062378	39
8.99995582782118	7.99773209130936	39
9.0067167672312	7.98995058726019	39
9.01347851784742	7.98216165847627	39
9.02024107966984	7.97436530495759	39
9.02700445269846	7.96656152670415	39
9.03376863693328	7.95875032371596	39
9.0405336323743	7.95093169599301	39
9.04729943902152	7.94310564353531	39
9.05406605687494	7.93527216634286	39
9.06083348593457	7.92743126441565	39
9.06760172620039	7.91958293775368	39
9.07437077767242	7.91172718635696	39
9.08114064035065	7.90386401022549	39
9.08791131423508	7.89599340935926	39
9.0946827993257	7.88811538375827	39
9.10145509562253	7.88022993342253	39
9.10822820312556	7.87233705835204	39
9.11500212183479	7.86443675854679	39
9.12177685175022	7.85652903400678	39
9.12855239287185	7.84861388473202	39
9.13532874519969	7.8406913107225	39
9.14210590873372	7.83276131197824	39
9.14888388347396	7.82482388849921	39
9.15566266942039	7.81687904028543	39
9.16244226657303	7.80892676733689	39
9.16922267493187	7.8009670696536	39
9.1760038944969	7.79299994723556	39
9.18278592526814	7.78502540008276	39
9.18956876724558	7.7770434281952	39
9.19635242042922	7.7690540315729	39
9.20313688481906	7.76105721021583	39
9.2099221604151	7.75305296412401	39
9.21670824721735	7.74504129329744	39
9.22349514522579	7.73702219773611	39
9.23028285444044	7.72899567744002	39
9.23707137486128	7.72096173240918	39
9.24386070648833	7.71292036264359	39
9.25065084932157	7.70487156814324	39
9.25744180336102	7.69681534890813	39
9.26423356860667	7.68875170493827	39
9.27102614505852	7.68068063623366	39
9.27781953271657	7.67260214279429	39
9.28461373158082	7.66451622462016	39
9.29140874165127	7.65642288171128	39
9.29820456292793	7.64832211406765	39
9.30500119541077	7.64021392168926	39
9.31179863909983	7.63209830457611	39
9.31859689399509	7.62397526272821	39
9.32539596009654	7.61584479614556	39
9.3321958374042	7.60770690482815	39
9.33899652591806	7.59956158877598	39
9.34579802563812	7.59140884798907	39
9.35260033656437	7.58324868246739	39
9.35940345869684	7.57508109221096	39
9.3662073920355	7.56690607721978	39
9.37301213658036	7.55872363749384	39
9.37981769233142	7.55053377303314	39
9.38662405928869	7.54233648383769	39
9.39343123745215	7.53413176990749	39
9.40023922682182	7.52591963124253	39
9.40704802739768	7.51770006784282	39
9.41385763917975	7.50947307970835	39
9.42066806216801	7.50123866683912	39
9.42747929636248	7.49299682923514	39
9.43429134176315	7.48474756689641	39
9.44110419837002	7.47649087982292	39
9.44791786618309	7.46822676801468	39
9.45473234520237	7.45995523147168	39
9.46154763542783	7.45167627019392	39
9.46836373685951	7.44338988418142	39
9.47518064949738	7.43509607343415	39
9.48199837334146	7.42679483795213	39
9.48881690839173	7.41848617773536	39
9.49563625464821	7.41017009278383	39
9.50245641211089	7.40184658309755	39
9.50927738077976	7.39351564867651	39
9.51609916065485	7.38517728952071	39
9.52292175173613	7.37683150563016	39
9.52974515402361	7.36847829700486	39
9.53656936751729	7.3601176636448	39
9.54339439221717	7.35174960554999	39
9.55022022812325	7.34337412272042	39
9.55704687523554	7.3349912151561	39
9.56387433355402	7.32660088285702	39
9.57070260307871	7.31820312582318	39
9.57753168380959	7.30979794405459	39
9.58436157574668	7.30138533755125	39
9.59119227888997	7.29296530631315	39
9.59802379323946	7.2845378503403	39
9.60485611879515	7.27610296963269	39
9.61168925555704	7.26766066419033	39
9.61852320352513	7.25921093401321	39
9.62535796269942	7.25075377910133	39
9.63219353307991	7.24228919945471	39
9.63902991466661	7.23381719507332	39
9.6458671074595	7.22533776595718	39
9.65270511145859	7.21685091210629	39
9.65954392666389	7.20835663352064	39
9.66638355307539	7.19985493020024	39
9.67322399069309	7.19134580214508	39
9.68006523951698	7.18282924935517	39
9.68690729954709	7.1743052718305	39
9.69375017078338	7.16577386957108	39
9.70059385322589	7.1572350425769	39
9.70743834687459	7.14868879084796	39
9.7142836517295	7.14013511438427	39
9.72112976779059	7.13157401318583	39
9.7279766950579	7.12300548725263	39
9.73482443353141	7.11442953658468	39
9.74167298321111	7.10584616118197	39
9.74852234409702	7.09725536104451	39
9.75537251618913	7.08865713617229	39
9.76222349948744	7.08005148656532	39
9.76907529399195	7.07143841222359	39
9.77592789970266	7.06281791314711	39
9.78278131661957	7.05418998933587	39
9.78963554474268	7.04555464078988	39
9.79649058407199	7.03691186750913	39
9.8033464346075	7.02826166949362	39
9.81020309634922	7.01960404674337	39
9.81706056929713	7.01093899925835	39
9.82391885345125	7.00226652703859	39
9.83077794881157	6.99358663008406	39
9.83763785537808	6.98489930839479	39
9.8444985731508	6.97620456197075	39
9.85136010212972	6.96750239081196	39
9.85822244231484	6.95879279491842	39
9.86508559370616	6.95007577429012	39
9.87194955630368	6.94135132892707	39
9.87881433010741	6.93261945882926	39
9.88567991511733	6.9238801639967	39
9.89254631133345	6.91513344442938	39
9.89941351875578	6.90637930012731	39
9.90628153738431	6.89761773109048	39
9.91315036721903	6.8888487373189	39
9.92002000825996	6.88007231881256	39
9.92689046050709	6.87128847557147	39
9.93376172396042	6.86249720759562	39
9.94063379861995	6.85369851488502	39
9.94750668448567	6.84489239743967	39
9.95438038155761	6.83607885525955	39
9.96125488983574	6.82725788834469	39
9.96813020932007	6.81842949669506	39
9.97500634001061	6.80959368031069	39
9.98188328190734	6.80075043919155	39
9.98876103501028	6.79189977333767	39
9.99563959931942	6.78304168274902	39
10.0025189748348	6.77417616742563	39
10.0093991615563	6.76530322736747	39
10.016280159484	6.75642286257457	39
10.023161968618	6.74753507304691	39
10.0300445889581	6.73863985878449	39
10.0369280205045	6.72973721978732	39
10.043812263257	6.72082715605539	39
10.0506973172157	6.71190966758871	39
10.0575831823807	6.70298475438727	39
10.0644698587518	6.69405241645108	39
10.0713573463292	6.68511265378013	39
10.0782456451127	6.67616546637443	39
10.0851347551025	6.66721085423397	39
10.0920246762984	6.65824881735876	39
10.0989154087006	6.64927935574879	39
10.1058069523089	6.64030246940407	39
10.1126993071235	6.63131815832459	39
10.1195924731442	6.62232642251036	39
10.1264864503712	6.61332726196138	39
10.1333812388043	6.60432067667763	39
10.1402768384437	6.59530666665914	39
10.1471732492892	6.58628523190588	39
10.154070471341	6.57725637241788	39
10.1609685045989	6.56822008819511	39
10.1678673490631	6.5591763792376	39
10.1747670047335	6.55012524554533	39
10.18166747161	6.5410666871183	39
10.1885687496928	6.53200070395652	39
10.1954708389817	6.52292729605998	39
10.2023737394769	6.51384646342869	39
10.2092774511783	6.50475820606264	39
10.2161819740858	6.49566252396184	39
10.2230873081996	6.48655941712629	39
10.2299934535195	6.47744888555598	39
10.2369004100457	6.46833092925091	39
10.2438081777781	6.45920554821109	39
10.2507167567166	6.45007274243651	39
10.2576261468614	6.44093251192718	39
10.2645363482124	6.43178485668309	39
10.2714473607695	6.42262977670425	39
10.2783591845329	6.41346727199066	39
10.2852718195025	6.4042973425423	39
10.2921852656783	6.3951199883592	39
10.2990995230602	6.38593520944134	39
10.3060145916484	6.37674300578872	39
10.3129304714428	6.36754337740135	39
10.3198471624434	6.35833632427922	39
10.3267646646501	6.34912184642234	39
10.3336829780631	6.33989994383071	39
10.3406021026823	6.33067061650431	39
10.3475220385077	6.32143386444317	39
10.3544427855392	6.31218968764727	39
10.361364343777	6.30293808611661	39
10.368286713221	6.2936790598512	39
10.3752098938712	6.28441260885103	39
10.3821338857276	6.27513873311611	39
10.3890586887902	6.26585743264644	39
10.3959843030589	6.25656870744201	39
10.4029107285339	6.24727255750282	39
10.4098379652151	6.23796898282888	39
10.4167660131025	6.22865798342019	39
10.4236948721961	6.21933955927673	39
10.4306245424959	6.21001371039853	39
10.4375550240019	6.20068043678557	39
10.4444863167141	6.19133973843785	39
10.4514184206324	6.18199161535538	39
10.458351335757	6.17263606753815	39
10.4652850620878	6.16327309498617	39
10.4722195996248	6.15390269769944	39
10.479154948368	6.14452487567795	39
10.4860911083174	6.1351396289217	39
10.493028079473	6.1257469574307	39
10.4999658618348	6.11634686120494	39
10.5069044554028	6.10693934024443	39
10.513843860177	6.09752439454917	39
10.5207840761574	6.08810202411915	39
10.527725103344	6.07867222895437	39
10.5346669417368	6.06923500905484	39
10.5416095913358	6.05979036442056	39
10.548553052141	6.05033829505152	39
10.5554973241524	6.04087880094772	39
10.56244240737	6.03141188210917	39
10.5693883017938	6.02193753853587	39
10.5763350074238	6.01245577022781	39
10.58328252426	6.00296657718499	39
10.5902308523024	5.99346995940742	39
10.597179991551	5.9839659168951	39
10.6041299420058	5.97445444964801	39
10.6110807036669	5.96493555766618	39
10.6180322765341	5.95540924094959	39
10.6249846606075	5.94587549949824	39
10.6319378558871	5.93633433331214	39
10.6388918623729	5.92678574239129	39
10.6458466800649	5.91722972673568	39
10.6528023089631	5.90766628634531	39
10.6597587490675	5.89809542122019	39
10.6667160003782	5.88851713136032	39
10.673674062895	5.87893141676569	39
10.680632936618	5.8693382774363	39
10.6875926215472	5.85973771337216	39
10.6945531176826	5.85012972457327	39
10.7015144250243	5.84051431103962	39
10.7084765435721	5.83089147277121	39
10.7154394733261	5.82126120976805	39
10.7224032142863	5.81162352203014	39
10.7293677664527	5.80197840955747	39
10.7363331298254	5.79232587235004	39
10.7432993044042	5.78266591040787	39
10.7502662901892	5.77299852373093	39
10.7572340871805	5.76332371231924	39
10.7642026953779	5.7536414761728	39
10.7711721147815	5.7439518152916	39
10.7781423453913	5.73425472967564	39
10.7851133872074	5.72455021932493	39
10.7920852402296	5.71483828423947	39
10.799057904458	5.70511892441925	39
10.8060313798927	5.69539213986427	39
10.8130056665335	5.68565793057454	39
10.8199807643805	5.67591629655006	39
10.8269566734338	5.66616723779082	39
10.8339333936932	5.65641075429682	39
10.8409109251588	5.64664684606808	39
10.8478892678307	5.63687551310457	39
10.8548684217087	5.62709675540631	39
10.861848386793	5.6173105729733	39
10.8688291630834	5.60751696580553	39
10.87581075058	5.597715933903	39
10.8827931492829	5.58790747726572	39
10.8897763591919	5.57809159589369	39
10.8967603803072	5.5682682897869	39
10.9037452126286	5.55843755894535	39
10.9107308561563	5.54859940336906	39
10.9173637937546	5.53943914001945	39
10.9241682096989	5.53040552449328	39
10.9311416864125	5.52150176639112	39
10.9382817462525	5.51273102917583	39
10.9455858523894	5.50409642904859	39
10.9530514097093	5.4956010338417	39
10.9606757657351	5.48724786192863	39
10.9684562115694	5.47903988115158	39
10.976389982857	5.47098000776704	39
10.9844742607665	5.46307110540965	39
10.9927061729926	5.45531598407476	39
11.0010827947761	5.44771739912004	39
11.0096011499431	5.44027805028656	39
11.0182582119626	5.43300058073952	39
11.0270509050217	5.42588757612921	39
11.0359761051184	5.41894156367229	39
11.0450306411716	5.41216501125392	39
11.0542112961477	5.4055603265509	39
11.0635148082038	5.39912985617626	39
11.0729378718464	5.3928758848455	39
11.0824771391057	5.38680063456487	39
11.0921292207256	5.38090626384184	39
11.1018906873674	5.37519486691829	39
11.1117580708286	5.36966847302633	39
11.1217278652746	5.36432904566741	39
11.1317965284851	5.35917848191463	39
11.1419604831119	5.35421861173878	39
11.1522161179504	5.34945119735811	39
11.1625597892223	5.34487793261226	39
11.1729878218705	5.3405004423604	39
11.1834965108647	5.33632028190399	39
11.1940821225177	5.33233893643412	39
11.204740895812	5.32855782050388	39
11.2154690437363	5.32497827752577	39
11.2262627546306	5.32160157929436	39
11.237118193541	5.31842892553444	39
11.2480315035817	5.3154614434748	39
11.2589988073055	5.31270018744768	39
11.2700162080817	5.31014613851419	39
11.2810797914802	5.30780020411577	39
11.2921856266625	5.30566321775173	39
11.3033297677783	5.30373593868316	39
11.3145082553674	5.30201905166313	39
11.3257171177662	5.30051316669341	39
11.3369523725193	5.29921881880778	39
11.3482100277943	5.29813646788188	39
11.3594860837999	5.29726649846982	39
11.3707765342069	5.29660921966761	39
11.3820773675722	5.29616486500327	39
11.3933845687634	5.29593359235389	39
11.4046941203859	5.29591548388956	39
11.4160020042097	5.29611054604411	39
11.4273042025976	5.2965187095129	39
11.4385966999324	5.29713982927739	39
11.4498754840435	5.29797368465668	39
11.4611365476325	5.29901997938593	39
11.4723758896973	5.3002783417216	39
11.4835895169532	5.30174832457355	39
11.4947734452516	5.30342940566387	39
11.5059237009963	5.30532098771244	39
11.5170363225543	5.30742239864919	39
11.5281073616643	5.3097328918528	39
11.5391328848386	5.31225164641605	39
11.5501089747614	5.31497776743742	39
11.5610317316803	5.31791028633911	39
11.5718972747917	5.32104816121111	39
11.5827017436198	5.32439027718142	39
11.5934412993884	5.32793544681215	39
11.6041121263844	5.33168241052141	39
11.6147104333139	5.33562983703083	39
11.6252324546487	5.33977632383858	39
11.6356744519649	5.34412039771763	39
11.6460327152704	5.34866051523922	39
11.6563035643238	5.35339506332121	39
11.6664833499412	5.35832235980122	39
11.6765684552932	5.36344065403427	39
11.68655529719	5.36874812751478	39
11.6964403273541	5.3742428945227	39
11.7062200336815	5.37992300279348	39
11.715890941489	5.38578643421169	39
11.7254496147492	5.39183110552808	39
11.7348926573109	5.39805486909969	39
11.7442167141061	5.40445551365299	39
11.7534184723418	5.41103076506942	39
11.7624946626771	5.41777828719348	39
11.7714420603848	5.42469568266268	39
11.7802574864971	5.43178049375934	39
11.7889378089352	5.43903020328382	39
11.7974799436216	5.44644223544885	39
11.8058808555768	5.4540139567947	39
11.8141375599966	5.46174267712481	39
11.8222471233134	5.46962565046166	39
11.8302066642378	5.47766007602236	39
11.8380133547828	5.48584309921377	39
11.8456644212686	5.4941718126467	39
11.8531571453076	5.50264325716893	39
11.8604888647706	5.51125442291657	39
11.8676569747326	5.52000225038342	39
11.8746589283983	5.52888363150805	39
11.8814922380069	5.53789541077801	39
11.888154475716	5.54703438635107	39
11.8946432744643	5.55629731119269	39
11.9009563288125	5.56568089422981	39
11.9070913957624	5.57518180152004	39
11.913046295554	5.58479665743627	39
11.9188189124397	5.59452204586597	39
11.9244071954362	5.60435451142493	39
11.9298091590532	5.61429056068498	39
11.9350228839987	5.62432666341511	39
11.9400465178612	5.63445925383581	39
11.9448782757673	5.64468473188595	39
11.9495164410166	5.65499946450188	39
11.9539593656909	5.6653997869082	39
11.9582054712404	5.6758820039199	39
11.9622532490439	5.68644239125518	39
11.9661012609452	5.69707719685869	39
11.9697481397641	5.70778264223466	39
11.9731925897819	5.71855492378931	39
11.9764333872018	5.72939021418231	39
11.979469380584	5.74028466368656	39
11.9822994912545	5.75123440155603	39
11.9849227136885	5.76223553740101	39
11.9873381158674	5.77328416257029	39
11.9895448396105	5.78437635153998	39
11.9915421008792	5.79550816330815	39
11.9933291900562	5.80667564279508	39
11.9949054721972	5.81787482224849	39
11.9962703872566	5.82910172265323	39
11.9974234502867	5.84035235514506	39
11.9983642516095	5.85162272242783	39
11.9990924569629	5.8629088201937	39
11.9996078076191	5.87420663854587	39
11.9999101204763	5.88551216342329	39
11.9999992881242	5.89682137802679	39
11.999875278882	5.90813026424628	39
11.9995381368096	5.91943480408834	39
11.998987981692	5.93073098110377	39
11.9982250089966	5.94201478181469	39
11.997249489804	5.95328219714041	39
11.9960617707116	5.96452922382194	39
11.9946622737103	5.97575186584425	39
11.9930514960347	5.98694613585606	39
11.9912300099864	5.99810805658653	39
11.9891984627308	6.00923366225839	39
11.9869575760669	6.02031899999692	39
11.9845081461712	6.03136013123439	39
11.9818510433142	6.04235313310946	39
11.9789872115522	6.05329409986091	39
11.9759176683908	6.06417914421533	39
11.9726435044241	6.07500439876831	39
11.969165882947	6.08576601735845	39
11.9654860395419	6.0964601764339	39
11.9616052816395	6.10708307641087	39
11.9575249880547	6.11763094302357	39
11.9532466084964	6.12810002866523	39
11.9487716630524	6.13848661371957	39
11.9441017416496	6.14878700788236	39
11.9392385034887	6.15899755147263	39
11.9341836764553	6.16911461673283	39
11.9289390565051	6.17913460911787	39
11.9235065070268	6.18905396857216	39
11.9178879581793	6.19886917079451	39
11.9120854062063	6.20857672849032	39
11.9061009127267	6.21817319261055	39
11.8999366040028	6.2276551535772	39
11.8935946701839	6.23701924249469	39
11.8627006479727	6.28063804114358	39
11.8361177538154	6.31810140468374	39
11.8095819850042	6.35549824119073	39
11.7830942512506	6.39282726999569	39
11.7566554557801	6.43008721956441	39
11.730266495332	6.46727682749724	39
11.7039282601593	6.50439484052914	39
11.6776416340287	6.54144001452967	39
11.6514074942208	6.57841111450299	39
11.6252267115301	6.61530691458786	39
11.5991001502646	6.65212619805762	39
11.5730286682463	6.68886775732024	39
11.547013116811	6.72553039391825	39
11.521054340808	6.76211291852882	39
11.4951531786007	6.79861415096368	39
11.4693104620663	6.83503292016918	39
11.4435270165954	6.87136806422627	39
11.4178036610928	6.90761843035049	39
11.3921412079769	6.94378287489197	39
11.36654046318	6.97986026333547	39
11.3410022261479	7.0158494703003	39
11.3155272898405	7.0517493795404	39
11.2901164407313	7.08755888394433	39
11.2647704588078	7.1232768855352	39
11.2394901175709	7.15890229547073	39
11.2142761840357	7.19443403404326	39
11.1891294187309	7.22987103067973	39
11.1640505756988	7.26521222394164	39
11.1390404024959	7.30045656152513	39
11.1140996401921	7.33560300026091	39
11.0892290233712	7.3706505061143	39
11.064429280131	7.40559805418523	39
11.0397011320828	7.44044462870821	39
11.0150452943518	7.47518922305234	39
10.990462475577	7.50983083972135	39
10.9659533779111	7.54436849035355	39
10.9415186970207	7.57880119572184	39
10.9171591220861	7.61312798573373	39
10.8928753358014	7.64734789943134	39
10.8686680143746	7.68145998499135	39
10.8445378275272	7.71546329972506	39
10.8204854384948	7.7493569100784	39
10.7965115040266	7.78313989163185	39
10.7726166743857	7.81681132910051	39
10.7488015933489	7.85037031633407	39
10.7250668982067	7.88381595631683	39
10.7014132197636	7.91714736116767	39
10.6778411823377	7.95036365214009	39
10.654351403761	7.98346395962219	39
10.6309444953793	8.01644742313664	39
10.607621062052	8.04931319134073	39
10.5843817021524	8.08206042202633	39
10.5612270075677	8.11468828211995	39
10.5381575636988	8.14719594768264	39
10.5151739494603	8.17958260391009	39
10.4922767372806	8.21184744513258	39
10.469466493102	8.24398967481499	39
10.4467437763804	8.27600850555677	39
10.4241091400858	8.30790315909202	39
10.4015631307017	8.33967286628938	39
10.3791062882254	8.37131686715214	39
10.3567391461681	8.40283441081815	39
10.3344622315547	8.43422475555989	39
10.312276064924	8.46548716878441	39
10.2901811603285	8.49662092703338	39
10.2681780253344	8.52762531598306	39
10.2462671610219	8.55849963044428	39
10.2244490619847	8.58924317436253	39
10.2027242163306	8.61985526081784	39
10.1810931056809	8.65033521202488	39
10.159556205171	8.68068235933289	39
10.1381139834497	8.71089604322572	39
10.1167669026798	8.74097561332183	39
10.095515418538	8.77092042837423	39
10.0743599802145	8.8007298562706	39
10.0533010304136	8.83040327403316	39
10.032339005353	8.85994006781877	39
10.0114743347646	8.88933963291884	39
9.99070744189385	8.91860137375943	39
9.97003874349995	8.94772470390116	39
9.94946864985599	8.97670904603928	39
9.9289975647488	9.0055538320036	39
9.90862588547903	9.03425850275857	39
9.88835400286108	9.0628225084032	39
9.86818230122312	9.09124530817113	39
9.84811115840717	9.11952637043058	39
9.82814094576896	9.14766517268436	39
9.80827202817805	9.17566120156991	39
9.78850476401777	9.20351395285924	39
9.76883950518523	9.23122293145897	39
9.74927659709133	9.25878765141031	39
9.72981637866076	9.28620763588909	39
9.710459182332	9.31348241720569	39
9.69120533405727	9.34061153680516	39
9.67205515330264	9.36759454526708	39
9.65300895304791	9.39443100230567	39
9.6340670397867	9.42112047676973	39
9.6152297135264	9.44766254664266	39
9.59649726778817	9.47405679904248	39
9.57786998960698	9.50030283022177	39
9.55934815953159	9.52640024556773	39
9.54093205162449	9.55234865960217	39
9.52262193346202	9.57814769598148	39
9.50441806613427	9.60379698749665	39
9.48632070424512	9.62929617607327	39
9.46833009591224	9.65464491277153	39
9.45044648276707	9.67984285778622	39
9.43267009995485	9.70488968044673	39
9.4150011761346	9.72978505921704	39
9.39743993347913	9.75452868169574	39
9.37998658767501	9.779120244616	39
9.36264134792262	9.80355945384559	39
9.34540441693611	9.82784602438692	39
9.32827599094344	9.85197968037694	39
9.31125625968631	9.87596015508724	39
9.29434540642025	9.89978719092398	39
9.27754360791454	9.92346053942794	39
9.26085103445225	9.94697996127447	39
9.24426784983027	9.97034522627356	39
9.22779421135922	9.99355611336977	39
9.21143026986355	10.0166124106423	39
9.19517616968146	10.0395139153048	39
9.17903204866496	10.0622604337057	39
9.16299803817983	10.084851781328	39
9.14707426310563	10.1072877827892	39
9.13126084183573	10.1295682718415	39
9.11555788627726	10.1516930913717	39
9.09996550185114	10.173662093401	39
9.08448378749206	10.1954751390854	39
9.06911283564854	10.2171320987155	39
9.05385273228283	10.2386328517164	39
9.03870355687101	10.2599772866479	39
9.02366538240292	10.2811653012044	39
9.00873827538216	10.3021968022146	39
8.99392229582618	10.3230717056423	39
8.97921749726616	10.3437899365855	39
8.96462392674706	10.3643514292769	39
8.95014162482768	10.384756127084	39
8.93577062558055	10.4050039825086	39
8.92151095659201	10.4250949571873	39
8.90736263896218	10.4450290218911	39
8.89332568730496	10.4648061565259	39
8.87940010974803	10.4844263501319	39
8.86558590793286	10.5038896008841	39
8.85188307701473	10.523195916092	39
8.83829160566265	10.5423453121997	39
8.82481147605947	10.561337814786	39
8.81144266390179	10.5801734585641	39
8.79818513839999	10.598852287382	39
8.78503886227826	10.6173743542221	39
8.77200379177456	10.6357397212016	39
8.75907987664063	10.6539484595723	39
8.74626706014202	10.6720006497203	39
8.73356527905802	10.6898963811667	39
8.72097446368175	10.7076357525669	39
8.70849453782008	10.725218871711	39
8.69612541879368	10.7426458555238	39
8.68386701743702	10.7599168300645	39
8.67171923809831	10.777031930527	39
8.65968197863958	10.7939913012398	39
8.64775513043665	10.810795095666	39
8.63593857837909	10.8274434764034	39
8.6242322008703	10.8439366151842	39
8.61263586982741	10.8602746928752	39
8.60114945068138	10.8764578994781	39
8.58977280237693	10.8924864341287	39
8.57850577737258	10.908360505098	39
8.56734822164061	10.9240803297911	39
8.55629997466712	10.9396461347479	39
8.54536086945196	10.9550581556429	39
8.5345307325088	10.9703166372851	39
8.52380938386505	10.9854218336183	39
8.51319663706194	11.0003740077207	39
8.50269229915447	11.0151734318052	39
8.49229617071143	11.0298203872193	39
8.48200804581538	11.044315164445	39
8.47182771206269	11.058658063099	39
8.4617549505635	11.0728493919326	39
8.45178953594172	11.0868894688316	39
8.44193123633507	11.1007786208165	39
8.43217981339503	11.1145171840423	39
8.42253502228689	11.1281055037987	39
8.41299661168972	11.1415439345101	39
8.40356432379635	11.1548328397351	39
8.39423789431341	11.1679725921673	39
8.38501705246132	11.1809635736347	39
8.37590152097429	11.1938061751	39
8.36689101610028	11.2065007966604	39
8.35798524760108	11.2190478475478	39
8.34918391875222	11.2314477461286	39
8.34048672634307	11.2437009199038	39
8.33189336067672	11.2558078055092	39
8.32340350557008	11.2677688487149	39
8.31501683835386	11.2795845044257	39
8.3067330298725	11.2912552366812	39
8.29855174448429	11.3027815186553	39
8.29047264006127	11.3141638326567	39
8.28249536798925	11.3254026701286	39
8.27461957316785	11.3364985316489	39
8.26684489401047	11.3474519269299	39
8.25917096244429	11.3582633748186	39
8.25159740391026	11.3689334032968	39
8.24412383736315	11.3794625494807	39
8.23674987527149	11.389851359621	39
8.22947512361758	11.4001003891031	39
8.22229918189753	11.4102102024472	39
8.21522164312124	11.4201813733078	39
8.20824209381237	11.4300144844741	39
8.20136011400838	11.4397101278699	39
8.1945752772605	11.4492689045536	39
8.18788715063376	11.4586914247183	39
8.18129529470698	11.4679783076916	39
8.17479926357274	11.4771301819356	39
8.16839860483741	11.4861476850472	39
8.16209285962116	11.4950314637578	39
8.15588156255794	11.5037821739333	39
8.14976424179548	11.5124004805744	39
8.14374041899529	11.5208870578162	39
8.13780960933267	11.5292425889287	39
8.13197132149671	11.537467766316	39
8.12057031362999	11.5535298752061	39
8.10953333518349	11.5690791064137	39
8.09885622216613	11.5841213280194	39
8.08853470680734	11.5986625542575	39
8.07856441755714	11.6127089455158	39
8.06894087908608	11.6262668083357	39
8.05965951228526	11.6393425954122	39
8.05071563426635	11.6519429055938	39
8.04210445836153	11.6640744838827	39
8.03382109412356	11.6757442214345	39
8.02586054732575	11.6869591555585	39
8.01821771996195	11.6977264697175	39
8.01088741024656	11.7080534935279	39
8.00386431261453	11.7179477027597	39
7.99714301772138	11.7274167193364	39
7.99071801244315	11.7364683113352	39
7.98458367987644	11.7451103929867	39
7.9787342993384	11.7533510246753	39
7.97048174419665	11.764977245293	39
7.96283710637612	11.7757470161094	39
7.95577976511355	11.7856893906776	39
7.9492885742622	11.7948341624531	39
7.94334186229185	11.8032118647938	39
7.93622143943778	11.81324307458	39
7.92997538950217	11.8220424628947	39
7.92331235733093	11.8314292828929	39
7.91684633746407	11.8405385454557	39
7.91048713690376	11.8494973170798	39
7.90446403555519	11.8579825949495	39
7.89853851146812	11.8663304070634	39
7.89256982492682	11.8747351933999	39
7.88655353992166	11.8831735463377	39
7.88044418939949	11.8916904957766	39
7.87369471833473	11.9010366330245	39
7.86773692719812	11.9092330170913	39
7.86095226978789	11.9185087025514	39
7.8546290730601	11.9271003347795	39
7.84766570456691	11.9365053717126	39
7.84161442120401	11.9446326303704	39
7.83511994549141	11.9533096824821	39
7.82816770537547	11.9625482714748	39
7.82074331656263	11.97235938689	39
7.81283258251943	11.9827532643841	39
7.80657193371754	11.990936842341	39
7.80002399129663	11.9994572947562	39
7.79318297402379	12.0083181049281	39
7.78604316007455	12.0175225176208	39
7.77859888703295	12.0270735390647	39
7.77084455189148	12.0369739369557	39
7.76277461105111	12.0472262404561	39
7.75438358032125	12.0578327401939	39
7.7456660349198	12.068795488263	39
7.73661660947313	12.0801162982235	39
7.72722999801607	12.0917967451012	39
7.72078233814639	12.0997841777858	39
7.7141809449357	12.1079323851051	39
7.70742429025247	12.1162416570415	39
7.70051085770013	12.1247122364597	39
7.69343914261716	12.1333443191063	39
7.68620765207701	12.1421380536103	39
7.67881490488815	12.1510935414829	39
7.67125943159406	12.1602108371173	39
7.66353977447322	12.1694899477889	39
7.65565448753912	12.1789308336553	39
7.64760213654026	12.1885334077562	39
7.63938129896012	12.1982975360137	39
7.63099056401723	12.2082230372318	39
7.6224285326651	12.2183096830966	39
7.61369381759223	12.2285571981767	39
7.60478504322216	12.2389652599225	39
7.59570084571342	12.2495334986668	39
7.58643987295954	12.2602614976246	39
7.57700078458907	12.2711487928928	39
7.56738225196555	12.2821948734507	39
7.55758295818755	12.2933991811597	39
7.54760159808863	12.3047611107633	39
7.53743687823734	12.3162800098872	39
7.52708751693726	12.3279551790394	39
7.51655224422698	12.3397858716097	39
7.50582980188008	12.3517712938705	39
7.49491894340515	12.363910604976	39
7.48381843404579	12.3762029169629	39
7.4725270507806	12.3886472947497	39
7.46104358232319	12.4012427561374	39
7.44936682912219	12.413988271809	39
7.43749560336121	12.4268827653295	39
7.42542872895887	12.4399251131465	39
7.41316504156882	12.4531141445893	39
7.4007033885797	12.4664486418696	39
7.38804262911515	12.4799273400813	39
7.37518163403382	12.4935489272004	39
7.36211928592938	12.5073120440849	39
7.34885447913048	12.5212152844753	39
7.33538611970081	12.5352571949939	39
7.32171312543903	12.5494362751455	39
7.30783442587883	12.5637509773168	39
7.30081760529988	12.570958690147	39
7.29374896228889	12.5781997067768	39
7.28662836633804	12.5854738205029	39
7.27945568767293	12.5927808216767	39
7.27223079725263	12.600120497705	39
7.26495356676963	12.6074926330496	39
7.25762386864987	12.6148970092277	39
7.2502415760527	12.6223334048112	39
7.24280656287095	12.6298015954275	39
7.23531870373086	12.6373013537589	39
7.22777787399211	12.6448324495431	39
7.22018394974783	12.6523946495726	39
7.21253680782456	12.6599877176954	39
7.20483632578232	12.6676114148143	39
7.19708238191454	12.6752654988874	39
7.18927485524809	12.6829497249279	39
7.18141362554327	12.6906638450043	39
7.17349857329386	12.6984076082399	39
7.16552957972701	12.7061807608134	39
7.15750652680337	12.7139830459585	39
7.14942929721699	12.7218142039643	39
7.14129777439538	12.7296739721746	39
7.13311184249947	12.7375620849886	39
7.12487138642364	12.7454782738606	39
7.11657629179571	12.7534222673002	39
7.10822644497692	12.7613937908717	39
7.09982173306197	12.769392567195	39
7.09136204387898	12.7774183159449	39
7.08284726598953	12.7854707538513	39
7.07427728868861	12.7935495946994	39
7.06565200200466	12.8016545493294	39
7.05697129669957	12.8097853256367	39
7.04823506426865	12.8179416285717	39
7.03944319694066	12.8261231601402	39
7.03059558767779	12.834329619403	39
7.02169213017567	12.8425607024758	39
7.01273271886337	12.8508161025299	39
7.00371724890339	12.8590955097914	39
6.9946456161917	12.8673986115416	39
6.98551771735765	12.875725092117	39
6.97633344976407	12.8840746329091	39
6.96709271150723	12.8924469123648	39
6.95779540141682	12.9008416059858	39
6.94844141905597	12.9092583863292	39
6.93903066472125	12.9176969230071	39
6.92956303944268	12.9261568826868	39
6.9200384449837	12.9346379290907	39
6.9104567838412	12.9431397229963	39
6.90081795924549	12.9516619222364	39
6.89112187516035	12.9602041816986	39
6.88136843628298	12.968766153326	39
6.87155754804399	12.9773474861166	39
6.86168911660748	12.9859478261238	39
6.85176304887096	12.9945668164557	39
6.84177925246537	13.0032040972759	39
6.83173763575511	13.0118593058031	39
6.82163810783801	13.020532076311	39
6.81148057854531	13.0292220401284	39
6.80126495844173	13.0379288256395	39
6.79099115882541	13.0466520582833	39
6.78065909172793	13.0553913605542	39
6.77026866991429	13.0641463520016	39
6.75981980688297	13.0729166492301	39
6.74931241686584	13.0817018658994	39
6.73874641482824	13.0905016127243	39
6.72812171646893	13.0993154974748	39
6.71743823822013	13.108143124976	39
6.70669589724746	13.1169840971082	39
6.69589461145001	13.1258380128067	39
6.68503429946031	13.1347044680621	39
6.67411488064431	13.1435830559199	39
6.6631362751014	13.1524733664811	39
6.65209840366442	13.1613749869014	39
6.64100118789963	13.170287501392	39
6.62984455010675	13.1792104912191	39
6.61862841331892	13.188143534704	39
6.60735270130272	13.1970862072231	39
6.59601733855818	13.206038081208	39
6.58462225031876	13.2149987261456	39
6.57316736255135	13.2239677085776	39
6.5616526019563	13.232944592101	39
6.55007789596736	13.241928937368	39
6.53844317275176	13.2509203020859	39
6.52674836121015	13.259918241017	39
6.5149933909766	13.2689223059789	39
6.50317819241865	13.2779320458444	39
6.49130269663726	13.2869470065411	39
6.47936683546683	13.2959667310521	39
6.4673705414752	13.3049907594154	39
6.45531374796364	13.3140186287243	39
6.44319638896687	13.3230498731271	39
6.43101839925304	13.3320840238273	39
6.41877971432375	13.3411206090835	39
6.40648027041401	13.3501591542095	39
6.3941200044923	13.3591991815742	39
6.38169885426051	13.3682402106016	39
6.369216758154	13.3772817577709	39
6.35667365534155	13.3863233366164	39
6.34406948572536	13.3953644577274	39
6.33140418994108	13.4044046287487	39
6.31867770935783	13.4134433543798	39
6.30588998607812	13.4224801363757	39
6.29304096293794	13.4315144735463	39
6.28013058350667	13.4405458617567	39
6.26715879208717	13.4495737939272	39
6.25412553371572	13.4585977600331	39
6.24103075416205	13.4676172471051	39
6.2278743999293	13.4766317392286	39
6.21465641825408	13.4856407175445	39
6.20137675710642	13.4946436602488	39
6.18803536518978	13.5036400425925	39
6.17463219194109	13.5126293368817	39
6.1611671875307	13.5216110124779	39
6.14764030286237	13.5305845357974	39
6.13405148957334	13.5395493703119	39
6.12040070003427	13.5485049765481	39
6.10668788734927	13.5574508120879	39
6.09291300535586	13.5663863315683	39
6.07907600862502	13.5753109866815	39
6.06517685246116	13.5842242261746	39
6.05121549290214	13.5931254958501	39
6.03719188671925	13.6020142385656	39
6.0231059914172	13.6108898942337	39
6.00895776523416	13.6197518998222	39
5.99474716714175	13.6285996893542	39
5.980474156845	13.6374326939076	39
5.96613869478237	13.6462503416158	39
5.9517407421258	13.655052057667	39
5.93728026078064	13.6638372643048	39
5.92275721338567	13.6726053808278	39
5.90817156331313	13.6813558235897	39
5.89352327466867	13.6900880059994	39
5.87881231229143	13.698801338521	39
5.86403864175392	13.7074952286737	39
5.84920222936214	13.7161690810317	39
5.8343030421555	13.7248222972245	39
5.81934104790686	13.7334542759366	39
5.80431621512252	13.7420644129078	39
5.7892285130422	13.7506521009329	39
5.77407791163908	13.7592167298619	39
5.75886438161977	13.7677576865999	39
5.7435878944243	13.7762743551072	39
5.72824842222617	13.784766116399	39
5.71284593793231	13.7932323485461	39
5.69738041518306	13.8016724266739	39
5.68185182835223	13.8100857229633	39
5.66626015254705	13.8184716066502	39
5.65060536360819	13.8268294440258	39
5.63488743810978	13.835158598436	39
5.61910635335935	13.8434584302824	39
5.60326208739789	13.8517282970214	39
5.58735461899983	13.8599675531645	39
5.57138392767304	13.8681755502786	39
5.55534999365881	13.8763516369854	39
5.53925279793187	13.884495158962	39
5.52309232220042	13.8926054589405	39
5.50686854890606	13.9006818767083	39
5.49058146122384	13.9087237491076	39
5.47423104306226	13.9167304100361	39
5.45781727906324	13.9247011904464	39
5.44134015460216	13.9326354183464	39
5.4247996557878	13.9405324187991	39
5.40819576946242	13.9483915139224	39
5.3915284832017	13.9562120228896	39
5.37479778531475	13.9639932619291	39
5.35800366484413	13.9717345443244	39
5.34114611156583	13.9794351804141	39
5.32422511598927	13.987094477592	39
5.30724066935734	13.9947117403069	39
5.29019276364635	14.0022862700629	39
5.27308139156602	14.0098173654192	39
5.25590654655954	14.01730432199	39
5.23866822280355	14.0247464324449	39
5.22136641520809	14.0321429865084	39
5.20400111941667	14.0394932709601	39
5.1865723318062	14.046796569635	39
5.16908004948708	14.054052163423	39
5.15152427030311	14.0612593302693	39
5.13390499283152	14.068417345174	39
5.11622221638303	14.0755254801926	39
5.09847594100173	14.0825830044356	39
5.0806661674652	14.0895891840687	39
5.06279289728445	14.0965432823125	39
5.04485613270388	14.1034445594432	39
5.02685587670141	14.1102922727917	39
5.00879213298832	14.1170856767442	39
4.99066490600938	14.1238240227421	39
4.97247420094276	14.1305065592818	39
4.95422002370011	14.1371325319149	39
4.93590238092648	14.1437011832482	39
4.91752128000037	14.1502117529435	39
4.89907672903373	14.1566634777178	39
4.88056873687194	14.1630555913434	39
4.8619973130938	14.1693873246474	39
4.84336246801157	14.1756579055123	39
4.82466421267095	14.1818665588756	39
4.80590255885107	14.1880125067301	39
4.7870775190645	14.1940949681234	39
4.76818910655722	14.2001131591587	39
4.74923733530871	14.2060662929939	39
4.73022222003182	14.2119535798423	39
4.71114377617288	14.2177742269723	39
4.69200201991166	14.2235274387074	39
4.67279696816134	14.2292124164261	39
4.65352863856856	14.2348283585622	39
4.63419704951339	14.2403744606048	39
4.61480222010933	14.2458499150977	39
4.59534417020333	14.2512539116401	39
4.57582292037578	14.2565856368864	39
4.55623849194051	14.2618442745461	39
4.53659090694476	14.2670290053836	39
4.51688018816924	14.2721390072187	39
4.49710635912808	14.2771734549262	39
4.47726944406886	14.2821315204361	39
4.45736946797258	14.2870123727336	39
4.43740645655371	14.2918151778589	39
4.41738043626012	14.2965390989073	39
4.39729143427314	14.3011832960295	39
4.37713947850754	14.305746926431	39
4.35692459761151	14.3102291443726	39
4.33664682096669	14.3146291011704	39
4.31630617868817	14.3189459451952	39
4.29590270162445	14.3231788218734	39
4.27543642135748	14.3273268736863	39
4.25490737020267	14.3313892401703	39
4.23431558120883	14.3353650579171	39
4.21366108815823	14.3392534605734	39
4.19294392556658	14.343053578841	39
4.17216412868302	14.3467645404769	39
4.15132173349013	14.3503854702934	39
4.13041677670392	14.3539154901577	39
4.10944929577385	14.3573537189922	39
4.08841932888282	14.3606992727745	39
4.06732691494716	14.3639512645372	39
4.04617209361663	14.3671088043681	39
4.02495490527444	14.3701709994103	39
4.00367539103725	14.3731369538618	39
3.98233359275512	14.3760057689758	39
3.96092955301158	14.3787765430607	39
3.9394633151236	14.3814483714801	39
3.91793492314155	14.3840203466524	39
3.89634442184929	14.3864915580516	39
3.87469185676409	14.3888610922064	39
3.85297727413664	14.391128032701	39
3.83120072095111	14.3932914601744	39
3.80936224492508	14.3953504523211	39
3.78746189450956	14.3973040838905	39
3.76549971888903	14.3991514266871	39
3.74347576798139	14.4008915495706	39
3.72139009243795	14.4025235184559	39
3.69924274364352	14.404046396313	39
3.67703377371629	14.405459243167	39
3.65476323550793	14.4067611160982	39
3.6324311826035	14.4079510692419	39
3.61003766932156	14.4090281537887	39
3.58758275071406	14.4099914179842	39
3.56506648256639	14.4108399071292	39
3.54248892139741	14.4115726635796	39
3.5198501244594	14.4121887267466	39
3.49715014973805	14.4126871330963	39
3.47438905595254	14.41306691615	39
3.45156690255546	14.4133271064843	39
3.42868374973282	14.4134667317307	39
3.40573965840411	14.4134848165759	39
3.38273469022223	14.4133803827619	39
3.35966890757351	14.4131524490857	39
3.33654237357775	14.4128000313993	39
3.31335515208816	14.4123221426101	39
3.29010730769139	14.4117177926806	39
3.26679890570755	14.4109859886281	39
3.24343001219017	14.4101257345256	39
3.22000069392621	14.4091360315006	39
3.19651101843608	14.4080158777363	39
3.17296105397364	14.4067642684707	39
3.14935086952617	14.4053801959971	39
3.12568053481439	14.4038626496637	39
3.10195012029245	14.4022106158742	39
3.07815969714796	14.4004230780871	39
3.05430933730196	14.3984990168162	39
3.03039911340891	14.3964374096303	39
3.00642909885673	14.3942372311537	39
2.98239936776677	14.3918974530653	39
2.95830999499382	14.3894170440996	39
2.93416105612609	14.386794970046	39
2.90995262748527	14.384030193749	39
2.88568478612643	14.3811216751083	39
2.86135760983814	14.3780683710789	39
2.83697117714235	14.3748692356707	39
2.81252556729449	14.3715232199488	39
2.78802086028341	14.3680292720335	39
2.7634571368314	14.3643863371002	39
2.73883447839419	14.3605933573793	39
2.71415296716094	14.3566492721567	39
2.68941268605426	14.3525530177729	39
2.66461371873019	14.3483035276241	39
2.63975614957821	14.3438997321612	39
2.61484006372124	14.3393405588904	39
2.58986554701563	14.3346249323732	39
2.56483268605119	14.3297517742259	39
2.53974156815113	14.3247200031201	39
2.51459228137213	14.3195285347827	39
2.48938491450429	14.3141762819955	39
2.46411955707117	14.3086621545955	39
2.43879629932974	14.3029850594748	39
2.41341523227043	14.2971439005808	39
2.38797644761708	14.2911375789158	39
2.36248003782702	14.2849649925374	39
2.33692609609095	14.2786250365583	39
2.31131471633306	14.2721166031463	39
2.28564599321096	14.2654385815245	39
2.25992002211569	14.2585898579707	39
2.23413689917175	14.2515693158184	39
2.20829672123705	14.2443758354559	39
2.18239958590296	14.2370082943266	39
2.15644559149428	14.2294655669292	39
2.13043483706923	14.2217465248175	39
2.10436742241951	14.2138500366004	39
2.07824344807023	14.2057749679418	39
2.05206301527993	14.1975201815611	39
2.0258262260406	14.1890845372325	39
1.99953318307767	14.1804668917854	39
1.97318398985001	14.1716660991045	39
1.94677875054992	14.1626810101294	39
1.92031757010313	14.1535104728551	39
1.89380055416883	14.1441533323314	39
1.86722780913964	14.1346084306635	39
1.84059944214161	14.1248746070116	39
1.81391556103422	14.1149506975913	39
1.78717627441041	14.1048355356729	39
1.76038169159656	14.0945279515822	39
1.73353192265245	14.0840267726999	39
1.70662707837135	14.073330823462	39
1.67966727027992	14.0624389253596	39
1.65265261063829	14.0513498969388	39
1.62558321244002	14.040062553801	39
1.5984591894121	14.0285757086026	39
1.57128065601496	14.0168881710554	39
1.54404772744248	14.0049987479259	39
1.51676051962196	13.9929062430362	39
1.48941914921415	13.9806094572632	39
1.46202373361324	13.968107188539	39
1.43457439094684	13.955398231851	39
1.40707124007602	13.9424813792415	39
1.37951440059528	13.9293554198082	39
1.35190399283255	13.9160191397037	39
1.32424013784921	13.9024713221358	39
1.29652295744006	13.8887107473675	39
1.26875257413337	13.8747361927169	39
1.2409291111908	13.8605464325573	39
1.2130526926075	13.8461402383169	39
1.18512344311203	13.8315163784793	39
1.15714148816637	13.8166736185832	39
1.12910695396599	13.8016107212223	39
1.10101996743974	13.7863264460455	39
1.07288065624996	13.7708195497568	39
1.04468914879238	13.7550887861155	39
1.0164455741962	13.7391329059358	39
0.988150062324053	13.7229506570872	39
0.959802743771998	13.7065407844942	39
0.931403749869546	13.6899020301367	39
0.902953212679634	13.6730331330494	39
0.874451264998644	13.6559328293224	39
0.845898040356392	13.6385998521007	39
0.817293673016138	13.6210329315846	39
0.788638297974572	13.6032307950295	39
0.759932050961829	13.585192166746	39
0.731175068441477	13.5669157680997	39
0.70236748761052	13.5484003175114	39
0.673509446399407	13.529644530457	39
0.644601083472022	13.5106471194676	39
0.615642538225682	13.4914067941295	39
0.58663395079115	13.4719222610839	39
0.55757546203262	13.4521922240274	39
0.528467213547728	13.4322153837114	39
0.499309347667545	13.4119904379429	39
0.470102007456585	13.3915160815836	39
0.44084533671279	13.3707910065507	39
0.411539479967555	13.3498139018161	39
0.382184582485696	13.3285834534073	39
0.352780790265481	13.3070983444066	39
0.323328250038603	13.2853572549517	39
