0.323328250038603	22.9267967780376	39
0.315292422578754	22.9207561740818	39
0.30733313606429	22.9146150685383	39
0.299451647358818	22.9083744311589	39
0.291649201040766	22.9020352474126	39
0.283927029206861	22.89559851833	39
0.276286351277548	22.8890652603452	39
0.268728373804453	22.8824365051354	39
0.26125429027983	22.8757132994579	39
0.253865280948112	22.8688967049848	39
0.246562512619523	22.8619877981353	39
0.239347138485844	22.854987669906	39
0.232220297938294	22.8478974256983	39
0.225183116387608	22.8407181851439	39
0.218236705086333	22.8334510819281	39
0.211382160953342	22.8260972636108	39
0.20462056640061	22.8186578914451	39
0.1979529891623	22.8111341401941	39
0.191380482126149	22.8035271979454	39
0.184904083167215	22.7958382659233	39
0.178524814983966	22.7880685582994	39
0.172243684936799	22.7802193020005	39
0.166061684888962	22.7722917365152	39
0.159979791049931	22.7642871136979	39
0.153998963821241	22.7562066975715	39
0.148120147644843	22.7480517641273	39
0.142344270853965	22.7398236011238	39
0.136672245526505	22.7315235078834	39
0.131104967341017	22.7231527950869	39
0.125643315435262	22.7147127845671	39
0.120288152267388	22.7062048090992	39
0.115040323479747	22.6976302121915	39
0.10990065776533	22.688990347872	39
0.104869966736935	22.6802865804755	39
0.099949044798997	22.6715202844278	39
0.0951386690221341	22.6626928440286	39
0.0904395990204421	22.6538056532332	39
0.0858525768315523	22.6448601154319	39
0.0813783267994381	22.6358576432289	39
0.0770175554600492	22.6267996582189	39
0.0727709514297352	22.6176875907628	39
0.0686391852964938	22.6085228797616	39
0.0646229095140995	22.5993069724294	39
0.0607227582990504	22.5900413240649	39
0.0569393475304452	22.5807273978213	39
0.0532732746526925	22.5713666644755	39
0.0497251185812075	22.5619606021959	39
0.0462954396109581	22.5525106963088	39
0.0429847793280125	22.5430184390637	39
0.0397936605240119	22.5334853293982	39
0.0367225871136085	22.5239128727008	39
0.0337720440548885	22.5143025805734	39
0.030942497272811	22.5046559705925	39
0.0282343935856098	22.4949745660697	39
0.0256481606342547	22.4852598958109	39
0.0231842068149035	22.4755134938753	39
0.0208429212144345	22.4657368993326	39
0.0186246735489775	22.4559316560204	39
0.0165298141055601	22.4460993123005	39
0.0145586736867678	22.4362414208137	39
0.0127115635585255	22.4263595382355	39
0.0109887754009357	22.4164552250297	39
0.00939058126221681	22.4065300452021	39
0.00791723351575158	22.3965855660536	39
0.00656896482022873	22.3866233579329	39
0.00534598808290809	22.3766449939881	39
0.00424849642598701	22.3666520499185	39
0.00327666315612518	22.3566461037258	39
0.00243064173706387	22.346628735465	39
0.00171056576538575	22.3366015269945	39
0.00111654894944024	22.3265660617268	39
0.00064868509136673	22.3165239243784	39
0.000307048072290428	22.3064767007189	39
9.16918406588252e-05	22.2964259773217	39
2.65040371516534e-06	22.2863733413122	39
3.99378221374036e-05	22.2763203801184	39
0.000203548207810655	22.2662686812194	39
0.000493455724754455	22.2562198318949	39
0.000909614593211927	22.2461754189747	39
0.00145195909687601	22.236137028588	39
0.00212040359326338	22.2261062459132	39
0.00291484252723606	22.2160846549269	39
0.0038351504476779	22.2060738381547	39
0.00488118202729737	22.1960753764205	39
0.00605277208558519	22.1860908485974	39
0.00734973561489127	22.176121831358	39
0.00877186780963513	22.1661698989258	39
0.0103189440986604	22.1562366228261	39
0.0119907201806875	22.1463235716386	39
0.0137869320628887	22.1364323107488	39
0.0157072961025904	22.1265644021016	39
0.0177515090520437	22.116721403954	39
0.0199192481063299	22.1069048706297	39
0.0222101709543274	22.097116352273	39
0.0246239158327519	22.0873573946044	39
0.0271601015833163	22.0776295386765	39
0.0298183277128814	22.0679343206305	39
0.0325981744567301	22.0582732714537	39
0.0354992028448358	22.0486479167378	39
0.0385209547711902	22.0390597764379	39
0.0416629530661297	22.0295103646324	39
0.0449247015716985	22.0200011892843	39
0.0483056852200043	22.0105337520025	39
0.0518053701145291	22.0011095478051	39
0.0554232036144597	21.9917300648832	39
0.0591586144219463	21.9823967843659	39
0.0630110126723231	21.9731111800863	39
0.0669797900272471	21.9638747183492	39
0.0710643197707626	21.9546888576987	39
0.0752639569082802	21.9455550486888	39
0.0795780382684086	21.9364747336539	39
0.0840058826076877	21.9274493464809	39
0.0885467907181727	21.9184803123831	39
0.0932000455378308	21.909569047675	39
0.0979649122637838	21.9007169595485	39
0.102840638468336	21.891925445851	39
0.107826454217804	21.8831958948644	39
0.112921572194082	21.874529685086	39
0.118125187818976	21.8659281850108	39
0.123436479381255	21.8573927529153	39
0.128854608166414	21.8489247366433	39
0.134378718589108	21.8405254733927	39
0.140007938328264	21.8321962895045	39
0.14574137846483	21.8239385002534	39
0.151578133622142	21.81575340964	39
0.157517282108898	21.8076423101851	39
0.163557886064705	21.7996064827252	39
0.169698991608175	21.7916471962108	39
0.17593962898755	21.7837657075053	39
0.182278812733845	21.7759632611873	39
0.18871554181646	21.7682410893533	39
0.195248799801259	21.760600411424	39
0.201877555011066	21.7530424339509	39
0.208600760688594	21.7455683504263	39
0.215417355161723	21.7381793410946	39
0.222326262011173	21.730876572766	39
0.229326390240455	21.7236611986323	39
0.236416634448176	21.7165343580848	39
0.243595875002587	21.7094971765341	39
0.250862978218372	21.7025507652328	39
0.258216796535699	21.6956962210998	39
0.265656168701398	21.6889346265471	39
0.273179919952373	21.6822670493088	39
0.280786862201079	21.6756945422726	39
0.288475794223153	21.6692181433137	39
0.296245501847096	21.6628388751305	39
0.304094758146004	21.6565577450833	39
0.312022323631314	21.6503757450355	39
0.320026946448543	21.6442938511964	39
0.328107362574954	21.6383130239677	39
0.336262296019164	21.6324342077913	39
0.344490459022651	21.6266583310004	39
0.352790552263091	21.620986305673	39
0.361161265059547	21.6154190274875	39
0.369601275579431	21.6099573755817	39
0.378109251047238	21.6046022124139	39
0.38668384795502	21.5993543836262	39
0.395323712274525	21.5942147179118	39
0.404027479671015	21.5891840268834	39
0.412793775718722	21.5842631049455	39
0.421621216117885	21.5794527291686	39
0.430508406913326	21.5747536591669	39
0.439453944714597	21.570166636978	39
0.44845641691758	21.5656923869459	39
0.457514401927558	21.5613316156065	39
0.466626469383687	21.5570850115762	39
0.475791180384888	21.552953245443	39
0.485007087717058	21.5489369696606	39
0.494272736081587	21.5450368184455	39
0.503586662325194	21.5412534076769	39
0.512947395670952	21.5375873347992	39
0.522353457950555	21.5340391787277	39
0.531803363837728	21.5306094997574	39
0.541295621082782	21.5272988394745	39
0.550828730748265	21.5241077206705	39
0.560401187445649	21.5210366472601	39
0.570011479573051	21.5180861042014	39
0.579658089553938	21.5152565574193	39
0.589339494076771	21.5125484537321	39
0.599054164335545	21.5099622207807	39
0.608800566271206	21.5074982669614	39
0.61857716081391	21.5051569813609	39
0.62838240412604	21.5029387336955	39
0.638214747846014	21.500843874252	39
0.648072639332774	21.4988727338333	39
0.657954521910984	21.497025623705	39
0.667858835116824	21.4953028355474	39
0.677784014944432	21.4937046414087	39
0.687728494092852	21.4922312936622	39
0.697690702213546	21.4908830249667	39
0.70766906615837	21.4896600482294	39
0.717662010227979	21.4885625565725	39
0.727667956420667	21.4875907233026	39
0.737685324681536	21.4867447018835	39
0.747712533152011	21.4860246259119	39
0.757747998419639	21.4854306090959	39
0.767790135768116	21.4849627452379	39
0.777837359427544	21.4846211082188	39
0.787888082824836	21.4844057519871	39
0.797940718834255	21.4843167105502	39
0.807993680028041	21.4843539979686	39
0.818045378927085	21.4845176083543	39
0.828094228251608	21.4848075158712	39
0.838138641171813	21.4852236747397	39
0.84817703155846	21.4857660192434	39
0.858207814233339	21.4864344637397	39
0.86822940521958	21.4872289026737	39
0.878240221991799	21.4881492105942	39
0.888238683725977	21.4891952421738	39
0.898223211549098	21.4903668322321	39
0.908192228788476	21.4916637957614	39
0.918144161220724	21.4930859279561	39
0.928077437320347	21.4946330042451	39
0.937990488507893	21.4963047803272	39
0.94788174939767	21.4981009922094	39
0.957749658044914	21.5000213562491	39
0.967592656192462	21.5020655691985	39
0.977409189516806	21.5042333082528	39
0.987197707873527	21.5065242311008	39
0.996956665542111	21.5089379759792	39
1.00668452147001	21.5114741617298	39
1.01637973951601	21.5141323878594	39
1.02604078869279	21.5169122346032	39
1.03963376410779	21.5209387906518	39
1.05108787832193	21.5243014314439	39
1.06254523736087	21.5276343732969	39
1.07400584122461	21.530937616211	39
1.08546968991316	21.534211160186	39
1.09693678342651	21.537455005222	39
1.10840712176467	21.540669151319	39
1.11988070492763	21.543853598477	39
1.13135753291539	21.547008346696	39
1.14283760572796	21.5501333959759	39
1.15432092336533	21.5532287463168	39
1.1658074858275	21.5562943977187	39
1.17729729311447	21.5593303501816	39
1.18879034522625	21.5623366037054	39
1.20028664216283	21.5653131582903	39
1.21178618392422	21.5682600139361	39
1.22328897051041	21.5711771706429	39
1.2347950019214	21.5740646284107	39
1.2463042781572	21.5769223872394	39
1.2578167992178	21.5797504471292	39
1.26933256510319	21.5825488080799	39
1.2808515758134	21.5853174700916	39
1.29237383134841	21.5880564331643	39
1.30389933170822	21.5907656972979	39
1.31542807689284	21.5934452624926	39
1.32696006690225	21.5960951287482	39
1.33849530173648	21.5987152960648	39
1.3500337813955	21.6013057644423	39
1.36157550587933	21.6038665338809	39
1.37312047518796	21.6063976043804	39
1.38466868932139	21.608898975941	39
1.39622014827963	21.6113706485625	39
1.40777485206267	21.6138126222449	39
1.41933280067052	21.6162248969884	39
1.43089399410317	21.6186074727928	39
1.44245843236062	21.6209603496582	39
1.45402611544287	21.6232835275846	39
1.46559704334993	21.625577006572	39
1.47717121608179	21.6278407866204	39
1.48874863363845	21.6300748677297	39
1.50032929601992	21.6322792499	39
1.51191320322619	21.6344539331313	39
1.52350035525727	21.6365989174236	39
1.53509075211314	21.6387142027769	39
1.54668439379383	21.6407997891911	39
1.55828128029931	21.6428556766663	39
1.56988141162959	21.6448818652025	39
1.58148478778469	21.6468783547997	39
1.59309140876458	21.6488451454579	39
1.60470127456928	21.650782237177	39
1.61631438519878	21.6526896299571	39
1.62793074065308	21.6545673237982	39
1.63955034093219	21.6564153187003	39
1.6511731860361	21.6582336146634	39
1.66279927596481	21.6600222116874	39
1.67442861071833	21.6617811097724	39
1.68606119029665	21.6635103089184	39
1.69769701469977	21.6652098091254	39
1.7093360839277	21.6668796103934	39
1.72097839798043	21.6685197127223	39
1.73262395685796	21.6701301161122	39
1.7442727605603	21.6717108205631	39
1.75592480908744	21.673261826075	39
1.76758010243938	21.6747831326479	39
1.77923864061613	21.6762747402817	39
1.79090042361768	21.6777366489765	39
1.80256545144403	21.6791688587323	39
1.81423372409519	21.6805713695491	39
1.82590524157115	21.6819441814269	39
1.83758000387191	21.6832872943656	39
1.84925801099747	21.6846007083653	39
1.86093926294784	21.685884423426	39
1.87262375972302	21.6871384395477	39
1.88431150132299	21.6883627567304	39
1.89600248774777	21.689557374974	39
1.90769671899735	21.6907222942787	39
1.91939419507174	21.6918575146443	39
1.93109491597093	21.6929630360708	39
1.94279888169492	21.6940388585584	39
1.95450609224372	21.6950849821069	39
1.96621654761732	21.6961014067165	39
1.97793024781572	21.697088132387	39
1.98964719283892	21.6980451591185	39
2.00136738268693	21.6989724869109	39
2.01309081735975	21.6998701157644	39
2.02481749685736	21.7007380456788	39
2.03654742117978	21.7015762766542	39
2.048280590327	21.7023848086906	39
2.06001700429903	21.7031636417879	39
2.07175666309585	21.7039127759463	39
2.08349956671749	21.7046322111656	39
2.09524571516392	21.7053219474459	39
2.10699510843516	21.7059819847872	39
2.1187477465312	21.7066123231894	39
2.13050362945205	21.7072129626527	39
2.1422627571977	21.7077839031769	39
2.15402512976815	21.7083251447621	39
2.1657907471634	21.7088366874083	39
2.17755960938346	21.7093185311155	39
2.18933171642832	21.7097706758836	39
2.20110706829799	21.7101931217127	39
2.21288566499246	21.7105858686028	39
2.22466750651173	21.7109489165539	39
2.2364525928558	21.711282265566	39
2.24824092402468	21.711585915639	39
2.26003250001836	21.7118598667731	39
2.27182732083685	21.7121041189681	39
2.28362538648013	21.712318672224	39
2.29542669694823	21.712503526541	39
2.30723125224112	21.712658681919	39
2.31903905235882	21.7127841383579	39
2.33085009730132	21.7128798958578	39
2.34266438706862	21.7129459544187	39
2.35448192166073	21.7129823140405	39
2.36630270107764	21.7129889747234	39
2.37812672531935	21.7129659364672	39
2.38995399438587	21.712913199272	39
2.40178450827719	21.7128307631378	39
2.41361826699332	21.7127186280646	39
2.42545527053424	21.7125767940523	39
2.43729551889997	21.712405261101	39
2.44913901209051	21.7122040292107	39
2.46098575010584	21.7119730983814	39
2.47283573294598	21.7117124686131	39
2.48468896061093	21.7114221399057	39
2.49654543310068	21.7111021122594	39
2.50840515041523	21.710752385674	39
2.52026811255458	21.7103729601496	39
2.53213431951874	21.7099638356861	39
2.5440037713077	21.7095250122837	39
2.55587646792146	21.7090564899422	39
2.56775240936003	21.7085582686617	39
2.5796315956234	21.7080303484422	39
2.59151402671157	21.7074727292837	39
2.60339970262455	21.7068854111861	39
2.61528862336233	21.7062683941495	39
2.62718078892491	21.7056216781739	39
2.6390761993123	21.7049452632593	39
2.65097485452448	21.7042391494057	39
2.66287675456148	21.703503336613	39
2.67478189942328	21.7027378248814	39
2.68669028910988	21.7019426142107	39
2.69860192362128	21.701117704601	39
2.71051680295749	21.7002630960522	39
2.72243492711849	21.6993787885645	39
2.73435629610431	21.6984647821377	39
2.74628090991492	21.6975210767719	39
2.75820876855034	21.6965476724671	39
2.77013987201056	21.6955445692233	39
2.78207422029559	21.6945117670404	39
2.79401181340542	21.6934492659186	39
2.80595265134005	21.6923570658577	39
2.81789673409949	21.6912351668578	39
2.82984406168373	21.6900835689188	39
2.84179463409277	21.6889022720409	39
2.85374845132661	21.6876912762239	39
2.86570551338527	21.6864505814679	39
2.87766582026872	21.6851801877729	39
2.88962937197697	21.6838800951389	39
2.90159616851003	21.6825503035658	39
2.91356620986789	21.6811908130538	39
2.92553949605056	21.6798016236027	39
2.93751602705803	21.6783827352126	39
2.9494958028903	21.6769341478834	39
2.96147882354737	21.6754558616153	39
2.97346508902925	21.6739478764081	39
2.98545459933593	21.6724101922619	39
2.99744735446742	21.6708428091767	39
3.00944335442371	21.6692457271525	39
3.0214425992048	21.6676189461892	39
3.03344508881069	21.665962466287	39
3.04545082324139	21.6642762874457	39
3.05745980249689	21.6625604096654	39
3.0694720265772	21.660814832946	39
3.08148749548231	21.6590395572877	39
3.09350620921222	21.6572345826903	39
3.10552816776693	21.6553999091539	39
3.11755337114645	21.6535355366785	39
3.12958181935077	21.6516414652641	39
3.1416135123799	21.6497176949106	39
3.15364845023382	21.6477642256182	39
3.16568663291255	21.6457810573867	39
3.17772806041609	21.6437681902162	39
3.18977273274443	21.6417256241066	39
3.20182064989757	21.6396533590581	39
3.21387181187551	21.6375513950705	39
3.22592621867826	21.6354197321439	39
3.23798387030581	21.6332583702783	39
3.25004476675817	21.6310673094737	39
3.26210890803532	21.6288465497301	39
3.27417629413728	21.6265960910474	39
3.28624692506405	21.6243159334257	39
3.29832080081561	21.622006076865	39
3.31039792139198	21.6196665213653	39
3.32247828679316	21.6172972669265	39
3.33456189701914	21.6148983135488	39
3.34664875206992	21.612469661232	39
3.3587388519455	21.6100113099762	39
3.37083219664589	21.6075232597813	39
3.38292878617108	21.6050055106475	39
3.39502862052107	21.6024580625746	39
3.40713169969587	21.5998809155627	39
3.41923802369547	21.5972740696118	39
3.43134759251987	21.5946375247219	39
3.44346040616908	21.591971280893	39
3.45557646464309	21.589275338125	39
3.4676957679419	21.586549696418	39
3.47981831606552	21.583794355772	39
3.49194410901394	21.581009316187	39
3.50407314678716	21.5781945776629	39
3.51620542938519	21.5753501401999	39
3.52834095680802	21.5724760037978	39
3.54047972905565	21.5695721684567	39
3.55262174612809	21.5666386341765	39
3.56476700802533	21.5636754009574	39
3.57691551474737	21.5606824687992	39
3.58906726629422	21.5576598377021	39
3.60122226266586	21.5546075076658	39
3.61338050386232	21.5515254786906	39
3.62554198988358	21.5484137507764	39
3.63770672072964	21.5452723239231	39
3.6498746964005	21.5421011981308	39
3.66204591689616	21.5389003733995	39
3.67422038221663	21.5356698497292	39
3.68639809236191	21.5324096271199	39
3.69857904733198	21.5291197055715	39
3.71076324712686	21.5258000850841	39
3.72295069174654	21.5224507656577	39
3.73514138119103	21.5190717472923	39
3.74733531546032	21.5156630299878	39
3.75953249455441	21.5122246137444	39
3.7717329184733	21.5087564985619	39
3.78393658721701	21.5052586844404	39
3.7961435007855	21.5017311713799	39
3.80835365917881	21.4981739593803	39
3.82056706239692	21.4945870484418	39
3.83278371043983	21.4909704385642	39
3.84500360330755	21.4873241297476	39
3.85722674100007	21.4836481219919	39
3.86945312351739	21.4799424152973	39
3.88168275085951	21.4762070096636	39
3.89391562302644	21.472441905091	39
3.90615174001817	21.4686471015793	39
3.91839110183471	21.4648225991285	39
3.93063370847604	21.4609683977388	39
3.94287955994218	21.45708449741	39
3.95512865623313	21.4531708981422	39
3.96738099734888	21.4492275999354	39
3.97963658328943	21.4452546027896	39
3.99189541405479	21.4412519067048	39
4.00415748964495	21.4372195116809	39
4.01642281005991	21.433157417718	39
4.02869137529967	21.4290656248161	39
4.04096318536424	21.4249441329752	39
4.05323824025361	21.4207929421953	39
4.06551653996778	21.4166120524763	39
4.07779808450676	21.4124014638183	39
4.09008287387054	21.4081611762213	39
4.10237090805913	21.4038911896853	39
4.11466218707251	21.3995915042103	39
4.1269567109107	21.3952621197962	39
4.1392544795737	21.3909030364431	39
4.15155549306149	21.386514254151	39
4.1638597513741	21.3820957729199	39
4.1761672545115	21.3776475927498	39
4.18847800247371	21.3731697136406	39
4.20079199526072	21.3686621355924	39
4.21310923287253	21.3641248586052	39
4.22542971530915	21.359557882679	39
4.23775344257057	21.3549612078138	39
4.25008041465679	21.3503348340095	39
4.26241063156782	21.3456787612662	39
4.27474409330365	21.3409929895839	39
4.28708079986428	21.3362775189626	39
4.29942075124972	21.3315323494023	39
4.31176394745997	21.3267574809029	39
4.32411038849501	21.3219529134645	39
4.33646007435485	21.3171186470871	39
4.3488130050395	21.3122546817707	39
4.36116918054896	21.3073610175153	39
4.37352860088321	21.3024376543208	39
4.38589126604227	21.2974845921873	39
4.39825717602614	21.2925018311148	39
4.4106263308348	21.2874893711033	39
4.42299873046827	21.2824472121528	39
4.43537437492655	21.2773753542632	39
4.44775326420962	21.2722737974346	39
4.4601353983175	21.267142541667	39
4.47252077725019	21.2619815869604	39
4.48490940100767	21.2567909333148	39
4.49730126958996	21.2515705807301	39
4.50969638299706	21.2463205292064	39
4.52209474122895	21.2410407787437	39
4.53449634428565	21.235731329342	39
4.54690119216716	21.2303921810013	39
4.55930928487346	21.2250233337215	39
4.57172062240457	21.2196247875027	39
4.58413520476048	21.2141965423449	39
4.5965530319412	21.2087385982481	39
4.60897410394671	21.2032509552123	39
4.62139842077703	21.1977336132374	39
4.63382598243216	21.1921865723236	39
4.64625678891209	21.1866098324707	39
4.65869084021683	21.1810033936787	39
4.67112813634636	21.1753672559478	39
4.6835686773007	21.1697014192778	39
4.69601246307984	21.1640058836689	39
4.70845949368378	21.1582806491209	39
4.72090976911254	21.1525257156339	39
4.73336328936609	21.1467410832078	39
4.74582005444444	21.1409267518428	39
4.7582800643476	21.1350827215387	39
4.77074331907556	21.1292089922956	39
4.78320981862833	21.1233055641135	39
4.7956795630059	21.1173724369923	39
4.80815255220827	21.1114096109322	39
4.82062878623545	21.105417085933	39
4.83310826508743	21.0993948619948	39
4.8455909887642	21.0933429391176	39
4.85807695726579	21.0872613173014	39
4.87056617059218	21.0811499965461	39
4.88305862874337	21.0750089768518	39
4.89555433171936	21.0688382582185	39
4.90805327952016	21.0626378406462	39
4.92055547214576	21.0564077241349	39
4.93306090959616	21.0501479086845	39
4.94556959187138	21.0438583942952	39
4.95808151897139	21.0375391809668	39
4.9705966908962	21.0311902686993	39
4.98311510764582	21.0248116574929	39
4.99563676922024	21.0184033473475	39
5.00816167561946	21.011965338263	39
5.02068982684349	21.0054976302395	39
5.03322122289232	20.999000223277	39
5.04575586376595	20.9924731173754	39
5.05829374946439	20.9859163125349	39
5.07083487998764	20.9793298087553	39
5.08337925533568	20.9727136060367	39
5.09592687550852	20.9660677043791	39
5.10847774050617	20.9593921037825	39
5.12103185032863	20.9526868042468	39
5.13358920497588	20.9459518057721	39
5.14614980444795	20.9391871083584	39
5.15871364874481	20.9323927120057	39
5.17128073786647	20.925568616714	39
5.18385107181295	20.9187148224832	39
5.19642465058423	20.9118313293135	39
5.2090014741803	20.9049181372047	39
5.22158154260118	20.8979752461569	39
5.23416485584686	20.89100265617	39
5.24675141391735	20.8840003672442	39
5.25934121681264	20.8769683793793	39
5.27193426453273	20.8699066925754	39
5.28453055707763	20.8628153068325	39
5.29713009444733	20.8556942221506	39
5.30973287664184	20.8485434385296	39
5.32233890366114	20.8413629559697	39
5.33494817550525	20.8341527744707	39
5.34756069217416	20.8269128940326	39
5.36017645366788	20.8196433146556	39
5.3727954599864	20.8123440363396	39
5.38541771112973	20.8050150590845	39
5.39804320709785	20.7976563828904	39
5.41067194789078	20.7902680077573	39
5.42330393350851	20.7828499336852	39
5.43593916395105	20.775402160674	39
5.44857763921839	20.7679246887238	39
5.46121935931053	20.7604175178346	39
5.47386432422748	20.7528806480064	39
5.48651253396923	20.7453140792392	39
5.49916398853578	20.737717811533	39
5.51181868792713	20.7300918448877	39
5.52447663214329	20.7224361793034	39
5.53713782118425	20.7147508147801	39
5.54980225505002	20.7070357513177	39
5.56246993374059	20.6992909889164	39
5.57514085725596	20.691516527576	39
5.58781502559614	20.6837123672966	39
5.60049243876112	20.6758785080782	39
5.6131730967509	20.6680149499208	39
5.62585699956549	20.6601216928243	39
5.63854414720488	20.6521987367889	39
5.65123453966907	20.6442460818144	39
5.66392817695806	20.6362637279009	39
5.67662505907186	20.6282516750483	39
5.68932518601046	20.6202099232568	39
5.70202855777386	20.6121384725262	39
5.71473517436208	20.6040373228566	39
5.72744503577508	20.595906474248	39
5.7401581420129	20.5877459267004	39
5.75287449307552	20.5795556802138	39
5.76559408896294	20.5713357347881	39
5.77831692967516	20.5630860904234	39
5.7910430152122	20.5548067471197	39
5.80377234557402	20.546497704877	39
5.81650492076066	20.5381589636952	39
5.8292407407721	20.5297905235744	39
5.84197980560834	20.5213923845147	39
5.85472211526939	20.5129645465158	39
5.86746766975524	20.504507009578	39
5.88021646906589	20.4960197737012	39
5.89296851320134	20.4875028388853	39
5.9057238021616	20.4789562051304	39
5.91848233594666	20.4703798724365	39
5.93124411455652	20.4617738408036	39
5.94400913799119	20.4531381102316	39
5.95677740625066	20.4444726807207	39
5.96954891933493	20.4357775522707	39
5.98232367724401	20.4270527248817	39
5.99510167997789	20.4182981985536	39
6.00788292753658	20.4095139732866	39
6.02066741992007	20.4007000490805	39
6.03345515712836	20.3918564259354	39
6.04624613916145	20.3829831038513	39
6.05904036601935	20.3740800828282	39
6.07183783770205	20.3651473628661	39
6.08463855420955	20.3561849439649	39
6.09744251554186	20.3471928261247	39
6.11024972169897	20.3381710093455	39
6.12306017268089	20.3291194936273	39
6.1358738684876	20.32003827897	39
6.14869080911912	20.3109273653738	39
6.16151099457544	20.3017867528385	39
6.17433442485657	20.2926164413642	39
6.1871610999625	20.2834164309508	39
6.19999101989323	20.2741867215985	39
6.21282418464877	20.2649273133071	39
6.22566059422911	20.2556382060767	39
6.23850024863425	20.2463193999073	39
6.2513431478642	20.2369708947989	39
6.26418929191895	20.2275926907515	39
6.2770386807985	20.218184787765	39
6.28989131450286	20.2087471858395	39
6.30274719303202	20.199279884975	39
6.31560631638598	20.1897828851715	39
6.32846868456475	20.1802561864289	39
6.34133429756832	20.1706997887474	39
6.3542031553967	20.1611136921268	39
6.36707525804987	20.1514978965672	39
6.37995060552785	20.1418524020686	39
6.39282919783063	20.1321772086309	39
6.40571103495822	20.1224723162543	39
6.41859611691061	20.1127377249386	39
6.4314844436878	20.1029734346839	39
6.4443760152898	20.0931794454901	39
6.45727083171659	20.0833557573574	39
6.4701688929682	20.0735023702856	39
6.4830701990446	20.0636192842748	39
6.49597474994581	20.053706499325	39
6.50888254567182	20.0437640154362	39
6.52179358622264	20.0337918326084	39
6.53470787159826	20.0237899508415	39
6.54762540179868	20.0137583701356	39
6.56054617682391	20.0036970904907	39
6.57347019667394	19.9936061119068	39
6.58639746134877	19.9834854343839	39
6.59932797084841	19.9733350579219	39
6.61226172517284	19.9631549825209	39
6.62519872432208	19.9529452081809	39
6.63813896829613	19.9427057349019	39
6.65108245709498	19.9324365626838	39
6.66402919071863	19.9221376915268	39
6.67697916916708	19.9118091214307	39
6.68993239244035	19.9014508523956	39
6.7028888605384	19.8910628844215	39
6.71584857346127	19.8806452175083	39
6.72881153120894	19.8701978516562	39
6.74177773378141	19.859720786865	39
6.75474718117869	19.8492140231348	39
6.76771987340076	19.8386775604656	39
6.78069581044765	19.8281113988573	39
6.79367499231933	19.8175155383101	39
6.80665741901581	19.8068899788238	39
6.81964309053711	19.7962347203985	39
6.8326320068832	19.7855497630342	39
6.8456241680541	19.7748351067308	39
6.8586195740498	19.7640907514885	39
6.8716182248703	19.7533166973071	39
6.88462012051561	19.7425129441867	39
6.89762526098573	19.7316794921273	39
6.91063364628064	19.7208163411288	39
6.92364527640036	19.7099234911914	39
6.93666015134487	19.6990009423149	39
6.9496782711142	19.6880486944994	39
6.96269963570833	19.6770667477449	39
6.97572424512726	19.6660551020513	39
6.98875209937099	19.6550137574188	39
7.00178319843953	19.6439427138472	39
7.01481754233287	19.6328419713366	39
7.02785513105102	19.621711529887	39
7.04089596459396	19.6105513894983	39
7.05394004296171	19.5993615501707	39
7.06698736615427	19.588142011904	39
7.08003793417162	19.5768927746983	39
7.09309174701378	19.5656138385536	39
7.10614880468075	19.5543052034698	39
7.11920910717252	19.5429668694471	39
7.13227265448909	19.5315988364853	39
7.14533944663046	19.5202011045845	39
7.15840948359664	19.5087736737447	39
7.17148276538762	19.4973165439658	39
7.1845592920034	19.485829715248	39
7.19763906344399	19.4743131875911	39
7.21072207970938	19.4627669609952	39
7.22380834079957	19.4511910354603	39
7.23689784671456	19.4395854109863	39
7.24999059745436	19.4279500875734	39
7.26308659301897	19.4162850652214	39
7.27618583340838	19.4045903439304	39
7.28928831862258	19.3928659237004	39
7.3023940486616	19.3811118045313	39
7.31550302352542	19.3693279864233	39
7.32861524321403	19.3575144693762	39
7.34173070772746	19.3456712533901	39
7.35484941706568	19.333798338465	39
7.36797137122871	19.3218957246008	39
7.38109657021654	19.3099634117977	39
7.39422501402918	19.2980014000555	39
7.40735670266662	19.2860096893743	39
7.42049163612887	19.2739882797541	39
7.43362981441591	19.2619371711949	39
7.44677123752776	19.2498563636966	39
7.45991590546441	19.2377458572593	39
7.47306381822587	19.225605651883	39
7.48621497581212	19.2134357475677	39
7.49936937822319	19.2012361443134	39
7.51252702545905	19.18900684212	39
7.52568791751972	19.1767478409876	39
7.53885205440519	19.1644591409162	39
7.55201943611547	19.1521407419058	39
7.56519006265054	19.1397926439564	39
7.57836393401043	19.1274148470679	39
7.59154105019511	19.1150073512405	39
7.6047214112046	19.102570156474	39
7.61790501703889	19.0901032627685	39
7.63109186769799	19.0776066701239	39
7.64428196318189	19.0650803785404	39
7.65747530349059	19.0525243880178	39
7.67067188862409	19.0399386985562	39
7.6838717185824	19.0273233101556	39
7.69707479336552	19.0146782228159	39
7.71028111297343	19.0020034365373	39
7.72349067740615	18.9892989513196	39
7.73670348666367	18.9765647671629	39
7.74991954074599	18.9638008840672	39
7.76313883965312	18.9510073020325	39
7.77636138338505	18.9381840210587	39
7.78958717194179	18.9253310411459	39
7.80281620532332	18.9124483622941	39
7.81604848352967	18.8995359845033	39
7.82928400656081	18.8865939077735	39
7.84252277441676	18.8736221321046	39
7.85576478709751	18.8606206574968	39
7.86901004460307	18.8475894839499	39
7.88225854693342	18.834528611464	39
7.89551029408858	18.821438040039	39
7.90876528606855	18.8083177696751	39
7.92202352287332	18.7951678003721	39
7.93528500450289	18.7819881321301	39
7.94854973095726	18.7687787649491	39
7.96181770223644	18.7555396988291	39
7.97508891834042	18.74227093377	39
7.9883633792692	18.7289724697719	39
8.00164108502279	18.7156443068348	39
8.01492203560118	18.7022864449587	39
8.02820623100437	18.6888988841436	39
8.04149367123237	18.6754816243894	39
8.05478435628518	18.6620346656963	39
8.06807828616277	18.6485580080641	39
8.08137546086518	18.6350516514929	39
8.09467588039239	18.6215155959826	39
8.1079795447444	18.6079498415334	39
8.12128645392122	18.5943543881451	39
8.13459660792284	18.5807292358178	39
8.14791000674926	18.5670743845515	39
8.16122665040049	18.5533898343462	39
8.17454653887652	18.5396755852018	39
8.18786967217736	18.5259316371184	39
8.20119605030299	18.512157990096	39
8.21452567325343	18.4983546441346	39
8.22785854102867	18.4845215992342	39
8.24119465362872	18.4706588553948	39
8.25453401105357	18.4567664126163	39
8.26787661330322	18.4428442708988	39
8.28122246037768	18.4288924302423	39
8.29457155227694	18.4149108906467	39
8.307923889001	18.4008996521122	39
8.32127947054987	18.3868587146386	39
8.33463829692354	18.372788078226	39
8.34800036812201	18.3586877428744	39
8.36136568414529	18.3445577085838	39
8.37473424499336	18.3303979753541	39
8.38810605066625	18.3162085431855	39
8.40148110116393	18.3019894120778	39
8.41485939648643	18.2877405820311	39
8.42824093663372	18.2734620530453	39
8.44162572160581	18.2591538251206	39
8.45501375140271	18.2448158982568	39
8.46840502602441	18.230448272454	39
8.48179954547092	18.2160509477122	39
8.49519730974223	18.2016239240314	39
8.50859831883834	18.1871672014115	39
8.52200257275926	18.1726807798527	39
8.53541007150498	18.1581646593548	39
8.54882081507549	18.1436188399179	39
8.56223480347082	18.1290433215419	39
8.57565203669095	18.114438104227	39
8.58907251473588	18.099803187973	39
8.60249623760561	18.08513857278	39
8.61592320530016	18.070444258648	39
8.62935341781949	18.055720245577	39
8.64278687516364	18.040966533567	39
8.65622357733259	18.0261831226179	39
8.66966352432635	18.0113700127298	39
8.67638471463252	18.0039523206836	39
8.6831067161449	17.9965272039027	39
8.68982952886348	17.989094662387	39
8.69655315278825	17.9816546961366	39
8.70327758791924	17.9742073051514	39
8.71000283425642	17.9667524894314	39
8.7167288917998	17.9592902489767	39
8.72345576054938	17.9518205837872	39
8.73018344050517	17.944343493863	39
8.73691193166715	17.9368589792041	39
8.74364123403534	17.9293670398103	39
8.75037134760972	17.9218676756818	39
8.75710227239031	17.9143608868186	39
8.7638340083771	17.9068466732206	39
8.77056655557008	17.8993250348879	39
8.77729991396927	17.8917959718204	39
8.78403408357466	17.8842594840181	39
8.79076906438625	17.8767155714811	39
8.79750485640405	17.8691642342093	39
8.80424145962804	17.8616054722028	39
8.81097887405823	17.8540392854615	39
8.81771709969463	17.8464656739855	39
8.82445613653722	17.8388846377747	39
8.83119598458602	17.8312961768292	39
8.83793664384102	17.8237002911489	39
8.84467811430221	17.8160969807338	39
8.85142039596961	17.808486245584	39
8.85816348884321	17.8008680856995	39
8.86490739292301	17.7932425010801	39
8.87165210820901	17.7856094917261	39
8.87839763470121	17.7779690576373	39
8.88514397239962	17.7703211988137	39
8.89189112130422	17.7626659152553	39
8.89863908141502	17.7550032069622	39
8.90538785273203	17.7473330739344	39
8.91213743525524	17.7396555161718	39
8.91888782898464	17.7319705336744	39
8.92563903392025	17.7242781264423	39
8.93239105006206	17.7165782944755	39
8.93914387741007	17.7088710377738	39
8.94589751596428	17.7011563563375	39
8.95265196572469	17.6934342501663	39
8.9594072266913	17.6857047192604	39
8.96616329886411	17.6779677636198	39
8.97292018224312	17.6702233832444	39
8.97967787682834	17.6624715781343	39
8.98643638261975	17.6547123482894	39
8.99319569961737	17.6469456937097	39
8.99995582782118	17.6391716143953	39
9.0067167672312	17.6313901103461	39
9.01347851784742	17.6236011815622	39
9.02024107966984	17.6158048280435	39
9.02700445269846	17.6080010497901	39
9.03376863693328	17.6001898468019	39
9.0405336323743	17.5923712190789	39
9.04729943902152	17.5845451666212	39
9.05406605687494	17.5767116894288	39
9.06083348593457	17.5688707875016	39
9.06760172620039	17.5610224608396	39
9.07437077767242	17.5531667094429	39
9.08114064035065	17.5453035333114	39
9.08791131423508	17.5374329324452	39
9.0946827993257	17.5295549068442	39
9.10145509562253	17.5216694565084	39
9.10822820312556	17.513776581438	39
9.11500212183479	17.5058762816327	39
9.12177685175022	17.4979685570927	39
9.12855239287185	17.4900534078179	39
9.13532874519969	17.4821308338084	39
9.14210590873372	17.4742008350642	39
9.14888388347396	17.4662634115851	39
9.15566266942039	17.4583185633713	39
9.16244226657303	17.4503662904228	39
9.16922267493187	17.4424065927395	39
9.1760038944969	17.4344394703215	39
9.18278592526814	17.4264649231687	39
9.18956876724558	17.4184829512811	39
9.19635242042922	17.4104935546588	39
9.20313688481906	17.4024967333017	39
9.2099221604151	17.3944924872099	39
9.21670824721735	17.3864808163834	39
9.22349514522579	17.378461720822	39
9.23028285444044	17.3704352005259	39
9.23707137486128	17.3624012554951	39
9.24386070648833	17.3543598857295	39
9.25065084932157	17.3463110912292	39
9.25744180336102	17.338254871994	39
9.26423356860667	17.3301912280242	39
9.27102614505852	17.3221201593196	39
9.27781953271657	17.3140416658802	39
9.28461373158082	17.3059557477061	39
9.29140874165127	17.2978624047972	39
9.29820456292793	17.2897616371536	39
9.30500119541077	17.2816534447752	39
9.31179863909983	17.273537827662	39
9.31859689399509	17.2654147858141	39
9.32539596009654	17.2572843192315	39
9.3321958374042	17.2491464279141	39
9.33899652591806	17.2410011118619	39
9.34579802563812	17.232848371075	39
9.35260033656437	17.2246882055533	39
9.35940345869684	17.2165206152969	39
9.3662073920355	17.2083456003057	39
9.37301213658036	17.2001631605798	39
9.37981769233142	17.1919732961191	39
9.38662405928869	17.1837760069236	39
9.39343123745215	17.1755712929934	39
9.40023922682182	17.1673591543285	39
9.40704802739768	17.1591395909287	39
9.41385763917975	17.1509126027943	39
9.42066806216801	17.142678189925	39
9.42747929636248	17.1344363523211	39
9.43429134176315	17.1261870899823	39
9.44110419837002	17.1179304029088	39
9.44791786618309	17.1096662911006	39
9.45473234520237	17.1013947545576	39
9.46154763542783	17.0931157932798	39
9.46836373685951	17.0848294072673	39
9.47518064949738	17.0765355965201	39
9.48199837334146	17.0682343610381	39
9.48881690839173	17.0599257008213	39
9.49563625464821	17.0516096158697	39
9.50245641211089	17.0432861061835	39
9.50927738077976	17.0349551717624	39
9.51609916065485	17.0266168126066	39
9.52292175173613	17.0182710287161	39
9.52974515402361	17.0099178200908	39
9.53656936751729	17.0015571867307	39
9.54339439221717	16.9931891286359	39
9.55022022812325	16.9848136458063	39
9.55704687523554	16.976430738242	39
9.56387433355402	16.9680404059429	39
9.57070260307871	16.9596426489091	39
9.57753168380959	16.9512374671405	39
9.58436157574668	16.9428248606372	39
9.59119227888997	16.9344048293991	39
9.59802379323946	16.9259773734262	39
9.60485611879515	16.9175424927186	39
9.61168925555704	16.9091001872762	39
9.61852320352513	16.9006504570991	39
9.62535796269942	16.8921933021873	39
9.63219353307991	16.8837287225406	39
9.63902991466661	16.8752567181592	39
9.6458671074595	16.8667772890431	39
9.65270511145859	16.8582904351922	39
9.65954392666389	16.8497961566066	39
9.66638355307539	16.8412944532862	39
9.67322399069309	16.832785325231	39
9.68006523951698	16.8242687724411	39
9.68690729954709	16.8157447949164	39
9.69375017078338	16.807213392657	39
9.70059385322589	16.7986745656628	39
9.70743834687459	16.7901283139339	39
9.7142836517295	16.7815746374702	39
9.72112976779059	16.7730135362718	39
9.7279766950579	16.7644450103386	39
9.73482443353141	16.7558690596706	39
9.74167298321111	16.7472856842679	39
9.74852234409702	16.7386948841304	39
9.75537251618913	16.7300966592582	39
9.76222349948744	16.7214910096512	39
9.76907529399195	16.7128779353095	39
9.77592789970266	16.704257436233	39
9.78278131661957	16.6956295124218	39
9.78963554474268	16.6869941638758	39
9.79649058407199	16.678351390595	39
9.8033464346075	16.6697011925795	39
9.81020309634922	16.6610435698293	39
9.81706056929713	16.6523785223443	39
9.82391885345125	16.6437060501245	39
9.83077794881157	16.63502615317	39
9.83763785537808	16.6263388314807	39
9.8444985731508	16.6176440850567	39
9.85136010212972	16.6089419138979	39
9.85822244231484	16.6002323180043	39
9.86508559370616	16.591515297376	39
9.87194955630368	16.582790852013	39
9.87881433010741	16.5740589819152	39
9.88567991511733	16.5653196870826	39
9.89254631133345	16.5565729675153	39
9.89941351875578	16.5478188232132	39
9.90628153738431	16.5390572541764	39
9.91315036721903	16.5302882604048	39
9.92002000825996	16.5215118418985	39
9.92689046050709	16.5127279986574	39
9.93376172396042	16.5039367306815	39
9.94063379861995	16.4951380379709	39
9.94750668448567	16.4863319205256	39
9.95438038155761	16.4775183783455	39
9.96125488983574	16.4686974114306	39
9.96813020932007	16.459869019781	39
9.97500634001061	16.4510332033966	39
9.98188328190734	16.4421899622775	39
9.98876103501028	16.4333392964236	39
9.99563959931942	16.4244812058349	39
10.0025189748348	16.4156156905115	39
10.0093991615563	16.4067427504534	39
10.016280159484	16.3978623856605	39
10.023161968618	16.3889745961328	39
10.0300445889581	16.3800793818704	39
10.0369280205045	16.3711767428732	39
10.043812263257	16.3622666791413	39
10.0506973172157	16.3533491906746	39
10.0575831823807	16.3444242774732	39
10.0644698587518	16.335491939537	39
10.0713573463292	16.326552176866	39
10.0782456451127	16.3176049894603	39
10.0851347551025	16.3086503773199	39
10.0920246762984	16.2996883404447	39
10.0989154087006	16.2907188788347	39
10.1058069523089	16.28174199249	39
10.1126993071235	16.2727576814105	39
10.1195924731442	16.2637659455963	39
10.1264864503712	16.2547667850473	39
10.1333812388043	16.2457601997636	39
10.1402768384437	16.2367461897451	39
10.1471732492892	16.2277247549918	39
10.154070471341	16.2186958955038	39
10.1609685045989	16.209659611281	39
10.1678673490631	16.2006159023235	39
10.1747670047335	16.1915647686312	39
10.18166747161	16.1825062102042	39
10.1885687496928	16.1734402270424	39
10.1954708389817	16.1643668191459	39
10.2023737394769	16.1552859865146	39
10.2092774511783	16.1461977291486	39
10.2161819740858	16.1371020470478	39
10.2230873081996	16.1279989402122	39
10.2299934535195	16.1188884086419	39
10.2369004100457	16.1097704523368	39
10.2438081777781	16.100645071297	39
10.2507167567166	16.0915122655224	39
10.2576261468614	16.0823720350131	39
10.2645363482124	16.073224379769	39
10.2714473607695	16.0640692997902	39
10.2783591845329	16.0549067950766	39
10.2852718195025	16.0457368656282	39
10.2921852656783	16.0365595114451	39
10.2990995230602	16.0273747325273	39
10.3060145916484	16.0181825288746	39
10.3129304714428	16.0089829004873	39
10.3198471624434	15.9997758473651	39
10.3267646646501	15.9905613695083	39
10.3336829780631	15.9813394669166	39
10.3406021026823	15.9721101395902	39
10.3475220385077	15.9628733875291	39
10.3544427855392	15.9536292107332	39
10.361364343777	15.9443776092025	39
10.368286713221	15.9351185829371	39
10.3752098938712	15.925852131937	39
10.3821338857276	15.916578256202	39
10.3890586887902	15.9072969557324	39
10.3959843030589	15.8980082305279	39
10.4029107285339	15.8887120805887	39
10.4098379652151	15.8794085059148	39
10.4167660131025	15.8700975065061	39
10.4236948721961	15.8607790823627	39
10.4306245424959	15.8514532334844	39
10.4375550240019	15.8421199598715	39
10.4444863167141	15.8327792615238	39
10.4514184206324	15.8234311384413	39
10.458351335757	15.8140755906241	39
10.4652850620878	15.8047126180721	39
10.4722195996248	15.7953422207854	39
10.479154948368	15.7859643987639	39
10.4860911083174	15.7765791520076	39
10.493028079473	15.7671864805166	39
10.4999658618348	15.7577863842909	39
10.5069044554028	15.7483788633304	39
10.513843860177	15.7389639176351	39
10.5207840761574	15.7295415472051	39
10.527725103344	15.7201117520403	39
10.5346669417368	15.7106745321408	39
10.5416095913358	15.7012298875065	39
10.548553052141	15.6917778181374	39
10.5554973241524	15.6823183240336	39
10.56244240737	15.6728514051951	39
10.5693883017938	15.6633770616218	39
10.5763350074238	15.6538952933137	39
10.58328252426	15.6444061002709	39
10.5902308523024	15.6349094824933	39
10.597179991551	15.625405439981	39
10.6041299420058	15.6158939727339	39
10.6110807036669	15.6063750807521	39
10.6180322765341	15.5968487640355	39
10.6249846606075	15.5873150225842	39
10.6319378558871	15.5777738563981	39
10.6388918623729	15.5682252654772	39
10.6458466800649	15.5586692498216	39
10.6528023089631	15.5491058094312	39
10.6597587490675	15.5395349443061	39
10.6667160003782	15.5299566544462	39
10.673674062895	15.5203709398516	39
10.680632936618	15.5107778005222	39
10.6875926215472	15.5011772364581	39
10.6945531176826	15.4915692476592	39
10.7015144250243	15.4819538341255	39
10.7084765435721	15.4723309958571	39
10.7154394733261	15.462700732854	39
10.7224032142863	15.4530630451161	39
10.7293677664527	15.4434179326434	39
10.7363331298254	15.433765395436	39
10.7432993044042	15.4241054334938	39
10.7502662901892	15.4144380468168	39
10.7572340871805	15.4047632354052	39
10.7642026953779	15.3950809992587	39
10.7711721147815	15.3853913383775	39
10.7781423453913	15.3756942527616	39
10.7851133872074	15.3659897424109	39
10.7920852402296	15.3562778073254	39
10.799057904458	15.3465584475052	39
10.8060313798927	15.3368316629502	39
10.8130056665335	15.3270974536605	39
10.8199807643805	15.317355819636	39
10.8269566734338	15.3076067608767	39
10.8339333936932	15.2978502773827	39
10.8409109251588	15.288086369154	39
10.8478892678307	15.2783150361905	39
10.8548684217087	15.2685362784922	39
10.861848386793	15.2587500960592	39
10.8688291630834	15.2489564888914	39
10.87581075058	15.2391554569889	39
10.8827931492829	15.2293470003516	39
10.8897763591919	15.2195311189796	39
10.8967603803072	15.2097078128728	39
10.9037452126286	15.1998770820313	39
10.9107308561563	15.190038926455	39
10.9173637937546	15.1808786631054	39
10.9241682096989	15.1718450475792	39
10.9311416864125	15.162941289477	39
10.9382817462525	15.1541705522618	39
10.9455858523894	15.1455359521345	39
10.9530514097093	15.1370405569276	39
10.9606757657351	15.1286873850145	39
10.9684562115694	15.1204794042375	39
10.976389982857	15.112419530853	39
10.9844742607665	15.1045106284956	39
10.9927061729926	15.0967555071607	39
11.0010827947761	15.089156922206	39
11.0096011499431	15.0817175733725	39
11.0182582119626	15.0744401038254	39
11.0270509050217	15.0673270992151	39
11.0359761051184	15.0603810867582	39
11.0450306411716	15.0536045343398	39
11.0542112961477	15.0469998496368	39
11.0635148082038	15.0405693792622	39
11.0729378718464	15.0343154079314	39
11.0824771391057	15.0282401576508	39
11.0921292207256	15.0223457869278	39
11.1018906873674	15.0166343900042	39
11.1117580708286	15.0111079961123	39
11.1217278652746	15.0057685687533	39
11.1317965284851	15.0006180050006	39
11.1419604831119	14.9956581348247	39
11.1522161179504	14.990890720444	39
11.1625597892223	14.9863174556982	39
11.1729878218705	14.9819399654463	39
11.1834965108647	14.9777598049899	39
11.1940821225177	14.97377845952	39
11.204740895812	14.9699973435898	39
11.2154690437363	14.9664178006117	39
11.2262627546306	14.9630411023803	39
11.237118193541	14.9598684486204	39
11.2480315035817	14.9569009665607	39
11.2589988073055	14.9541397105336	39
11.2700162080817	14.9515856616001	39
11.2810797914802	14.9492397272017	39
11.2921856266625	14.9471027408377	39
11.3033297677783	14.9451754617691	39
11.3145082553674	14.943458574749	39
11.3257171177662	14.9419526897793	39
11.3369523725193	14.9406583418937	39
11.3482100277943	14.9395759909678	39
11.3594860837999	14.9387060215557	39
11.3707765342069	14.9380487427535	39
11.3820773675722	14.9376043880892	39
11.3933845687634	14.9373731154398	39
11.4046941203859	14.9373550069755	39
11.4160020042097	14.93755006913	39
11.4273042025976	14.9379582325988	39
11.4385966999324	14.9385793523633	39
11.4498754840435	14.9394132077426	39
11.4611365476325	14.9404595024718	39
11.4723758896973	14.9417178648075	39
11.4835895169532	14.9431878476595	39
11.4947734452516	14.9448689287498	39
11.5059237009963	14.9467605107984	39
11.5170363225543	14.9488619217351	39
11.5281073616643	14.9511724149387	39
11.5391328848386	14.953691169502	39
11.5501089747614	14.9564172905233	39
11.5610317316803	14.959349809425	39
11.5718972747917	14.962487684297	39
11.5827017436198	14.9658298002673	39
11.5934412993884	14.9693749698981	39
11.6041121263844	14.9731219336073	39
11.6147104333139	14.9770693601167	39
11.6252324546487	14.9812158469245	39
11.6356744519649	14.9855599208035	39
11.6460327152704	14.9901000383251	39
11.6563035643238	14.9948345864071	39
11.6664833499412	14.9997618828871	39
11.6765684552932	15.0048801771202	39
11.68655529719	15.0101876506007	39
11.6964403273541	15.0156824176086	39
11.7062200336815	15.0213625258794	39
11.715890941489	15.0272259572976	39
11.7254496147492	15.033270628614	39
11.7348926573109	15.0394943921856	39
11.7442167141061	15.0458950367389	39
11.7534184723418	15.0524702881553	39
11.7624946626771	15.0592178102794	39
11.7714420603848	15.0661352057486	39
11.7802574864971	15.0732200168453	39
11.7889378089352	15.0804697263697	39
11.7974799436216	15.0878817585348	39
11.8058808555768	15.0954534798806	39
11.8141375599966	15.1031822002107	39
11.8222471233134	15.1110651735476	39
11.8302066642378	15.1190995991083	39
11.8380133547828	15.1272826222997	39
11.8456644212686	15.1356113357326	39
11.8531571453076	15.1440827802549	39
11.8604888647706	15.1526939460025	39
11.8676569747326	15.1614417734693	39
11.8746589283983	15.170323154594	39
11.8814922380069	15.1793349338639	39
11.888154475716	15.188473909437	39
11.8946432744643	15.1977368342786	39
11.9009563288125	15.2071204173157	39
11.9070913957624	15.216621324606	39
11.913046295554	15.2262361805222	39
11.9188189124397	15.2359615689519	39
11.9244071954362	15.2457940345109	39
11.9298091590532	15.2557300837709	39
11.9350228839987	15.265766186501	39
11.9400465178612	15.2758987769217	39
11.9448782757673	15.2861242549719	39
11.9495164410166	15.2964389875878	39
11.9539593656909	15.3068393099941	39
11.9582054712404	15.3173215270058	39
11.9622532490439	15.3278819143411	39
11.9661012609452	15.3385167199446	39
11.9697481397641	15.3492221653206	39
11.9731925897819	15.3599944468752	39
11.9764333872018	15.3708297372682	39
11.979469380584	15.3817241867725	39
11.9822994912545	15.392673924642	39
11.9849227136885	15.4036750604869	39
11.9873381158674	15.4147236856562	39
11.9895448396105	15.4258158746259	39
11.9915421008792	15.4369476863941	39
11.9933291900562	15.448115165881	39
11.9949054721972	15.4593143453344	39
11.9962703872566	15.4705412457391	39
11.9974234502867	15.481791878231	39
11.9983642516095	15.4930622455137	39
11.9990924569629	15.5043483432796	39
11.9996078076191	15.5156461616318	39
11.9999101204763	15.5269516865092	39
11.9999992881242	15.5382609011127	39
11.999875278882	15.5495697873322	39
11.9995381368096	15.5608743271743	39
11.998987981692	15.5721705041897	39
11.9982250089966	15.5834543049006	39
11.997249489804	15.5947217202263	39
11.9960617707116	15.6059687469079	39
11.9946622737103	15.6171913889302	39
11.9930514960347	15.628385658942	39
11.9912300099864	15.6395475796725	39
11.9891984627308	15.6506731853443	39
11.9869575760669	15.6617585230828	39
11.9845081461712	15.6727996543203	39
11.9818510433142	15.6837926561954	39
11.9789872115522	15.6947336229468	39
11.9759176683908	15.7056186673013	39
11.9726435044241	15.7164439218542	39
11.969165882947	15.7272055404444	39
11.9654860395419	15.7378996995198	39
11.9616052816395	15.7485225994968	39
11.9575249880547	15.7590704661095	39
11.9532466084964	15.7695395517512	39
11.9487716630524	15.7799261368055	39
11.9441017416496	15.7902265309683	39
11.9392385034887	15.8004370745585	39
11.9341836764553	15.8105541398188	39
11.9289390565051	15.8205741322038	39
11.9235065070268	15.8304934916581	39
11.9178879581793	15.8403086938804	39
11.9120854062063	15.8500162515762	39
11.9061009127267	15.8596127156965	39
11.8999366040028	15.8690946766631	39
11.8935946701839	15.8784587655806	39
11.8627006479727	15.9220775642295	39
11.8361177538154	15.9595409277697	39
11.8095819850042	15.9969377642766	39
11.7830942512506	16.0342667930816	39
11.7566554557801	16.0715267426503	39
11.730266495332	16.1087163505832	39
11.7039282601593	16.1458343636151	39
11.6776416340287	16.1828795376156	39
11.6514074942208	16.2198506375889	39
11.6252267115301	16.2567464376738	39
11.5991001502646	16.2935657211435	39
11.5730286682463	16.3303072804062	39
11.547013116811	16.3669699170042	39
11.521054340808	16.4035524416147	39
11.4951531786007	16.4400536740496	39
11.4693104620663	16.4764724432551	39
11.4435270165954	16.5128075873122	39
11.4178036610928	16.5490579534364	39
11.3921412079769	16.5852223979779	39
11.36654046318	16.6212997864214	39
11.3410022261479	16.6572889933862	39
11.3155272898405	16.6931889026263	39
11.2901164407313	16.7289984070302	39
11.2647704588078	16.7647164086211	39
11.2394901175709	16.8003418185567	39
11.2142761840357	16.8358735571292	39
11.1891294187309	16.8713105537656	39
11.1640505756988	16.9066517470276	39
11.1390404024959	16.941896084611	39
11.1140996401921	16.9770425233468	39
11.0892290233712	17.0120900292002	39
11.064429280131	17.0470375772712	39
11.0397011320828	17.0818841517941	39
11.0150452943518	17.1166287461383	39
10.990462475577	17.1512703628073	39
10.9659533779111	17.1858080134395	39
10.9415186970207	17.2202407188078	39
10.9171591220861	17.2545675088197	39
10.8928753358014	17.2887874225173	39
10.8686680143746	17.3228995080773	39
10.8445378275272	17.356902822811	39
10.8204854384948	17.3907964331643	39
10.7965115040266	17.4245794147178	39
10.7726166743857	17.4582508521864	39
10.7488015933489	17.49180983942	39
10.7250668982067	17.5252554794027	39
10.7014132197636	17.5585868842536	39
10.6778411823377	17.591803175226	39
10.654351403761	17.6249034827081	39
10.6309444953793	17.6578869462226	39
10.607621062052	17.6907527144266	39
10.5843817021524	17.7234999451123	39
10.5612270075677	17.7561278052059	39
10.5381575636988	17.7886354707686	39
10.5151739494603	17.821022126996	39
10.4922767372806	17.8532869682185	39
10.469466493102	17.8854291979009	39
10.4467437763804	17.9174480286427	39
10.4241091400858	17.9493426821779	39
10.4015631307017	17.9811123893753	39
10.3791062882254	18.0127563902381	39
10.3567391461681	18.0442739339041	39
10.3344622315547	18.0756642786458	39
10.312276064924	18.1069266918703	39
10.2901811603285	18.1380604501193	39
10.2681780253344	18.169064839069	39
10.2462671610219	18.1999391535302	39
10.2244490619847	18.2306826974484	39
10.2027242163306	18.2612947839038	39
10.1810931056809	18.2917747351108	39
10.159556205171	18.3221218824188	39
10.1381139834497	18.3523355663116	39
10.1167669026798	18.3824151364077	39
10.095515418538	18.4123599514602	39
10.0743599802145	18.4421693793565	39
10.0533010304136	18.4718427971191	39
10.032339005353	18.5013795909047	39
10.0114743347646	18.5307791560048	39
9.99070744189385	18.5600408968453	39
9.97003874349995	18.5891642269871	39
9.94946864985599	18.6181485691252	39
9.9289975647488	18.6469933550895	39
9.90862588547903	18.6756980258445	39
9.88835400286108	18.7042620314891	39
9.86818230122312	18.732684831257	39
9.84811115840717	18.7609658935165	39
9.82814094576896	18.7891046957703	39
9.80827202817805	18.8171007246558	39
9.78850476401777	18.8449534759452	39
9.76883950518523	18.8726624545449	39
9.74927659709133	18.9002271744962	39
9.72981637866076	18.927647158975	39
9.710459182332	18.9549219402916	39
9.69120533405727	18.9820510598911	39
9.67205515330264	19.009034068353	39
9.65300895304791	19.0358705253916	39
9.6340670397867	19.0625599998556	39
9.6152297135264	19.0891020697286	39
9.59649726778817	19.1154963221284	39
9.57786998960698	19.1417423533077	39
9.55934815953159	19.1678397686536	39
9.54093205162449	19.1937881826881	39
9.52262193346202	19.2195872190674	39
9.50441806613427	19.2452365105826	39
9.48632070424512	19.2707356991592	39
9.46833009591224	19.2960844358574	39
9.45044648276707	19.3212823808721	39
9.43267009995485	19.3463292035326	39
9.4150011761346	19.371224582303	39
9.39743993347913	19.3959682047817	39
9.37998658767501	19.4205597677019	39
9.36264134792262	19.4449989769315	39
9.34540441693611	19.4692855474728	39
9.32827599094344	19.4934192034629	39
9.31125625968631	19.5173996781732	39
9.29434540642025	19.5412267140099	39
9.27754360791454	19.5649000625139	39
9.26085103445225	19.5884194843604	39
9.24426784983027	19.6117847493595	39
9.22779421135922	19.6349956364557	39
9.21143026986355	19.6580519337282	39
9.19517616968146	19.6809534383907	39
9.17903204866496	19.7036999567916	39
9.16299803817983	19.7262913044139	39
9.14707426310563	19.7487273058752	39
9.13126084183573	19.7710077949275	39
9.11555788627726	19.7931326144576	39
9.09996550185114	19.8151016164869	39
9.08448378749206	19.8369146621713	39
9.06911283564854	19.8585716218014	39
9.05385273228283	19.8800723748024	39
9.03870355687101	19.9014168097339	39
9.02366538240292	19.9226048242903	39
9.00873827538216	19.9436363253005	39
8.99392229582618	19.9645112287282	39
8.97921749726616	19.9852294596714	39
8.96462392674706	20.0057909523629	39
8.95014162482768	20.0261956501699	39
8.93577062558055	20.0464435055945	39
8.92151095659201	20.0665344802732	39
8.90736263896218	20.086468544977	39
8.89332568730496	20.1062456796118	39
8.87940010974803	20.1258658732178	39
8.86558590793286	20.1453291239701	39
8.85188307701473	20.1646354391779	39
8.83829160566265	20.1837848352857	39
8.82481147605947	20.2027773378719	39
8.81144266390179	20.22161298165	39
8.79818513839999	20.2402918104679	39
8.78503886227826	20.258813877308	39
8.77200379177456	20.2771792442876	39
8.75907987664063	20.2953879826582	39
8.74626706014202	20.3134401728063	39
8.73356527905802	20.3313359042526	39
8.72097446368175	20.3490752756528	39
8.70849453782008	20.3666583947969	39
8.69612541879368	20.3840853786097	39
8.68386701743702	20.4013563531504	39
8.67171923809831	20.4184714536129	39
8.65968197863958	20.4354308243257	39
8.64775513043665	20.452234618752	39
8.63593857837909	20.4688829994893	39
8.6242322008703	20.4853761382701	39
8.61263586982741	20.5017142159611	39
8.60114945068138	20.517897422564	39
8.58977280237693	20.5339259572147	39
8.57850577737258	20.5498000281839	39
8.56734822164061	20.565519852877	39
8.55629997466712	20.5810856578338	39
8.54536086945196	20.5964976787288	39
8.5345307325088	20.611756160371	39
8.52380938386505	20.6268613567042	39
8.51319663706194	20.6418135308066	39
8.50269229915447	20.6566129548912	39
8.49229617071143	20.6712599103052	39
8.48200804581538	20.6857546875309	39
8.47182771206269	20.7000975861849	39
8.4617549505635	20.7142889150185	39
8.45178953594172	20.7283289919175	39
8.44193123633507	20.7422181439024	39
8.43217981339503	20.7559567071282	39
8.42253502228689	20.7695450268847	39
8.41299661168972	20.782983457596	39
8.40356432379635	20.796272362821	39
8.39423789431341	20.8094121152532	39
8.38501705246132	20.8224030967206	39
8.37590152097429	20.8352456981859	39
8.36689101610028	20.8479403197463	39
8.35798524760108	20.8604873706337	39
8.34918391875222	20.8728872692145	39
8.34048672634307	20.8851404429898	39
8.33189336067672	20.8972473285951	39
8.32340350557008	20.9092083718008	39
8.31501683835386	20.9210240275117	39
8.3067330298725	20.9326947597671	39
8.29855174448429	20.9442210417412	39
8.29047264006127	20.9556033557426	39
8.28249536798925	20.9668421932145	39
8.27461957316785	20.9779380547348	39
8.26684489401047	20.9888914500158	39
8.25917096244429	20.9997028979046	39
8.25159740391026	21.0103729263828	39
8.24412383736315	21.0209020725666	39
8.23674987527149	21.0312908827069	39
8.22947512361758	21.0415399121891	39
8.22229918189753	21.0516497255331	39
8.21522164312124	21.0616208963937	39
8.20824209381237	21.07145400756	39
8.20136011400838	21.0811496509558	39
8.1945752772605	21.0907084276395	39
8.18788715063376	21.1001309478043	39
8.18129529470698	21.1094178307775	39
8.17479926357274	21.1185697050215	39
8.16839860483741	21.1275872081331	39
8.16209285962116	21.1364709868437	39
8.15588156255794	21.1452216970192	39
8.14976424179548	21.1538400036603	39
8.14374041899529	21.1623265809022	39
8.13780960933267	21.1706821120146	39
8.13197132149671	21.1789072894019	39
8.12057031362999	21.194969398292	39
8.10953333518349	21.2105186294996	39
8.09885622216613	21.2255608511053	39
8.08853470680734	21.2401020773434	39
8.07856441755714	21.2541484686017	39
8.06894087908608	21.2677063314216	39
8.05965951228526	21.2807821184981	39
8.05071563426635	21.2933824286798	39
8.04210445836153	21.3055140069686	39
8.03382109412356	21.3171837445204	39
8.02586054732575	21.3283986786444	39
8.01821771996195	21.3391659928034	39
8.01088741024656	21.3494930166138	39
8.00386431261453	21.3593872258456	39
7.99714301772138	21.3688562424223	39
7.99071801244315	21.3779078344211	39
7.98458367987644	21.3865499160727	39
7.9787342993384	21.3947905477612	39
7.97048174419665	21.4064167683789	39
7.96283710637612	21.4171865391953	39
7.95577976511355	21.4271289137635	39
7.9492885742622	21.436273685539	39
7.94334186229185	21.4446513878798	39
7.93622143943778	21.454682597666	39
7.92997538950217	21.4634819859807	39
7.92331235733093	21.4728688059788	39
7.91684633746407	21.4819780685416	39
7.91048713690376	21.4909368401657	39
7.90446403555519	21.4994221180355	39
7.89853851146812	21.5077699301494	39
7.89256982492682	21.5161747164858	39
7.88655353992166	21.5246130694237	39
7.88044418939949	21.5331300188625	39
7.87369471833473	21.5424761561104	39
7.86773692719812	21.5506725401772	39
7.86095226978789	21.5599482256373	39
7.8546290730601	21.5685398578654	39
7.84766570456691	21.5779448947985	39
7.84161442120401	21.5860721534563	39
7.83511994549141	21.594749205568	39
7.82816770537547	21.6039877945607	39
7.82074331656263	21.613798909976	39
7.81283258251943	21.62419278747	39
7.80657193371754	21.6323763654269	39
7.80002399129663	21.6408968178422	39
7.79318297402379	21.649757628014	39
7.78604316007455	21.6589620407068	39
7.77859888703295	21.6685130621506	39
7.77084455189148	21.6784134600416	39
7.76277461105111	21.688665763542	39
7.75438358032125	21.6992722632798	39
7.7456660349198	21.7102350113489	39
7.73661660947313	21.7215558213094	39
7.72722999801607	21.7332362681871	39
7.72078233814639	21.7412237008717	39
7.7141809449357	21.7493719081911	39
7.70742429025247	21.7576811801275	39
7.70051085770013	21.7661517595456	39
7.69343914261716	21.7747838421922	39
7.68620765207701	21.7835775766962	39
7.67881490488815	21.7925330645688	39
7.67125943159406	21.8016503602032	39
7.66353977447322	21.8109294708748	39
7.65565448753912	21.8203703567412	39
7.64760213654026	21.8299729308422	39
7.63938129896012	21.8397370590996	39
7.63099056401723	21.8496625603177	39
7.6224285326651	21.8597492061825	39
7.61369381759223	21.8699967212626	39
7.60478504322216	21.8804047830084	39
7.59570084571342	21.8909730217528	39
7.58643987295954	21.9017010207105	39
7.57700078458907	21.9125883159788	39
7.56738225196555	21.9236343965367	39
7.55758295818755	21.9348387042456	39
7.54760159808863	21.9462006338492	39
7.53743687823734	21.9577195329732	39
7.52708751693726	21.9693947021253	39
7.51655224422698	21.9812253946956	39
7.50582980188008	21.9932108169564	39
7.49491894340515	22.0053501280619	39
7.48381843404579	22.0176424400488	39
7.4725270507806	22.0300868178356	39
7.46104358232319	22.0426822792233	39
7.44936682912219	22.0554277948949	39
7.43749560336121	22.0683222884155	39
7.42542872895887	22.0813646362324	39
7.41316504156882	22.0945536676752	39
7.4007033885797	22.1078881649556	39
7.38804262911515	22.1213668631673	39
7.37518163403382	22.1349884502863	39
7.36211928592938	22.1487515671708	39
7.34885447913048	22.1626548075612	39
7.33538611970081	22.1766967180798	39
7.32171312543903	22.1908757982314	39
7.30783442587883	22.2051905004027	39
7.30081760529988	22.2123982132329	39
7.29374896228889	22.2196392298628	39
7.28662836633804	22.2269133435888	39
7.27945568767293	22.2342203447626	39
7.27223079725263	22.2415600207909	39
7.26495356676963	22.2489321561356	39
7.25762386864987	22.2563365323136	39
7.2502415760527	22.2637729278971	39
7.24280656287095	22.2712411185134	39
7.23531870373086	22.2787408768448	39
7.22777787399211	22.286271972629	39
7.22018394974783	22.2938341726585	39
7.21253680782456	22.3014272407813	39
7.20483632578232	22.3090509379002	39
7.19708238191454	22.3167050219733	39
7.18927485524809	22.3243892480138	39
7.18141362554327	22.3321033680902	39
7.17349857329386	22.3398471313258	39
7.16552957972701	22.3476202838993	39
7.15750652680337	22.3554225690445	39
7.14942929721699	22.3632537270502	39
7.14129777439538	22.3711134952605	39
7.13311184249947	22.3790016080745	39
7.12487138642364	22.3869177969466	39
7.11657629179571	22.3948617903861	39
7.10822644497692	22.4028333139576	39
7.09982173306197	22.4108320902809	39
7.09136204387898	22.4188578390308	39
7.08284726598953	22.4269102769372	39
7.07427728868861	22.4349891177853	39
7.06565200200466	22.4430940724153	39
7.05697129669957	22.4512248487226	39
7.04823506426865	22.4593811516576	39
7.03944319694066	22.4675626832261	39
7.03059558767779	22.4757691424889	39
7.02169213017567	22.4840002255618	39
7.01273271886337	22.4922556256159	39
7.00371724890339	22.5005350328773	39
6.9946456161917	22.5088381346275	39
6.98551771735765	22.5171646152029	39
6.97633344976407	22.5255141559951	39
6.96709271150723	22.5338864354507	39
6.95779540141682	22.5422811290717	39
6.94844141905597	22.5506979094152	39
6.93903066472125	22.5591364460931	39
6.92956303944268	22.5675964057728	39
6.9200384449837	22.5760774521766	39
6.9104567838412	22.5845792460823	39
6.90081795924549	22.5931014453223	39
6.89112187516035	22.6016437047845	39
6.88136843628298	22.6102056764119	39
6.87155754804399	22.6187870092026	39
6.86168911660748	22.6273873492097	39
6.85176304887096	22.6360063395416	39
6.84177925246537	22.6446436203619	39
6.83173763575511	22.653298828889	39
6.82163810783801	22.6619715993969	39
6.81148057854531	22.6706615632143	39
6.80126495844173	22.6793683487254	39
6.79099115882541	22.6880915813692	39
6.78065909172793	22.6968308836401	39
6.77026866991429	22.7055858750876	39
6.75981980688297	22.714356172316	39
6.74931241686584	22.7231413889853	39
6.73874641482824	22.7319411358102	39
6.72812171646893	22.7407550205607	39
6.71743823822013	22.7495826480619	39
6.70669589724746	22.7584236201941	39
6.69589461145001	22.7672775358926	39
6.68503429946031	22.776143991148	39
6.67411488064431	22.7850225790058	39
6.6631362751014	22.793912889567	39
6.65209840366442	22.8028145099873	39
6.64100118789963	22.8117270244779	39
6.62984455010675	22.820650014305	39
6.61862841331892	22.8295830577899	39
6.60735270130272	22.838525730309	39
6.59601733855818	22.847477604294	39
6.58462225031876	22.8564382492315	39
6.57316736255135	22.8654072316635	39
6.5616526019563	22.8743841151869	39
6.55007789596736	22.8833684604539	39
6.53844317275176	22.8923598251718	39
6.52674836121015	22.9013577641029	39
6.5149933909766	22.9103618290649	39
6.50317819241865	22.9193715689303	39
6.49130269663726	22.928386529627	39
6.47936683546683	22.937406254138	39
6.4673705414752	22.9464302825014	39
6.45531374796364	22.9554581518102	39
6.44319638896687	22.964489396213	39
6.43101839925304	22.9735235469132	39
6.41877971432375	22.9825601321695	39
6.40648027041401	22.9915986772955	39
6.3941200044923	23.0006387046601	39
6.38169885426051	23.0096797336875	39
6.369216758154	23.0187212808568	39
6.35667365534155	23.0277628597023	39
6.34406948572536	23.0368039808134	39
6.33140418994108	23.0458441518346	39
6.31867770935783	23.0548828774658	39
6.30588998607812	23.0639196594616	39
6.29304096293794	23.0729539966322	39
6.28013058350667	23.0819853848426	39
6.26715879208717	23.0910133170131	39
6.25412553371572	23.1000372831191	39
6.24103075416205	23.109056770191	39
6.2278743999293	23.1180712623145	39
6.21465641825408	23.1270802406304	39
6.20137675710642	23.1360831833347	39
6.18803536518978	23.1450795656784	39
6.17463219194109	23.1540688599676	39
6.1611671875307	23.1630505355638	39
6.14764030286237	23.1720240588833	39
6.13405148957334	23.1809888933978	39
6.12040070003427	23.1899444996341	39
6.10668788734927	23.1988903351739	39
6.09291300535586	23.2078258546543	39
6.07907600862502	23.2167505097674	39
6.06517685246116	23.2256637492605	39
6.05121549290214	23.234565018936	39
6.03719188671925	23.2434537616515	39
6.0231059914172	23.2523294173196	39
6.00895776523416	23.2611914229082	39
5.99474716714175	23.2700392124401	39
5.980474156845	23.2788722169936	39
5.96613869478237	23.2876898647017	39
5.9517407421258	23.2964915807529	39
5.93728026078064	23.3052767873907	39
5.92275721338567	23.3140449039137	39
5.90817156331313	23.3227953466756	39
5.89352327466867	23.3315275290853	39
5.87881231229143	23.340240861607	39
5.86403864175392	23.3489347517596	39
5.84920222936214	23.3576086041176	39
5.8343030421555	23.3662618203104	39
5.81934104790686	23.3748937990225	39
5.80431621512252	23.3835039359937	39
5.7892285130422	23.3920916240189	39
5.77407791163908	23.4006562529479	39
5.75886438161977	23.4091972096858	39
5.7435878944243	23.4177138781931	39
5.72824842222617	23.426205639485	39
5.71284593793231	23.434671871632	39
5.69738041518306	23.4431119497598	39
5.68185182835223	23.4515252460492	39
5.66626015254705	23.4599111297362	39
5.65060536360819	23.4682689671117	39
5.63488743810978	23.476598121522	39
5.61910635335935	23.4848979533684	39
5.60326208739789	23.4931678201073	39
5.58735461899983	23.5014070762505	39
5.57138392767304	23.5096150733645	39
5.55534999365881	23.5177911600713	39
5.53925279793187	23.5259346820479	39
5.52309232220042	23.5340449820264	39
5.50686854890606	23.5421213997942	39
5.49058146122384	23.5501632721935	39
5.47423104306226	23.558169933122	39
5.45781727906324	23.5661407135324	39
5.44134015460216	23.5740749414324	39
5.4247996557878	23.581971941885	39
5.40819576946242	23.5898310370083	39
5.3915284832017	23.5976515459755	39
5.37479778531475	23.605432785015	39
5.35800366484413	23.6131740674103	39
5.34114611156583	23.6208747035	39
5.32422511598927	23.6285340006779	39
5.30724066935734	23.6361512633928	39
5.29019276364635	23.6437257931488	39
5.27308139156602	23.6512568885051	39
5.25590654655954	23.658743845076	39
5.23866822280355	23.6661859555308	39
5.22136641520809	23.6735825095943	39
5.20400111941667	23.680932794046	39
5.1865723318062	23.6882360927209	39
5.16908004948708	23.6954916865089	39
5.15152427030311	23.7026988533552	39
5.13390499283152	23.7098568682599	39
5.11622221638303	23.7169650032785	39
5.09847594100173	23.7240225275215	39
5.0806661674652	23.7310287071546	39
5.06279289728445	23.7379828053985	39
5.04485613270388	23.7448840825291	39
5.02685587670141	23.7517317958776	39
5.00879213298832	23.7585251998301	39
4.99066490600938	23.765263545828	39
4.97247420094276	23.7719460823677	39
4.95422002370011	23.7785720550008	39
4.93590238092648	23.7851407063341	39
4.91752128000037	23.7916512760294	39
4.89907672903373	23.7981030008037	39
4.88056873687194	23.8044951144293	39
4.8619973130938	23.8108268477333	39
4.84336246801157	23.8170974285982	39
4.82466421267095	23.8233060819615	39
4.80590255885107	23.829452029816	39
4.7870775190645	23.8355344912093	39
4.76818910655722	23.8415526822446	39
4.74923733530871	23.8475058160798	39
4.73022222003182	23.8533931029282	39
4.71114377617288	23.8592137500582	39
4.69200201991166	23.8649669617933	39
4.67279696816134	23.870651939512	39
4.65352863856856	23.8762678816482	39
4.63419704951339	23.8818139836907	39
4.61480222010933	23.8872894381836	39
4.59534417020333	23.892693434726	39
4.57582292037578	23.8980251599724	39
4.55623849194051	23.903283797632	39
4.53659090694476	23.9084685284695	39
4.51688018816924	23.9135785303046	39
4.49710635912808	23.9186129780121	39
4.47726944406886	23.9235710435221	39
4.45736946797258	23.9284518958195	39
4.43740645655371	23.9332547009448	39
4.41738043626012	23.9379786219933	39
4.39729143427314	23.9426228191154	39
4.37713947850754	23.9471864495169	39
4.35692459761151	23.9516686674586	39
4.33664682096669	23.9560686242563	39
4.31630617868817	23.9603854682812	39
4.29590270162445	23.9646183449594	39
4.27543642135748	23.9687663967722	39
4.25490737020267	23.9728287632563	39
4.23431558120883	23.976804581003	39
4.21366108815823	23.9806929836593	39
4.19294392556658	23.9844931019269	39
4.17216412868302	23.9882040635629	39
4.15132173349013	23.9918249933794	39
4.13041677670392	23.9953550132436	39
4.10944929577385	23.9987932420781	39
4.08841932888282	24.0021387958604	39
4.06732691494716	24.0053907876231	39
4.04617209361663	24.008548327454	39
4.02495490527444	24.0116105224962	39
4.00367539103725	24.0145764769477	39
3.98233359275512	24.0174452920617	39
3.96092955301158	24.0202160661467	39
3.9394633151236	24.022887894566	39
3.91793492314155	24.0254598697383	39
3.89634442184929	24.0279310811375	39
3.87469185676409	24.0303006152923	39
3.85297727413664	24.0325675557869	39
3.83120072095111	24.0347309832604	39
3.80936224492508	24.0367899754071	39
3.78746189450956	24.0387436069764	39
3.76549971888903	24.040590949773	39
3.74347576798139	24.0423310726565	39
3.72139009243795	24.0439630415419	39
3.69924274364352	24.045485919399	39
3.67703377371629	24.046898766253	39
3.65476323550793	24.0482006391841	39
3.6324311826035	24.0493905923278	39
3.61003766932156	24.0504676768746	39
3.58758275071406	24.0514309410701	39
3.56506648256639	24.0522794302151	39
3.54248892139741	24.0530121866655	39
3.5198501244594	24.0536282498325	39
3.49715014973805	24.0541266561822	39
3.47438905595254	24.0545064392359	39
3.45156690255546	24.0547666295702	39
3.42868374973282	24.0549062548166	39
3.40573965840411	24.0549243396618	39
3.38273469022223	24.0548199058478	39
3.35966890757351	24.0545919721716	39
3.33654237357775	24.0542395544852	39
3.31335515208816	24.053761665696	39
3.29010730769139	24.0531573157665	39
3.26679890570755	24.0524255117141	39
3.24343001219017	24.0515652576115	39
3.22000069392621	24.0505755545866	39
3.19651101843608	24.0494554008223	39
3.17296105397364	24.0482037915567	39
3.14935086952617	24.046819719083	39
3.12568053481439	24.0453021727497	39
3.10195012029245	24.0436501389601	39
3.07815969714796	24.041862601173	39
3.05430933730196	24.0399385399021	39
3.03039911340891	24.0378769327163	39
3.00642909885673	24.0356767542396	39
2.98239936776677	24.0333369761512	39
2.95830999499382	24.0308565671855	39
2.93416105612609	24.0282344931319	39
2.90995262748527	24.0254697168349	39
2.88568478612643	24.0225611981943	39
2.86135760983814	24.0195078941648	39
2.83697117714235	24.0163087587566	39
2.81252556729449	24.0129627430347	39
2.78802086028341	24.0094687951194	39
2.7634571368314	24.0058258601861	39
2.73883447839419	24.0020328804653	39
2.71415296716094	23.9980887952426	39
2.68941268605426	23.9939925408588	39
2.66461371873019	23.98974305071	39
2.63975614957821	23.9853392552471	39
2.61484006372124	23.9807800819763	39
2.58986554701563	23.9760644554591	39
2.56483268605119	23.9711912973118	39
2.53974156815113	23.9661595262061	39
2.51459228137213	23.9609680578686	39
2.48938491450429	23.9556158050814	39
2.46411955707117	23.9501016776814	39
2.43879629932974	23.9444245825607	39
2.41341523227043	23.9385834236667	39
2.38797644761708	23.9325771020017	39
2.36248003782702	23.9264045156233	39
2.33692609609095	23.9200645596442	39
2.31131471633306	23.9135561262323	39
2.28564599321096	23.9068781046104	39
2.25992002211569	23.9000293810567	39
2.23413689917175	23.8930088389043	39
2.20829672123705	23.8858153585418	39
2.18239958590296	23.8784478174125	39
2.15644559149428	23.8709050900151	39
2.13043483706923	23.8631860479034	39
2.10436742241951	23.8552895596863	39
2.07824344807023	23.8472144910278	39
2.05206301527993	23.838959704647	39
2.0258262260406	23.8305240603184	39
1.99953318307767	23.8219064148714	39
1.97318398985001	23.8131056221904	39
1.94677875054992	23.8041205332154	39
1.92031757010313	23.794949995941	39
1.89380055416883	23.7855928554173	39
1.86722780913964	23.7760479537494	39
1.84059944214161	23.7663141300976	39
1.81391556103422	23.7563902206772	39
1.78717627441041	23.7462750587588	39
1.76038169159656	23.7359674746681	39
1.73353192265245	23.7254662957858	39
1.70662707837135	23.7147703465479	39
1.67966727027992	23.7038784484455	39
1.65265261063829	23.6927894200247	39
1.62558321244002	23.6815020768869	39
1.5984591894121	23.6700152316886	39
1.57128065601496	23.6583276941413	39
1.54404772744248	23.6464382710119	39
1.51676051962196	23.6343457661221	39
1.48941914921415	23.6220489803491	39
1.46202373361324	23.6095467116249	39
1.43457439094684	23.5968377549369	39
1.40707124007602	23.5839209023274	39
1.37951440059528	23.5707949428941	39
1.35190399283255	23.5574586627896	39
1.32424013784921	23.5439108452217	39
1.29652295744006	23.5301502704534	39
1.26875257413337	23.5161757158028	39
1.2409291111908	23.5019859556432	39
1.2130526926075	23.4875797614028	39
1.18512344311203	23.4729559015653	39
1.15714148816637	23.4581131416691	39
1.12910695396599	23.4430502443082	39
1.10101996743974	23.4277659691314	39
1.07288065624996	23.4122590728427	39
1.04468914879238	23.3965283092014	39
1.0164455741962	23.3805724290217	39
0.988150062324053	23.3643901801731	39
0.959802743771998	23.3479803075802	39
0.931403749869546	23.3313415532226	39
0.902953212679634	23.3144726561353	39
0.874451264998644	23.2973723524083	39
0.845898040356392	23.2800393751866	39
0.817293673016138	23.2624724546705	39
0.788638297974572	23.2446703181154	39
0.759932050961829	23.2266316898319	39
0.731175068441477	23.2083552911856	39
0.70236748761052	23.1898398405973	39
0.673509446399407	23.1710840535429	39
0.644601083472022	23.1520866425536	39
0.615642538225682	23.1328463172154	39
0.58663395079115	23.1133617841698	39
0.55757546203262	23.0936317471133	39
0.528467213547728	23.0736549067974	39
0.499309347667545	23.0534299610288	39
0.470102007456585	23.0329556046696	39
0.44084533671279	23.0122305296366	39
0.411539479967555	22.991253424902	39
0.382184582485696	22.9700229764932	39
0.352780790265481	22.9485378674926	39
0.323328250038603	22.9267967780376	39
