0.356473006998936	13.4946970031626	44.5
0.348141611721399	13.489071056856	44.5
0.339881570121474	13.4833408621051	44.5
0.331694186555492	13.4775073237742	44.5
0.323580753906228	13.4715713630464	44.5
0.315542553378748	13.465533917279	44.5
0.307580854298095	13.4593959398544	44.5
0.299696913908857	13.4531584000305	44.5
0.291891977176608	13.4468222827872	44.5
0.284167276591337	13.4403885886708	44.5
0.276524031972816	13.4338583336362	44.5
0.268963450277973	13.4272325488864	44.5
0.2614867254103	13.4205122807096	44.5
0.25409503803133	13.413698590314	44.5
0.246789555374185	13.4067925536603	44.5
0.239571431059264	13.3997952612919	44.5
0.232441804912078	13.3927078181622	44.5
0.225401802783235	13.3855313434607	44.5
0.218452536370688	13.3782669704359	44.5
0.211595103044161	13.3709158462166	44.5
0.204830585671868	13.3634791316305	44.5
0.19816005244952	13.355958001021	44.5
0.191584556731641	13.3483536420619	44.5
0.185105136865229	13.3406672555695	44.5
0.178722816025793	13.3329000553134	44.5
0.172438602055781	13.3250532678246	44.5
0.166253487305426	13.3171281322018	44.5
0.16016844847605	13.3091258999157	44.5
0.15418444646582	13.3010478346116	44.5
0.148302426218024	13.2928952119097	44.5
0.142523316571847	13.2846693192036	44.5
0.136848030115697	13.2763714554571	44.5
0.131277463043091	13.268002930999	44.5
0.12581249501115	13.2595650673165	44.5
0.120453989001675	13.2510591968459	44.5
0.115202791184881	13.2424866627629	44.5
0.110059730785785	13.23384881877	44.5
0.105025619953235	13.2251470288828	44.5
0.100101253631696	13.2163826672148	44.5
0.0952874094356915	13.2075571177604	44.5
0.0905848475270261	13.1986717741761	44.5
0.0859943104947334	13.1897280395607	44.5
0.0815165232378341	13.1807273262336	44.5
0.0771521928508392	13.1716710555117	44.5
0.0729020085121093	13.1625606574851	44.5
0.0687666413750243	13.1533975707914	44.5
0.064746744461992	13.1441832423881	44.5
0.0608429525613339	13.1349191273245	44.5
0.0570558821270453	13.1256066885118	44.5
0.0533861311814547	13.1162473964919	44.5
0.0498342792207715	13.1068427292057	44.5
0.0464008871235926	13.097394171759	44.5
0.0430864970623404	13.0879032161888	44.5
0.0398916324176177	13.0783713612267	44.5
0.0368167976955931	13.0688001120633	44.5
0.033862478448313	13.0591909801098	44.5
0.0310291411970347	13.0495454827594	44.5
0.0283172333585533	13.0398651431481	44.5
0.0257271831745562	13.0301514899136	44.5
0.0232593996439903	13.0204060569544	44.5
0.0209142724584837	13.0106303831874	44.5
0.0186921719408026	13.0008260123048	44.5
0.0165934489863844	12.9909944925303	44.5
0.0146184350079039	12.9811373763749	44.5
0.0127674418829677	12.9712562203916	44.5
0.011040761904848	12.9613525849294	44.5
0.00943866773632962	12.9514280338871	44.5
0.00796141236665093	12.9414841344665	44.5
0.00660922907156447	12.9315224569244	44.5
0.00538233137648803	12.9215445743253	44.5
0.00428091302278233	12.9115520622925	44.5
0.00330514793717995	12.9015464987595	44.5
0.00245519020430152	12.8915294637208	44.5
0.00173117404231959	12.8815025389822	44.5
0.001133213781781	12.8714673079115	44.5
0.000661403847544761	12.861425355188	44.5
0.000315818743867879	12.8513782665524	44.5
9.65130426457961e-05	12.8413276285565	44.5
3.52137478998316e-06	12.8312750283125	44.5
3.6858424760311e-05	12.8212220532426	44.5
0.000196518928252232	12.811170290828	44.5
0.000482477673024562	12.8011213283586	44.5
0.000894689502871415	12.791076752682	44.5
0.00143308932477026	12.7810381499532	44.5
0.00209759211914218	12.7710071053839	44.5
0.00288809295329884	12.7609852029923	44.5
0.00380446699799109	12.750974025353	44.5
0.00484656954714069	12.740975153347	44.5
0.00601423604066298	12.7309901659121	44.5
0.00730728209049403	12.7210206397936	44.5
0.00872550350966605	12.7110681492951	44.5
0.0102686763445803	12.7011342660304	44.5
0.0119365569103564	12.6912205586747	44.5
0.0137288818293158	12.6813285927174	44.5
0.0156453680725797	12.6714599302146	44.5
0.0176857130047523	12.6616161295425	44.5
0.0198495944317152	12.6517987451512	44.5
0.0221366706515091	12.6420093273197	44.5
0.0245465805082823	12.6322494219104	44.5
0.0270789434493359	12.6225205701257	44.5
0.0297333595852045	12.6128243082638	44.5
0.0325094097528087	12.6031621674771	44.5
0.0354066555816459	12.5935356735296	44.5
0.038424639563015	12.5839463465561	44.5
0.0415628851222571	12.5743957008227	44.5
0.0448208966940236	12.564885244487	44.5
0.0481981598005135	12.5554164793603	44.5
0.0516941411327316	12.5459909006703	44.5
0.0553082886347056	12.5366099968253	44.5
0.0590400315906443	12.5272752491787	44.5
0.062888780715074	12.5179881317953	44.5
0.0668539282458909	12.5087501112187	44.5
0.0709348480403413	12.4995626462393	44.5
0.0751308956738725	12.4904271876645	44.5
0.0794414085419284	12.481345178089	44.5
0.0838657059645591	12.4723180516674	44.5
0.0884030892939052	12.4633472338876	44.5
0.093052842024548	12.4544341413458	44.5
0.0978142299066249	12.4455801815225	44.5
0.102686501061793	12.4367867525608	44.5
0.107668886101962	12.4280552430448	44.5
0.11276059825077	12.4193870317813	44.5
0.117960833467848	12.4107834875812	44.5
0.12326877057577	12.402245969044	44.5
0.128683571389733	12.3937758243427	44.5
0.134204380849923	12.3853743910115	44.5
0.139830327156524	12.3770429957339	44.5
0.145560521907395	12.368782954134	44.5
0.15139406023836	12.360595570568	44.5
0.157330020966093	12.3524821379188	44.5
0.163367466733582	12.3444439373913	44.5
0.169505444158155	12.3364822383106	44.5
0.175742983982015	12.3285982979214	44.5
0.182079101225327	12.3207933611891	44.5
0.188512795341715	12.3130686606039	44.5
0.195043050376309	12.3054254159853	44.5
0.201668835126128	12.2978648342905	44.5
0.208389103302959	12.2903881094228	44.5
0.215202793698548	12.2829964220439	44.5
0.222108830352195	12.2756909393867	44.5
0.229106122720658	12.2684728150718	44.5
0.236193565850353	12.2613431889246	44.5
0.243370040551856	12.2543031867958	44.5
0.250634413576613	12.2473539203832	44.5
0.257985537795911	12.2404964870567	44.5
0.265422252382024	12.2337319696844	44.5
0.27294338299151	12.2270614364621	44.5
0.280547741950652	12.2204859407442	44.5
0.288234128443026	12.2140065208778	44.5
0.296001328699095	12.2076242000383	44.5
0.303848116187901	12.2013399860683	44.5
0.311773251810735	12.195154871318	44.5
0.319775484096809	12.1890698324886	44.5
0.327853549400889	12.1830858304784	44.5
0.33600617210281	12.1772038102306	44.5
0.344232064808946	12.1714247005844	44.5
0.352529928555477	12.1657494141282	44.5
0.360898453013526	12.1601788470556	44.5
0.369336316696071	12.1547138790237	44.5
0.377842187166621	12.1493553730142	44.5
0.386414721249626	12.1441041751974	44.5
0.39505256524258	12.1389611147983	44.5
0.403754355129781	12.1339270039658	44.5
0.412518716797731	12.1290026376442	44.5
0.421344266252124	12.1241887934482	44.5
0.430229609836395	12.1194862315396	44.5
0.439173344451785	12.1148956945073	44.5
0.448174057778925	12.1104179072504	44.5
0.457230328500831	12.1060535768634	44.5
0.466340726527385	12.1018033925246	44.5
0.475503813221117	12.0976680253876	44.5
0.484718141624423	12.0936481284745	44.5
0.493982256688028	12.0897443365739	44.5
0.503294695500774	12.0859572661396	44.5
0.512653987520615	12.082287515194	44.5
0.522058654806848	12.0787356632333	44.5
0.531507212253487	12.0753022711361	44.5
0.540998167823776	12.0719878810749	44.5
0.550530022785811	12.0687930164302	44.5
0.560101271949197	12.0657181817081	44.5
0.569710403902736	12.0627638624608	44.5
0.579355901253102	12.0599305252096	44.5
0.589036240864445	12.0572186173711	44.5
0.598749894098926	12.0546285671871	44.5
0.608495327058094	12.0521607836565	44.5
0.618271000825111	12.049815656471	44.5
0.628075371707766	12.0475935559533	44.5
0.637906891482245	12.0454948329989	44.5
0.647764007637601	12.0435198190204	44.5
0.657645163620927	12.0416688258955	44.5
0.667548799083146	12.0399421459174	44.5
0.677473350125414	12.0383400517489	44.5
0.687417249546069	12.0368627963792	44.5
0.697378927088124	12.0355106130841	44.5
0.707356809687209	12.034283715389	44.5
0.717349321720004	12.0331822970353	44.5
0.727354885253011	12.0322065319497	44.5
0.737371920291768	12.0313565742168	44.5
0.747398845030318	12.0306325580549	44.5
0.75743407610101	12.0300345977943	44.5
0.767476028824529	12.0295627878601	44.5
0.77752311746012	12.0292172027564	44.5
0.787573755456027	12.0289978970552	44.5
0.797626355699997	12.0289049053873	44.5
0.807679330769922	12.0289382424373	44.5
0.817731093184491	12.0290979029408	44.5
0.827780055653903	12.0293838616856	44.5
0.837824631330491	12.0297960735154	44.5
0.847863234059314	12.0303344733373	44.5
0.857894278628635	12.0309989761317	44.5
0.867916181020224	12.0317894769658	44.5
0.87792735865952	12.0327058510105	44.5
0.887926230665524	12.0337479535597	44.5
0.897911218100433	12.0349156200532	44.5
0.907880744218978	12.036208666103	44.5
0.917833234717421	12.0376268875222	44.5
0.927767117982132	12.0391700603571	44.5
0.937680825337793	12.0408379409229	44.5
0.947572791295087	12.0426302658418	44.5
0.957441453797916	12.0445467520851	44.5
0.96728525447007	12.0465870970173	44.5
0.977102638861314	12.0487509784442	44.5
0.986892056692842	12.051038054664	44.5
1.00003697236106	12.0542180531032	44.5
1.0110150957136	12.0568464852505	44.5
1.02199789941276	12.0594482844725	44.5
1.03298538345855	12.0620234507692	44.5
1.04397754785098	12.0645719841406	44.5
1.05497439259002	12.0670938845868	44.5
1.0659759176757	12.0695891521077	44.5
1.076982123108	12.0720577867033	44.5
1.08799300888693	12.0744997883736	44.5
1.09900857501249	12.0769151571187	44.5
1.11002882148468	12.0793038929384	44.5
1.1210537483035	12.0816659958329	44.5
1.13208335546894	12.0840014658021	44.5
1.14311764298101	12.086310302846	44.5
1.15415661083971	12.0885925069647	44.5
1.16520025904503	12.0908480781581	44.5
1.17624858759699	12.0930770164261	44.5
1.18730159649557	12.0952793217689	44.5
1.19835928574078	12.0974549941865	44.5
1.20942165533262	12.0996040336787	44.5
1.22048870527108	12.1017264402456	44.5
1.23156043555618	12.1038222138873	44.5
1.2426368461879	12.1058913546037	44.5
1.25371793716625	12.1079338623948	44.5
1.26480370849122	12.1099497372607	44.5
1.27589416016283	12.1119389792012	44.5
1.28698929218106	12.1139015882165	44.5
1.29808910454592	12.1158375643065	44.5
1.30919359725741	12.1177469074712	44.5
1.32030277031553	12.1196296177106	44.5
1.33141662372027	12.1214856950248	44.5
1.34253515747164	12.1233151394137	44.5
1.35365837156964	12.1251179508773	44.5
1.36478626601427	12.1268941294156	44.5
1.37591884080552	12.1286436750286	44.5
1.3870560959434	12.1303665877164	44.5
1.39819803142791	12.1320628674788	44.5
1.40934464725905	12.133732514316	44.5
1.42049594343682	12.1353755282279	44.5
1.43165191996121	12.1369919092145	44.5
1.44281257683224	12.1385816572759	44.5
1.45397791404989	12.140144772412	44.5
1.46514793161416	12.1416812546227	44.5
1.47632262952507	12.1431911039082	44.5
1.4875020077826	12.1446743202685	44.5
1.49868606638676	12.1461309037034	44.5
1.50987480533755	12.1475608542131	44.5
1.52106822463497	12.1489641717975	44.5
1.53226632427901	12.1503408564566	44.5
1.54346910426968	12.1516909081904	44.5
1.55467656460699	12.1530143269989	44.5
1.56588870529091	12.1543111128822	44.5
1.57710552632147	12.1555812658402	44.5
1.58832702769865	12.1568247858728	44.5
1.59955320942246	12.1580416729803	44.5
1.6107840714929	12.1592319271624	44.5
1.62201961390997	12.1603955484193	44.5
1.63325983667366	12.1615325367508	44.5
1.64450473978399	12.1626428921571	44.5
1.65575432324094	12.1637266146381	44.5
1.66700858704452	12.1647837041939	44.5
1.67826753119472	12.1658141608243	44.5
1.68953115569155	12.1668179845295	44.5
1.70079946053502	12.1677951753094	44.5
1.71207244572511	12.168745733164	44.5
1.72335011126182	12.1696696580933	44.5
1.73463245714517	12.1705669500974	44.5
1.74591948337514	12.1714376091762	44.5
1.75721118995174	12.1722816353296	44.5
1.76850757687497	12.1730990285579	44.5
1.77980864414483	12.1738897888608	44.5
1.79111439176131	12.1746539162384	44.5
1.80242481972443	12.1753914106908	44.5
1.81373992803417	12.1761022722179	44.5
1.82505971669053	12.1767865008197	44.5
1.83638418569353	12.1774440964962	44.5
1.84771333504315	12.1780750592475	44.5
1.8590471647394	12.1786793890734	44.5
1.87038567478228	12.1792570859741	44.5
1.88172886517179	12.1798081499495	44.5
1.89307673590793	12.1803325809996	44.5
1.90442928699069	12.1808303791245	44.5
1.91578651842008	12.181301544324	44.5
1.92714843019609	12.1817460765983	44.5
1.93851502231874	12.1821639759473	44.5
1.94988629478802	12.182555242371	44.5
1.96126224760392	12.1829198758695	44.5
1.97264288076645	12.1832578764426	44.5
1.9840281942756	12.1835692440905	44.5
1.99541818813139	12.1838539788131	44.5
2.0068128623338	12.1841120806104	44.5
2.01821221688284	12.1843435494824	44.5
2.02961625177851	12.1845483854292	44.5
2.04102496702081	12.1847265884507	44.5
2.05243836260973	12.1848781585469	44.5
2.06385643854528	12.1850030957178	44.5
2.07527919482746	12.1851013999634	44.5
2.08670663145627	12.1851730712838	44.5
2.09813874843171	12.1852181096788	44.5
2.10957554575377	12.1852365151486	44.5
2.12101702342246	12.1852282876931	44.5
2.13246318143778	12.1851934273124	44.5
2.14391401979973	12.1851319340063	44.5
2.1553695385083	12.185043807775	44.5
2.1668297375635	12.1849290486184	44.5
2.17829461696533	12.1847876565365	44.5
2.18976417671379	12.1846196315293	44.5
2.20123841680888	12.1844249735968	44.5
2.21271733725059	12.1842036827391	44.5
2.22420093803893	12.1839557589561	44.5
2.2356892191739	12.1836812022478	44.5
2.2471821806555	12.1833800126142	44.5
2.25867982248372	12.1830521900553	44.5
2.27018214465858	12.1826977345712	44.5
2.28168914718006	12.1823166461618	44.5
2.29320083004817	12.1819089248271	44.5
2.3047171932629	12.1814745705671	44.5
2.31623823682427	12.1810135833819	44.5
2.32776396073226	12.1805259632713	44.5
2.33929436498688	12.1800117102355	44.5
2.35082944958813	12.1794708242744	44.5
2.362369214536	12.178903305388	44.5
2.37391365983051	12.1783091535763	44.5
2.38546278547163	12.1776883688394	44.5
2.39701659145939	12.1770409511772	44.5
2.40857507779378	12.1763669005897	44.5
2.4201382444748	12.1756662170769	44.5
2.43170609150244	12.1749389006388	44.5
2.44327861887671	12.1741849512755	44.5
2.4548558265976	12.1734043689868	44.5
2.46643771466513	12.1725971537729	44.5
2.47802428307929	12.1717633056337	44.5
2.48961553184007	12.1709028245693	44.5
2.50121146094748	12.1700157105795	44.5
2.51281207040151	12.1691019636645	44.5
2.52441736020218	12.1681615838242	44.5
2.53602733034947	12.1671945710586	44.5
2.54764198084339	12.1662009253677	44.5
2.55926131168394	12.1651806467515	44.5
2.57088532287111	12.1641337352101	44.5
2.58251401440492	12.1630601907434	44.5
2.59414738628535	12.1619600133514	44.5
2.60578543851241	12.1608332030341	44.5
2.6174281710861	12.1596797597916	44.5
2.62907558400642	12.1584996836237	44.5
2.64072767727336	12.1572929745306	44.5
2.65238445088693	12.1560596325122	44.5
2.66404590484713	12.1547996575685	44.5
2.67571203915395	12.1535130496996	44.5
2.68738285380741	12.1521998089053	44.5
2.69905834880749	12.1508599351858	44.5
2.7107385241542	12.149493428541	44.5
2.72242337984754	12.1481002889709	44.5
2.7341129158875	12.1466805164756	44.5
2.74580713227409	12.1452341110549	44.5
2.75750602900732	12.143761072709	44.5
2.76920960608717	12.1422614014378	44.5
2.78091786351364	12.1407350972413	44.5
2.79263080128675	12.1391821601195	44.5
2.80434841940648	12.1376025900725	44.5
2.81607071787284	12.1359963871002	44.5
2.82779769668583	12.1343635512025	44.5
2.83952935584545	12.1327040823797	44.5
2.85126569535169	12.1310179806315	44.5
2.86300671520456	12.129305245958	44.5
2.87475241540406	12.1275658783593	44.5
2.88650279595019	12.1257998778353	44.5
2.89825785684294	12.124007244386	44.5
2.91001759808233	12.1221879780114	44.5
2.92178201966833	12.1203420787116	44.5
2.93355112160097	12.1184695464864	44.5
2.94532490388024	12.116570381336	44.5
2.95710336650614	12.1146445832603	44.5
2.96888650947866	12.1126921522594	44.5
2.98067433279781	12.1107130883331	44.5
2.99246683646358	12.1087073914816	44.5
3.00426402047599	12.1066750617047	44.5
3.01606588483502	12.1046160990026	44.5
3.02787242954069	12.1025305033753	44.5
3.03968365459297	12.1004182748226	44.5
3.05149955999189	12.0982794133447	44.5
3.06332014573744	12.0961139189415	44.5
3.07514541182961	12.0939217916129	44.5
3.08697535826841	12.0917030313592	44.5
3.09880998505384	12.0894576381801	44.5
3.11064929218589	12.0871856120758	44.5
3.12249327966457	12.0848869530461	44.5
3.13434194748989	12.0825616610912	44.5
3.14619529566183	12.080209736211	44.5
3.15805332418039	12.0778311784056	44.5
3.16991603304559	12.0754259876748	44.5
3.18178342225741	12.0729941640188	44.5
3.19365549181586	12.0705357074375	44.5
3.20553224172094	12.0680506179309	44.5
3.21741367197265	12.065538895499	44.5
3.22929978257098	12.0630005401419	44.5
3.24119057351594	12.0604355518595	44.5
3.25308604480753	12.0578439306518	44.5
3.26498619644575	12.0552256765188	44.5
3.27689102843059	12.0525807894605	44.5
3.28880054076207	12.0499092694769	44.5
3.30071473344017	12.0472111165681	44.5
3.3126336064649	12.044486330734	44.5
3.32455715983626	12.0417349119746	44.5
3.33648539355424	12.0389568602899	44.5
3.34841830761885	12.03615217568	44.5
3.36035590203009	12.0333208581447	44.5
3.37229817678796	12.0304629076842	44.5
3.38424513189246	12.0275783242984	44.5
3.39619676734358	12.0246671079873	44.5
3.40815308314133	12.021729258751	44.5
3.42011407928571	12.0187647765893	44.5
3.43207975577672	12.0157736615024	44.5
3.44405011261435	12.0127559134902	44.5
3.45602514979862	12.0097115325527	44.5
3.4680048673295	12.00664051869	44.5
3.47998926520702	12.0035428719019	44.5
3.49197834343117	12.0004185921886	44.5
3.50397210200195	11.99726767955	44.5
3.51597054091934	11.9940901339861	44.5
3.52797366018338	11.990885955497	44.5
3.53998145979403	11.9876551440825	44.5
3.55199393975132	11.9843976997428	44.5
3.56401110005523	11.9811136224778	44.5
3.57603294070577	11.9778029122875	44.5
3.58805946170294	11.9744655691719	44.5
3.60009066304674	11.9711015931311	44.5
3.61212654473716	11.967710984165	44.5
3.62416710677421	11.9642937422735	44.5
3.63621234915789	11.9608498674569	44.5
3.6482622718882	11.9573793597149	44.5
3.66031687496514	11.9538822190476	44.5
3.6723761583887	11.9503584454551	44.5
3.68444012215889	11.9468080389373	44.5
3.69650876627571	11.9432309994942	44.5
3.70858209073916	11.9396273271258	44.5
3.72066009554923	11.9359970218322	44.5
3.73274278070593	11.9323400836132	44.5
3.74483014620927	11.928656512469	44.5
3.75692219205923	11.9249463083995	44.5
3.76901891825581	11.9212094714047	44.5
3.78112032479903	11.9174460014847	44.5
3.79322641168886	11.9136558986394	44.5
3.80533717892533	11.9098391628687	44.5
3.81745262650843	11.9059957941728	44.5
3.82957275443816	11.9021257925517	44.5
3.84169756271451	11.8982291580052	44.5
3.85382705133749	11.8943058905335	44.5
3.8659612203071	11.8903559901364	44.5
3.87810006962334	11.8863794568141	44.5
3.8902435992862	11.8823762905665	44.5
3.90239180929569	11.8783464913937	44.5
3.91454469965181	11.8742900592955	44.5
3.92670227035456	11.8702069942721	44.5
3.93886452140394	11.8660972963234	44.5
3.95103145279994	11.8619609654494	44.5
3.96320306454257	11.8577980016502	44.5
3.97537935663183	11.8536084049256	44.5
3.98756032906771	11.8493921752758	44.5
3.99974598185023	11.8451493127007	44.5
4.01193631497937	11.8408798172003	44.5
4.02413132845514	11.8365836887746	44.5
4.03633102227754	11.8322609274237	44.5
4.04853539644657	11.8279115331474	44.5
4.06074445096222	11.8235355059459	44.5
4.0729581858245	11.8191328458191	44.5
4.08517660103341	11.8147035527671	44.5
4.09739969658895	11.8102476267897	44.5
4.10962747249111	11.8057650678871	44.5
4.12185992873991	11.8012558760592	44.5
4.13409706533533	11.796720051306	44.5
4.14633888227738	11.7921575936275	44.5
4.15858537956606	11.7875685030237	44.5
4.17083655720135	11.7829527794947	44.5
4.18309241518329	11.7783104230404	44.5
4.19535295351185	11.7736414336608	44.5
4.20761817218703	11.7689458113559	44.5
4.21988807120885	11.7642235561257	44.5
4.23216265057729	11.7594746679703	44.5
4.24444191029237	11.7546991468896	44.5
4.25672585035407	11.7498969928836	44.5
4.26901447076239	11.7450682059523	44.5
4.28130777151735	11.7402127860957	44.5
4.29360575261893	11.7353307333139	44.5
4.30590841406714	11.7304220476068	44.5
4.31821575586198	11.7254867289744	44.5
4.33052777800344	11.7205247774167	44.5
4.34284448049154	11.7155361929337	44.5
4.35516586332626	11.7105209755255	44.5
4.3674919265076	11.7054791251919	44.5
4.37982267003559	11.7004106419331	44.5
4.39215809391019	11.695315525749	44.5
4.40449819813142	11.6901937766397	44.5
4.41684298269928	11.685045394605	44.5
4.42919244761377	11.6798703796451	44.5
4.44154659287489	11.6746687317599	44.5
4.45390541848263	11.6694404509494	44.5
4.466268924437	11.6641855372136	44.5
4.478637110738	11.6589039905526	44.5
4.49100997738563	11.6535958109662	44.5
4.50338752437988	11.6482609984546	44.5
4.51576975172077	11.6428995530177	44.5
4.52815665940827	11.6375114746555	44.5
4.54054824744242	11.6320967633681	44.5
4.55294451582319	11.6266554191553	44.5
4.56534546455057	11.6211874420173	44.5
4.5777510936246	11.615692831954	44.5
4.59016140304525	11.6101715889655	44.5
4.60257639281253	11.6046237130516	44.5
4.61499606292643	11.5990492042125	44.5
4.62742041338696	11.593448062448	44.5
4.63984944419413	11.5878202877583	44.5
4.65228315534792	11.5821658801434	44.5
4.66472154684833	11.5764848396031	44.5
4.67716461869538	11.5707771661376	44.5
4.68961237088905	11.5650428597467	44.5
4.70206480342935	11.5592819204306	44.5
4.71452191631628	11.5534943481892	44.5
4.72698370954983	11.5476801430226	44.5
4.73945018313002	11.5418393049306	44.5
4.75192133705683	11.5359718339134	44.5
4.76439717133027	11.5300777299709	44.5
4.77687768595034	11.5241569931031	44.5
4.78936288091703	11.51820962331	44.5
4.80185275623035	11.5122356205917	44.5
4.81434731189031	11.5062349849481	44.5
4.82684654789688	11.5002077163792	44.5
4.8393504642501	11.494153814885	44.5
4.85185906094993	11.4880732804655	44.5
4.86437233799639	11.4819661131207	44.5
4.87689029538948	11.4758323128507	44.5
4.88941293312919	11.4696718796554	44.5
4.90194025121554	11.4634848135348	44.5
4.91447224964852	11.4572711144889	44.5
4.92700892842812	11.4510307825178	44.5
4.93955028755435	11.4447638176213	44.5
4.9520963270272	11.4384702197996	44.5
4.96464704684669	11.4321499890526	44.5
4.9772024470128	11.4258031253804	44.5
4.98976252752554	11.4194296287828	44.5
5.00232728838491	11.41302949926	44.5
5.0148967295909	11.4066027368118	44.5
5.02747085114353	11.4001493414384	44.5
5.04004965304278	11.3936693131398	44.5
5.05263313528866	11.3871626519158	44.5
5.06522129788117	11.3806293577666	44.5
5.0778141408203	11.374069430692	44.5
5.09041166410606	11.3674828706922	44.5
5.10301386773845	11.3608696777671	44.5
5.11562075171747	11.3542298519168	44.5
5.12823231604312	11.3475633931411	44.5
5.14084856071539	11.3408703014402	44.5
5.15346948573429	11.334150576814	44.5
5.16609509109983	11.3274042192625	44.5
5.17872537681198	11.3206312287858	44.5
5.19136034287077	11.3138316053837	44.5
5.20399998927618	11.3070053490564	44.5
5.21664431602822	11.3001524598038	44.5
5.22929332312689	11.2932729376259	44.5
5.24194701057218	11.2863667825227	44.5
5.25460537836411	11.2794339944943	44.5
5.26726842650266	11.2724745735405	44.5
5.27993615498784	11.2654885196615	44.5
5.29260856381965	11.2584758328572	44.5
5.30528565299809	11.2514365131277	44.5
5.31796742252315	11.2443705604728	44.5
5.33065387239484	11.2372779748927	44.5
5.34334500261316	11.2301587563873	44.5
5.3560408131781	11.2230129049566	44.5
5.36874130408968	11.2158404206006	44.5
5.38144647534789	11.2086413033193	44.5
5.39415632695272	11.2014155531128	44.5
5.40687085890418	11.194163169981	44.5
5.41959007120226	11.1868841539239	44.5
5.43231396384697	11.1795785049415	44.5
5.44504253683832	11.1722462230338	44.5
5.45777579017629	11.1648873082009	44.5
5.47051372386088	11.1575017604427	44.5
5.48325633789211	11.1500895797592	44.5
5.49600363226996	11.1426507661504	44.5
5.50875560699444	11.1351853196163	44.5
5.52151226206555	11.127693240157	44.5
5.53427359748328	11.1201745277724	44.5
5.54703961324766	11.1126291824624	44.5
5.55981030935865	11.1050572042273	44.5
5.57258568581626	11.0974585930668	44.5
5.58536574262052	11.0898333489811	44.5
5.59815047977139	11.08218147197	44.5
5.61093989726889	11.0745029620337	44.5
5.62373399511302	11.0667978191721	44.5
5.63653277330378	11.0590660433853	44.5
5.64933623184117	11.0513076346731	44.5
5.66214437072519	11.0435225930357	44.5
5.67495718995583	11.035710918473	44.5
5.6877746895331	11.027872610985	44.5
5.70059686945699	11.0200076705717	44.5
5.71342372972752	11.0121160972332	44.5
5.72625527034467	11.0041978909693	44.5
5.73909149130846	10.9962530517802	44.5
5.75193239261887	10.9882815796658	44.5
5.7647779742759	10.9802834746261	44.5
5.77762823627957	10.9722587366612	44.5
5.79048317862986	10.9642073657709	44.5
5.80334280132679	10.9561293619554	44.5
5.81620710437033	10.9480247252146	44.5
5.82907608776051	10.9398934555485	44.5
5.84194975149731	10.9317355529572	44.5
5.85482809558074	10.9235510174405	44.5
5.8677111200108	10.9153398489986	44.5
5.88059882478749	10.9071020476314	44.5
5.89349120991081	10.8988376133389	44.5
5.90638827538075	10.8905465461212	44.5
5.91929002119732	10.8822288459781	44.5
5.93219644736052	10.8738845129098	44.5
5.94510755387035	10.8655135469162	44.5
5.9580233407268	10.8571159479973	44.5
5.97094380792988	10.8486917161532	44.5
5.98386895547959	10.8402408513837	44.5
5.99679878337594	10.831763353689	44.5
6.0097332916189	10.823259223069	44.5
6.02267248020849	10.8147284595237	44.5
6.03561634914471	10.8061710630531	44.5
6.04856489842756	10.7975870336573	44.5
6.06151812805704	10.7889763713362	44.5
6.07447603803315	10.7803390760897	44.5
6.08743862835588	10.7716751479181	44.5
6.10040589902524	10.7629845868211	44.5
6.11337785004122	10.7542673927988	44.5
6.12635448140384	10.7455235658513	44.5
6.13933579311309	10.7367531059785	44.5
6.15232178516896	10.7279560131804	44.5
6.16531245757146	10.719132287457	44.5
6.17830781032059	10.7102819288084	44.5
6.19130784341634	10.7014049372344	44.5
6.20431255685872	10.6925013127352	44.5
6.21732195064774	10.6835710553107	44.5
6.23033602478338	10.6746141649609	44.5
6.24335477926564	10.6656306416859	44.5
6.25637821409454	10.6566204854855	44.5
6.26940632927006	10.6475836963599	44.5
6.28243912479221	10.638520274309	44.5
6.29547660066099	10.6294302193328	44.5
6.3085187568764	10.6203135314314	44.5
6.32156559343843	10.6111702106046	44.5
6.33461711034709	10.6020002568526	44.5
6.34767330760238	10.5928036701753	44.5
6.36073418520429	10.5835804505727	44.5
6.37379974315284	10.5743305980449	44.5
6.38686998144802	10.5650541125917	44.5
6.39994490008981	10.5557509942133	44.5
6.41302449907824	10.5464212429096	44.5
6.4261087784133	10.5370648586806	44.5
6.43919773809498	10.5276818415263	44.5
6.45229137812329	10.5182721914468	44.5
6.46538969849824	10.508835908442	44.5
6.4784926992198	10.4993729925118	44.5
6.491600380288	10.4898834436565	44.5
6.50471274170282	10.4803672618758	44.5
6.51782978346427	10.4708244471698	44.5
6.53095150557235	10.4612549995386	44.5
6.54407790802706	10.4516589189821	44.5
6.55720899082839	10.4420362055003	44.5
6.57034475397635	10.4323868590932	44.5
6.58348519747094	10.4227108797609	44.5
6.59663032131216	10.4130082675032	44.5
6.6097801255	10.4032790223203	44.5
6.62293461003448	10.3935231442121	44.5
6.63609377491558	10.3837406331787	44.5
6.64925762014331	10.3739314892199	44.5
6.66242614571767	10.3640957123359	44.5
6.67559935163865	10.3542333025265	44.5
6.68877723790627	10.3443442597919	44.5
6.70195980452051	10.3344285841321	44.5
6.71514705148137	10.3244862755469	44.5
6.72833897878887	10.3145173340365	44.5
6.74153558644299	10.3045217596007	44.5
6.75473687444374	10.2944995522397	44.5
6.76794284279112	10.2844507119535	44.5
6.78115349148514	10.2743752387419	44.5
6.79436882052577	10.264273132605	44.5
6.80758882991303	10.2541443935429	44.5
6.82081351964692	10.2439890215555	44.5
6.83404288972744	10.2338070166428	44.5
6.84727694015459	10.2235983788049	44.5
6.86051567092836	10.2133631080416	44.5
6.87375908204876	10.2031012043531	44.5
6.88700717351579	10.1928126677393	44.5
6.90025994532945	10.1824974982002	44.5
6.91351739748973	10.1721556957358	44.5
6.92677952999664	10.1617872603462	44.5
6.94004634285019	10.1513921920312	44.5
6.95331783605036	10.140970490791	44.5
6.96659400959715	10.1305221566255	44.5
6.97987486349058	10.1200471895348	44.5
6.99316039773063	10.1095455895187	44.5
7.00645061231732	10.0990173565774	44.5
7.01974550725062	10.0884624907108	44.5
7.03304508253056	10.0778809919189	44.5
7.04634933815712	10.0672728602017	44.5
7.05965827413031	10.0566380955592	44.5
7.07297189045013	10.0459766979915	44.5
7.08629018711658	10.0352886674985	44.5
7.09961316412966	10.0245740040802	44.5
7.11294082148935	10.0138327077366	44.5
7.12627315919568	10.0030647784678	44.5
7.13961017724865	9.99227021627361	44.5
7.15295187564823	9.98144902115419	44.5
7.16629825439445	9.97060119310949	44.5
7.17964931348729	9.95972673213951	44.5
7.19300505292676	9.94882563824425	44.5
7.20636547271285	9.93789791142371	44.5
7.21973057284558	9.92694355167788	44.5
7.23310035332494	9.91596255900678	44.5
7.24647481415091	9.90495493341039	44.5
7.25985395532352	9.89392067488873	44.5
7.27323777684276	9.88285978344178	44.5
7.28662627870862	9.87177225906956	44.5
7.30001946092111	9.86065810177205	44.5
7.31341732348024	9.84951731154926	44.5
7.32681986638598	9.83834988840119	44.5
7.34022708963836	9.82715583232784	44.5
7.35363899323736	9.81593514332921	44.5
7.367055577183	9.8046878214053	44.5
7.38047684147526	9.79341386655611	44.5
7.39390278611414	9.78211327878164	44.5
7.40733341109966	9.77078605808189	44.5
7.4207687164318	9.75943220445686	44.5
7.43420870211057	9.74805171790655	44.5
7.44765336813597	9.73664459843095	44.5
7.46110271450799	9.72521084603008	44.5
7.47455674122665	9.71375046070392	44.5
7.48801544829193	9.70226344245248	44.5
7.50147883570384	9.69074979127577	44.5
7.51494690346238	9.67920950717377	44.5
7.52841965156755	9.66764259014649	44.5
7.54189708001934	9.65604904019393	44.5
7.55537918881776	9.6444288573161	44.5
7.56886597796281	9.63278204151298	44.5
7.58235744745448	9.62110859278458	44.5
7.59585359729279	9.6094085111309	44.5
7.60935442747772	9.59768179655194	44.5
7.62285993800928	9.58592844904769	44.5
7.63637012888747	9.57414846861817	44.5
7.64988500011228	9.56234185526337	44.5
7.66340455168373	9.55050860898328	44.5
7.6769287836018	9.53864872977792	44.5
7.6904576958665	9.52676221764727	44.5
7.70399128847782	9.51484907259135	44.5
7.71752956143578	9.50290929461014	44.5
7.73107251474036	9.49094288370366	44.5
7.74462014839158	9.47894983987189	44.5
7.75817246238941	9.46693016311484	44.5
7.77172945673387	9.45488385343251	44.5
7.78529113142497	9.4428109108249	44.5
7.79885748646269	9.43071133529201	44.5
7.81242852184704	9.41858512683384	44.5
7.82600423757802	9.40643228545039	44.5
7.83958463365563	9.39425281114166	44.5
7.85316971007986	9.38204670390765	44.5
7.86675946685072	9.36981396374835	44.5
7.88035390396821	9.35755459066378	44.5
7.89395302143232	9.34526858465393	44.5
7.90755681924307	9.33295594571879	44.5
7.92116529740044	9.32061667385838	44.5
7.93477845590444	9.30825076907268	44.5
7.94839629475506	9.2958582313617	44.5
7.96201881395232	9.28343906072545	44.5
7.9756460134962	9.27099325716391	44.5
7.98927789338672	9.25852082067709	44.5
8.00291445362385	9.24602175126499	44.5
8.01655569420763	9.23349604892761	44.5
8.03020161513802	9.22094371366495	44.5
8.04385221641504	9.20836474547701	44.5
8.05750749803869	9.19575914436379	44.5
8.07116746000897	9.18312691032529	44.5
8.08483210232588	9.1704680433615	44.5
8.09850142498941	9.15778254347244	44.5
8.11217542799957	9.1450704106581	44.5
8.12585411135635	9.13233164491847	44.5
8.13953747505978	9.11956624625357	44.5
8.15322551910982	9.10677421466338	44.5
8.16691824350649	9.09395555014791	44.5
8.18061564824979	9.08111025270717	44.5
8.19431773333972	9.06823832234114	44.5
8.20802449877628	9.05533975904983	44.5
8.22173594455946	9.04241456283324	44.5
8.23545207068928	9.02946273369137	44.5
8.24917287716571	9.01648427162422	44.5
8.26289836398878	9.00347917663179	44.5
8.27662853115848	8.99044744871408	44.5
8.2903633786748	8.97738908787109	44.5
8.30410290653775	8.96430409410281	44.5
8.31784711474733	8.95119246740926	44.5
8.33159600330354	8.93805420779043	44.5
8.34534957220637	8.92488931524631	44.5
8.35910782145584	8.91169778977692	44.5
8.37287075105193	8.89847963138224	44.5
8.38663836099465	8.88523484006229	44.5
8.40041065128399	8.87196341581705	44.5
8.41418762191996	8.85866535864653	44.5
8.42796927290257	8.84534066855073	44.5
8.44175560423179	8.83198934552965	44.5
8.45554661590765	8.8186113895833	44.5
8.46934230793013	8.80520680071166	44.5
8.48314268029925	8.79177557891473	44.5
8.49694773301499	8.77831772419253	44.5
8.51075746607736	8.76483323654505	44.5
8.52457187948635	8.75132211597229	44.5
8.53839097324198	8.73778436247425	44.5
8.55221474734423	8.72421997605092	44.5
8.56604320179311	8.71062895670232	44.5
8.57987633658862	8.69701130442843	44.5
8.59371415173075	8.68336701922927	44.5
8.60755664721952	8.66969610110482	44.5
8.62140382305491	8.6559985500551	44.5
8.63525567923693	8.64227436608009	44.5
8.64911221576557	8.6285235491798	44.5
8.66297343264085	8.61474609935423	44.5
8.67683932986275	8.60094201660338	44.5
8.69070990743128	8.58711130092725	44.5
8.70458516534644	8.57325395232584	44.5
8.71846510360822	8.55936997079915	44.5
8.73234972221663	8.54545935634718	44.5
8.74623902117168	8.53152210896993	44.5
8.76013300047335	8.51755822866739	44.5
8.77403166012164	8.50356771543958	44.5
8.78793500011657	8.48955056928649	44.5
8.80184302045812	8.47550679020811	44.5
8.8157557211463	8.46143637820446	44.5
8.82967310218111	8.44733933327552	44.5
8.84359516356255	8.4332156554213	44.5
8.85752190529061	8.4190653446418	44.5
8.8714533273653	8.40488840093703	44.5
8.88538942978662	8.39068482430697	44.5
8.89933021255457	8.37645461475163	44.5
8.91327567566914	8.36219777227101	44.5
8.92722581913035	8.34791429686511	44.5
8.94118064293818	8.33360418853393	44.5
8.94815980997208	8.32643914702136	44.5
8.95514014709264	8.31926744727747	44.5
8.96212165429985	8.31208908930226	44.5
8.96910433159372	8.30490407309573	44.5
8.97608817897425	8.29771239865787	44.5
8.98307319644143	8.2905140659887	44.5
8.99005938399528	8.28330907508821	44.5
8.99704674163578	8.2760974259564	44.5
9.00403526936294	8.26887911859327	44.5
9.01102496717674	8.26165415299882	44.5
9.01801583507721	8.25442252917304	44.5
9.02500787306435	8.24718424711595	44.5
9.03200108113813	8.23993930682754	44.5
9.03899545929857	8.23268770830781	44.5
9.04599100754567	8.22542945155675	44.5
9.05298772587943	8.21816453657438	44.5
9.05998561429984	8.21089296336069	44.5
9.0669846728069	8.20361473191567	44.5
9.07398490140063	8.19632984223934	44.5
9.08098630008102	8.18903829433169	44.5
9.08798886884805	8.18174008819271	44.5
9.09499260770175	8.17443522382242	44.5
9.10199751664211	8.16712370122081	44.5
9.10900359566912	8.15980552038787	44.5
9.11601084478279	8.15248068132362	44.5
9.12301926398311	8.14514918402804	44.5
9.13002885327009	8.13781102850115	44.5
9.13703961264373	8.13046621474293	44.5
9.14405154210402	8.1231147427534	44.5
9.15106464165098	8.11575661253254	44.5
9.15807891128458	8.10839182408037	44.5
9.16509435100485	8.10102037739687	44.5
9.17211096081177	8.09364227248206	44.5
9.17912874070536	8.08625750933592	44.5
9.18614769068559	8.07886608795847	44.5
9.19316781075249	8.07146800834969	44.5
9.20018910090604	8.06406327050959	44.5
9.20721156114625	8.05665187443818	44.5
9.21423519147312	8.04923382013544	44.5
9.22125999188663	8.04180910760138	44.5
9.22828596238681	8.03437773683601	44.5
9.23531310297365	8.02693970783931	44.5
9.24234141364715	8.01949502061129	44.5
9.24937089440729	8.01204367515195	44.5
9.2564015452541	8.0045856714613	44.5
9.26343336618756	7.99712100953932	44.5
9.27046635720769	7.98964968938602	44.5
9.27750051831446	7.9821717110014	44.5
9.2845358495079	7.97468707438546	44.5
9.29157235078799	7.96719577953821	44.5
9.29861002215474	7.95969782645963	44.5
9.30564886360814	7.95219321514973	44.5
9.3126888751482	7.94468194560851	44.5
9.31973005677492	7.93716401783597	44.5
9.3267724084883	7.92963943183211	44.5
9.33381593028833	7.92210818759694	44.5
9.34086062217502	7.91457028513044	44.5
9.34790648414837	7.90702572443262	44.5
9.35495351620838	7.89947450550348	44.5
9.36200171835504	7.89191662834302	44.5
9.36905109058836	7.88435209295124	44.5
9.37610163290833	7.87678089932814	44.5
9.38315334531496	7.86920304747372	44.5
9.39020622780826	7.86161853738798	44.5
9.3972602803882	7.85402736907092	44.5
9.4043155030548	7.84642954252254	44.5
9.41137189580806	7.83882505774283	44.5
9.41842945864798	7.83121391473181	44.5
9.42548819157455	7.82359611348947	44.5
9.43254809458778	7.81597165401581	44.5
9.43960916768767	7.80834053631083	44.5
9.44667141087421	7.80070276037453	44.5
9.45373482414742	7.79305832620691	44.5
9.46079940750727	7.78540723380796	44.5
9.46786516095379	7.7777494831777	44.5
9.47493208448696	7.77008507431612	44.5
9.48200017810679	7.76241400722322	44.5
9.48906944181328	7.75473628189899	44.5
9.49613987560642	7.74705189834345	44.5
9.50321147948622	7.73936085655659	44.5
9.51028425345268	7.73166315653841	44.5
9.51735819750579	7.7239587982889	44.5
9.52443331164557	7.71624778180808	44.5
9.53150959587199	7.70853010709594	44.5
9.53858705018508	7.70080577415247	44.5
9.54566567458482	7.69307478297769	44.5
9.55274546907122	7.68533713357159	44.5
9.55982643364428	7.67759282593416	44.5
9.56690856830399	7.66984186006542	44.5
9.57399187305035	7.66208423596535	44.5
9.58107634788338	7.65431995363397	44.5
9.58816199280307	7.64654901307127	44.5
9.5952488078094	7.63877141427724	44.5
9.60233679290241	7.63098715725189	44.5
9.60942594808206	7.62319624199523	44.5
9.61651627334837	7.61539866850724	44.5
9.62360776870134	7.60759443678794	44.5
9.63070043414097	7.59978354683731	44.5
9.63779426966725	7.59196599865537	44.5
9.64488927528019	7.5841417922421	44.5
9.65198545097979	7.57631092759751	44.5
9.65908279676604	7.56847340472161	44.5
9.66618131263895	7.56062922361438	44.5
9.67328099859851	7.55277838427584	44.5
9.68038185464474	7.54492088670597	44.5
9.68748388077762	7.53705673090478	44.5
9.69458707699716	7.52918591687228	44.5
9.70169144330335	7.52130844460845	44.5
9.70879697969621	7.5134243141133	44.5
9.71590368617571	7.50553352538683	44.5
9.72301156274188	7.49763607842905	44.5
9.7301206093947	7.48973197323994	44.5
9.73723082613419	7.48182120981951	44.5
9.74434221296032	7.47390378816776	44.5
9.75145476987311	7.46597970828469	44.5
9.75856849687256	7.45804897017031	44.5
9.76568339395867	7.4501115738246	44.5
9.77279946113143	7.44216751924757	44.5
9.77991669839086	7.43421680643922	44.5
9.78703510573694	7.42625943539955	44.5
9.79415468316967	7.41829540612856	44.5
9.80127543068907	7.41032471862625	44.5
9.80839734829512	7.40234737289262	44.5
9.81552043598782	7.39436336892767	44.5
9.82264469376718	7.3863727067314	44.5
9.8297701216332	7.37837538630381	44.5
9.83689671958588	7.3703714076449	44.5
9.84402448762521	7.36236077075467	44.5
9.85115342575121	7.35434347563312	44.5
9.85828353396386	7.34631952228025	44.5
9.86541481226316	7.33828891069606	44.5
9.87254726064912	7.33025164088055	44.5
9.87968087912174	7.32220771283372	44.5
9.88681566768101	7.31415712655557	44.5
9.89395162632695	7.3060998820461	44.5
9.90108875505954	7.29803597930531	44.5
9.90822705387878	7.28996541833319	44.5
9.91536652278469	7.28188819912976	44.5
9.92250716177725	7.27380432169501	44.5
9.92964897085647	7.26571378602894	44.5
9.93679195002235	7.25761659213155	44.5
9.94393609927487	7.24951274000284	44.5
9.95108141861406	7.2414022296428	44.5
9.95822790803991	7.23328506105145	44.5
9.96537556755241	7.22516123422877	44.5
9.97252439715157	7.21703074917478	44.5
9.97967439683739	7.20889360588947	44.5
9.98682556660986	7.20074980437284	44.5
9.99397790646899	7.19259934462488	44.5
10.0011314164148	7.18444222664561	44.5
10.0082860964472	7.17627845043502	44.5
10.0154419465663	7.1681080159931	44.5
10.0225989667721	7.15993092331987	44.5
10.0297571570645	7.15174717241531	44.5
10.0369165174436	7.14355676327944	44.5
10.0440770479093	7.13535969591224	44.5
10.0512387484617	7.12715597031373	44.5
10.0584016191007	7.1189455864839	44.5
10.0655656598264	7.11072854442274	44.5
10.0727308706388	7.10250484413027	44.5
10.0798972515378	7.09427448560647	44.5
10.0870648025235	7.08603746885136	44.5
10.0942335235958	7.07779379386492	44.5
10.1014034147548	7.06954346064716	44.5
10.1085744760004	7.06128646919809	44.5
10.1157467073327	7.05302281951769	44.5
10.1229201087517	7.04475251160597	44.5
10.1300946802573	7.03647554546294	44.5
10.1372704218496	7.02819192108858	44.5
10.1444473335285	7.01990163848291	44.5
10.1516254152941	7.01160469764591	44.5
10.1588046671463	7.00330109857759	44.5
10.1659850890852	6.99499084127796	44.5
10.1731666811108	6.986673925747	44.5
10.180349443223	6.97835035198472	44.5
10.1875333754218	6.97002011999112	44.5
10.1947184777074	6.96168322976621	44.5
10.2019047500795	6.95333968130997	44.5
10.2090921925384	6.94498947462241	44.5
10.2162808050839	6.93663260970353	44.5
10.223470587716	6.92826908655333	44.5
10.2306615404348	6.91989890517181	44.5
10.2378536632403	6.91152206555898	44.5
10.2450469561324	6.90313856771482	44.5
10.2522414191112	6.89474841163934	44.5
10.2594370521766	6.88635159733254	44.5
10.2666338553287	6.87794812479442	44.5
10.2738318285675	6.86953799402498	44.5
10.2810309718929	6.86112120502422	44.5
10.288231285305	6.85269775779214	44.5
10.2954327688037	6.84426765232874	44.5
10.3026354223891	6.83583088863402	44.5
10.3098392460611	6.82738746670798	44.5
10.3170442398198	6.81893738655062	44.5
10.3242504036651	6.81048064816194	44.5
10.3314577375972	6.80201725154194	44.5
10.3386662416158	6.79354719669062	44.5
10.3458759157211	6.78507048360798	44.5
10.3530867599131	6.77658711229402	44.5
10.3602987741918	6.76809708274874	44.5
10.367511958557	6.75960039497213	44.5
10.374726313009	6.75109704896421	44.5
10.3819418375476	6.74258704472497	44.5
10.3891585321729	6.73407038225441	44.5
10.3963763968848	6.72554706155253	44.5
10.4035954316834	6.71701708261932	44.5
10.4108156365686	6.7084804454548	44.5
10.4180370115405	6.69993715005896	44.5
10.425259556599	6.6913871964318	44.5
10.4324832717442	6.68283058457332	44.5
10.4397081569761	6.67426731448351	44.5
10.4469342122946	6.66569738616239	44.5
10.4541614376998	6.65712079960994	44.5
10.4613898331916	6.64853755482618	44.5
10.4686193987701	6.6399476518111	44.5
10.4758501344353	6.63135109056469	44.5
10.4830820401871	6.62274787108697	44.5
10.4903151160255	6.61413799337793	44.5
10.4975493619506	6.60552145743756	44.5
10.5047847779624	6.59689826326588	44.5
10.5120213640608	6.58826841086287	44.5
10.5192591202459	6.57963190022855	44.5
10.5264980465177	6.5709887313629	44.5
10.5337381428761	6.56233890426594	44.5
10.5409794093211	6.55368241893765	44.5
10.5482218458529	6.54501927537805	44.5
10.5554654524712	6.53634947358712	44.5
10.5627102291763	6.52767301356488	44.5
10.5699561759679	6.51898989531131	44.5
10.5772032928463	6.51030011882643	44.5
10.5844515798113	6.50160368411022	44.5
10.5917010368629	6.49290059116269	44.5
10.5989516640013	6.48419083998385	44.5
10.6062034612262	6.47547443057368	44.5
10.6134564285379	6.46675136293219	44.5
10.6207105659361	6.45802163705939	44.5
10.6279658734211	6.44928525295526	44.5
10.6352223509927	6.44054221061981	44.5
10.6424799986509	6.43179251005304	44.5
10.6497388163959	6.42303615125496	44.5
10.6569988042274	6.41427313422555	44.5
10.6642599621456	6.40550345896482	44.5
10.6715222901505	6.39672712547277	44.5
10.6787857882421	6.38794413374941	44.5
10.6860504564203	6.37915448379472	44.5
10.6933162946851	6.37035817560871	44.5
10.7005833030366	6.36155520919138	44.5
10.7078514814748	6.35274558454273	44.5
10.7151208299996	6.34392930166277	44.5
10.7223913486111	6.33510636055147	44.5
10.7296630373093	6.32627676120887	44.5
10.7369358960941	6.31744050363494	44.5
10.7442099249655	6.30859758782969	44.5
10.7514851239236	6.29974801379312	44.5
10.7587614929684	6.29089178152523	44.5
10.7660390320998	6.28202889102602	44.5
10.7733177413179	6.27315934229549	44.5
10.7805976206226	6.26428313533364	44.5
10.787878670014	6.25540027014047	44.5
10.7951608894921	6.24651074671598	44.5
10.8024442790568	6.23761456506017	44.5
10.8097288387081	6.22871172517304	44.5
10.8170145684462	6.21980222705458	44.5
10.8243014682709	6.21088607070481	44.5
10.8315895381822	6.20196325612372	44.5
10.8388787781802	6.19303378331131	44.5
10.8461691882648	6.18409765226758	44.5
10.8534607684361	6.17515486299253	44.5
10.8607535186941	6.16620541548616	44.5
10.8680474390387	6.15724930974846	44.5
10.87534252947	6.14828654577945	44.5
10.8826387899879	6.13931712357912	44.5
10.8899362205925	6.13034104314747	44.5
10.8972348212838	6.1213583044845	44.5
10.9045345920617	6.1123689075902	44.5
10.9118355329263	6.10337285246459	44.5
10.9191376438775	6.09437013910766	44.5
10.9264409249154	6.0853607675194	44.5
10.9337453760399	6.07634473769983	44.5
10.940945996475	6.06762365111804	44.5
10.9483097166117	6.05903983427671	44.5
10.9558339201554	6.05059633696509	44.5
10.9635159337922	6.04229615911755	44.5
10.9713530281394	6.03414224974778	44.5
10.9793424187147	6.02613750590094	44.5
10.9874812669256	6.01828477162441	44.5
10.995766681078	6.01058683695728	44.5
11.0041957174039	6.00304643693909	44.5
11.0127653811068	5.99566625063805	44.5
11.0214726274258	5.98844890019923	44.5
11.0303143627179	5.98139694991286	44.5
11.0392874455567	5.9745129053033	44.5
11.0483886878485	5.96779921223883	44.5
11.0576148559652	5.96125825606262	44.5
11.0669626718933	5.95489236074525	44.5
11.0764288143983	5.94870378805902	44.5
11.0860099202048	5.94269473677433	44.5
11.0957025851916	5.93686734187851	44.5
11.1055033656009	5.93122367381719	44.5
11.1154087792621	5.92576573775878	44.5
11.1254153068289	5.92049547288197	44.5
11.1355193930298	5.91541475168676	44.5
11.1457174479309	5.91052537932922	44.5
11.156005848212	5.90582909298005	44.5
11.1663809384534	5.90132756120744	44.5
11.176839032435	5.89702238338419	44.5
11.1873764144458	5.89291508911948	44.5
11.197989340604	5.88900713771541	44.5
11.2086740401877	5.88529991764849	44.5
11.2194267169739	5.88179474607638	44.5
11.2302435505877	5.87849286836983	44.5
11.2411206978596	5.87539545767028	44.5
11.2520542941911	5.87250361447299	44.5
11.2630404549274	5.86981836623609	44.5
11.2740752767379	5.86734066701549	44.5
11.285154839003	5.86507139712592	44.5
11.2962752052069	5.86301136282817	44.5
11.3074324243365	5.86116129604262	44.5
11.318622532285	5.85952185408918	44.5
11.3298415532603	5.85809361945378	44.5
11.3410855011976	5.85687709958138	44.5
11.3523503811759	5.8558727266957	44.5
11.3636321908368	5.85508085764565	44.5
11.3749269218071	5.85450177377852	44.5
11.3862305611228	5.85413568084005	44.5
11.3975390926545	5.85398270890133	44.5
11.4088484985348	5.85404291231256	44.5
11.4201547605858	5.85431626968374	44.5
11.4314538617463	5.85480268389232	44.5
11.4427417874995	5.85550198211763	44.5
11.4540145272991	5.85641391590234	44.5
11.4652680759944	5.85753816124073	44.5
11.476498435253	5.85887431869378	44.5
11.4877016149819	5.86042191353111	44.5
11.4988736347445	5.86218039589964	44.5
11.5100105251755	5.86414914101896	44.5
11.5211083293908	5.86632744940331	44.5
11.5321631043933	5.86871454711008	44.5
11.5431709224741	5.87130958601482	44.5
11.5541278726079	5.87411164411258	44.5
11.5650300618424	5.87711972584545	44.5
11.5758736166818	5.88033276245632	44.5
11.5866546844627	5.88374961236857	44.5
11.5973694347229	5.8873690615917	44.5
11.6080140605627	5.89118982415264	44.5
11.6185847799973	5.89521054255265	44.5
11.6290778373004	5.89942978824961	44.5
11.6394895043387	5.90384606216563	44.5
11.6498160818965	5.90845779521962	44.5
11.6600539009899	5.91326334888477	44.5
11.6701993241705	5.91826101577075	44.5
11.6802487468179	5.92344902023031	44.5
11.6901985984199	5.92882551899018	44.5
11.7000453438417	5.93438860180594	44.5
11.7097854845816	5.94013629214076	44.5
11.7194155600139	5.94606654786763	44.5
11.7289321486186	5.95217726199492	44.5
11.7383318691972	5.95846626341502	44.5
11.7476113820737	5.96493131767565	44.5
11.7567673902813	5.97157012777383	44.5
11.7657966407339	5.97838033497194	44.5
11.7746959253819	5.98535951963578	44.5
11.7834620823517	5.99250520209428	44.5
11.7920919970696	5.99981484352048	44.5
11.8005826033679	6.0072858468336	44.5
11.8089308845747	6.01491555762172	44.5
11.8171338745853	6.02270126508495	44.5
11.8251886589166	6.03064020299848	44.5
11.8330923757419	6.03872955069547	44.5
11.8408422169083	6.04696643406922	44.5
11.8484354289342	6.05534792659428	44.5
11.8558693139874	6.06387105036626	44.5
11.8631412308441	6.07253277715987	44.5
11.8702485958267	6.08133002950483	44.5
11.8771888837224	6.09025968177926	44.5
11.8839596286799	6.09931856132024	44.5
11.8905584250858	6.10850344955099	44.5
11.8969829284191	6.11781108312447	44.5
11.9032308560844	6.12723815508278	44.5
11.9092999882226	6.13678131603215	44.5
11.9151881685002	6.14643717533293	44.5
11.9208933048746	6.15620230230428	44.5
11.9264133703381	6.16607322744311	44.5
11.9317464036377	6.17604644365669	44.5
11.9368905099721	6.18611840750881	44.5
11.9418438616647	6.19628554047866	44.5
11.9466046988133	6.20654423023231	44.5
11.9511713299152	6.21689083190614	44.5
11.955542132468	6.22732166940185	44.5
11.9597155535465	6.23783303669253	44.5
11.9636901103539	6.24842119913944	44.5
11.9674643907492	6.25908239481888	44.5
11.9710370537484	6.26981283585879	44.5
11.9744068300016	6.28060870978456	44.5
11.9775725222432	6.2914661808736	44.5
11.9805330057178	6.30238139151812	44.5
11.9832872285797	6.31335046359575	44.5
11.9858342122667	6.32436949984742	44.5
11.9881730518476	6.33543458526202	44.5
11.9903029163439	6.34654178846738	44.5
11.9922230490247	6.35768716312709	44.5
11.9939327676762	6.36886674934261	44.5
11.9954314648434	6.38007657506019	44.5
11.9967186080464	6.39131265748213	44.5
11.9977937399693	6.40257100448184	44.5
11.9986564786228	6.41384761602225	44.5
11.99930651748	6.42513848557696	44.5
11.9997436255853	6.43643960155379	44.5
11.9999676476361	6.44774694872005	44.5
11.9999785040386	6.45905650962912	44.5
11.9997761909354	6.47036426604787	44.5
11.9993607802075	6.48166620038429	44.5
11.9987324194483	6.49295829711492	44.5
11.9978913319115	6.50423654421155	44.5
11.9968378164313	6.51549693456671	44.5
11.9955722473168	6.52673546741732	44.5
11.9940950742188	6.53794814976616	44.5
11.9924068219698	6.54913099780058	44.5
11.9905080903977	6.56028003830794	44.5
11.9883995541129	6.57139131008723	44.5
11.9860819622682	6.58246086535648	44.5
11.9835561382931	6.59348477115543	44.5
11.9808229796007	6.60445911074283	44.5
11.9778834572693	6.61537998498808	44.5
11.9747386156971	6.62624351375657	44.5
11.9713895722316	6.63704583728825	44.5
11.9678375167717	6.64778311756901	44.5
11.9640837113459	6.65845153969429	44.5
11.9601294896635	6.66904731322451	44.5
11.9559762566405	6.67956667353178	44.5
11.9516254879009	6.69000588313748	44.5
11.947078729252	6.70036123304014	44.5
11.9423375961356	6.71062904403326	44.5
11.9374037730538	6.72080566801247	44.5
11.9322790129702	6.73088748927173	44.5
11.9269651366879	6.74087092578796	44.5
11.9214640322017	6.7507524304937	44.5
11.9157776540279	6.76052849253738	44.5
11.9099080225095	6.7701956385307	44.5
11.9038572230988	6.77975043378273	44.5
11.8976274056158	6.7891894835202	44.5
11.8912207834851	6.79850943409369	44.5
11.8846396329491	6.80770697416915	44.5
11.8778862922592	6.81677883590437	44.5
11.8709631608451	6.82572179611008	44.5
11.8398453351135	6.86422913557268	44.5
11.8134071344344	6.89688329795761	44.5
11.7870065924109	6.92949086676481	44.5
11.7606443733016	6.96205102239877	44.5
11.7343211374125	6.99456295014252	44.5
11.7080375410971	7.02702584015773	44.5
11.6817942367561	7.05943888748459	44.5
11.6555918728379	7.0918012920419	44.5
11.6294310938382	7.12411225862702	44.5
11.6033125403003	7.15637099691589	44.5
11.5772368488147	7.18857672146303	44.5
11.5512046520196	7.22072865170154	44.5
11.5252165786005	7.25282601194308	44.5
11.4992732532904	7.28486803137791	44.5
11.4733752968696	7.31685394407486	44.5
11.447523326166	7.34878298898132	44.5
11.421717954055	7.38065440992327	44.5
11.3959597894592	7.41246745560527	44.5
11.3702494373489	7.44422137961044	44.5
11.3445874987416	7.4759154404005	44.5
11.3189745707025	7.50754890131573	44.5
11.293411246344	7.53912103057499	44.5
11.2678981148262	7.57063110127572	44.5
11.2424357613564	7.60207839139394	44.5
11.2170247671894	7.63346218378423	44.5
11.1916657096276	7.66478176617976	44.5
11.1663591620207	7.69603643119228	44.5
11.1411056937658	7.7272254763121	44.5
11.1159058703076	7.75834820390813	44.5
11.0907602531382	7.78940392122784	44.5
11.0656693997969	7.82039194039727	44.5
11.0406338638709	7.85131157842106	44.5
11.0156541949944	7.88216215718241	44.5
10.9907309388494	7.9129430034431	44.5
10.965864637165	7.94365344884348	44.5
10.941055827718	7.9742928299025	44.5
10.9163050443326	8.00486048801765	44.5
10.8916128168804	8.03535576946504	44.5
10.8669796712804	8.06577802539931	44.5
10.8424061294991	8.09612661185371	44.5
10.8178927095504	8.12640088974005	44.5
10.7934399254958	8.15660022484873	44.5
10.769048287444	8.18672398784873	44.5
10.7447183015513	8.21677155428758	44.5
10.7204504700215	8.2467423045914	44.5
10.6962452911056	8.27663562406491	44.5
10.6721032591023	8.30645090289136	44.5
10.6480248643577	8.33618753613262	44.5
10.6240105932651	8.36584492372912	44.5
10.6000609282655	8.39542247049985	44.5
10.5761763478473	8.42491958614241	44.5
10.5523573265463	8.45433568523294	44.5
10.5286043349457	8.4836701872262	44.5
10.5049178396763	8.51292251645548	44.5
10.4812983034162	8.54209210213268	44.5
10.457746184891	8.57117837834827	44.5
10.4342619388736	8.60018078407128	44.5
10.4108460161846	8.62909876314934	44.5
10.3874988636919	8.65793176430862	44.5
10.3642209243109	8.68667924115393	44.5
10.3410126370042	8.71534065216859	44.5
10.3178744367823	8.74391546071453	44.5
10.2948067547027	8.77240313503226	44.5
10.2718100178706	8.80080314824085	44.5
10.2488846494386	8.82911497833796	44.5
10.2260310686067	8.85733810819982	44.5
10.2032496906223	8.88547202558123	44.5
10.1805409267804	8.91351622311558	44.5
10.1579051844233	8.94147019831484	44.5
10.1353428669407	8.96933345356954	44.5
10.11285437377	8.99710549614878	44.5
10.0904401003958	9.02478583820028	44.5
10.0681004383501	9.05237399675028	44.5
10.0458357752127	9.07986949370364	44.5
10.0236464946104	9.10727185584378	44.5
10.0015329762177	9.13458061483269	44.5
9.97949559575657	9.16179530721095	44.5
9.95753472499628	9.1889154743977	44.5
9.93565073175361	9.21594066269068	44.5
9.9138439798928	9.24287042326619	44.5
9.8921148293255	9.2697043121791	44.5
9.87046363601083	9.29644189036288	44.5
9.84889075195532	9.32308272362956	44.5
9.82739652521298	9.34962638266974	44.5
9.80598129988524	9.37607244305262	44.5
9.78464541612099	9.40242048522596	44.5
9.76338921011654	9.4286700945161	44.5
9.74221301411568	9.45482086112794	44.5
9.72111715640959	9.480872380145	44.5
9.70010196133695	9.50682425152932	44.5
9.67916774928383	9.53267608012157	44.5
9.65831483668379	9.55842747564097	44.5
9.63754353601782	9.58407805268531	44.5
9.61685415581432	9.60962743073097	44.5
9.59624700064917	9.6350752341329	44.5
9.57572237114569	9.66042109212463	44.5
9.55528056397463	9.68566463881826	44.5
9.53492187185419	9.71080551320449	44.5
9.51464658355003	9.73584335915256	44.5
9.49445498387519	9.76077782541031	44.5
9.47434735369024	9.78560856560416	44.5
9.45432396990314	9.8103352382391	44.5
9.4343851054693	9.83495750669868	44.5
9.41453102939158	9.85947503924505	44.5
9.39476200672028	9.88388750901893	44.5
9.37507829855316	9.90819459403961	44.5
9.35548016203538	9.93239597720497	44.5
9.3359678503596	9.95649134629145	44.5
9.31654161276587	9.98048039395408	44.5
9.29720169454173	10.0043628177265	44.5
9.27794833702213	10.0281383200208	44.5
9.25878177758947	10.0518066081277	44.5
9.2397022496736	10.0753673942167	44.5
9.22070998275181	10.0988203953357	44.5
9.20180520234884	10.122165333411	44.5
9.18298813003685	10.1454019352478	44.5
9.16425898343549	10.1685299325297	44.5
9.1456179762118	10.1915490618189	44.5
9.12706531808029	10.2144590645562	44.5
9.10860121480291	10.237259687061	44.5
9.09022586818906	10.2599506805312	44.5
9.07193947609557	10.2825318010433	44.5
9.05374223242671	10.3050028095525	44.5
9.03563432713423	10.3273634718924	44.5
9.01761594621726	10.3496135587752	44.5
8.99968727172244	10.3717528457919	44.5
8.98184848174381	10.3937811134117	44.5
8.96409975042287	10.4156981469827	44.5
8.94644124794854	10.4375037367314	44.5
8.92887314055724	10.459197677763	44.5
8.91139559053275	10.4807797700611	44.5
8.89400875620636	10.5022498184881	44.5
8.87671279195679	10.5236076327849	44.5
8.85950784821019	10.5448530275707	44.5
8.84239407144015	10.5659858223438	44.5
8.82537160416771	10.5870058414806	44.5
8.80844058496137	10.6079129142364	44.5
8.79160114843704	10.6287068747448	44.5
8.7748534252581	10.6493875620182	44.5
8.75819754213536	10.6699548199476	44.5
8.74163362182708	10.6904084973023	44.5
8.72516178313897	10.7107484477305	44.5
8.70878214092416	10.7309745297587	44.5
8.69249480608324	10.7510866067922	44.5
8.67629988556423	10.7710845471147	44.5
8.66019748236263	10.7909682238886	44.5
8.64418769552133	10.8107375151549	44.5
8.62827062013071	10.830392303833	44.5
8.61244634732856	10.8499324777211	44.5
8.59671496430013	10.8693579294958	44.5
8.58107655427811	10.8886685567123	44.5
8.56553119654264	10.9078642618045	44.5
8.55007896642127	10.9269449520847	44.5
8.53471993528905	10.945910539744	44.5
8.51945417056843	10.9647609418519	44.5
8.50428173572931	10.9834960803565	44.5
8.48920269028905	11.0021158820844	44.5
8.47421708981243	11.0206202787411	44.5
8.4593249859117	11.0390092069103	44.5
8.44452642624653	11.0572826080545	44.5
8.42982145452402	11.0754404285146	44.5
8.41521011049878	11.0934826195103	44.5
8.40069242997278	11.1114091371397	44.5
8.38626844479549	11.1292199423796	44.5
8.3719381828638	11.1469150010853	44.5
8.35770166812205	11.1644942839906	44.5
8.34355892056201	11.1819577667081	44.5
8.32950995622292	11.1993054297287	44.5
8.31555478719144	11.2165372584221	44.5
8.30169342160168	11.2336532430365	44.5
8.28792586363519	11.2506533786987	44.5
8.27425211352097	11.267537665414	44.5
8.26067216753547	11.2843061080663	44.5
8.24718601800255	11.3009587164182	44.5
8.23379365329356	11.3174955051107	44.5
8.22049505782726	11.3339164936635	44.5
8.20729021206987	11.3502217064747	44.5
8.19417909253504	11.3664111728214	44.5
8.18116167178386	11.3824849268587	44.5
8.16823791842489	11.3984430076207	44.5
8.15540779711412	11.4142854590199	44.5
8.14267126855495	11.4300123298474	44.5
8.13002828949828	11.445623673773	44.5
8.11747881274241	11.4611195493448	44.5
8.1050227871331	11.4765000199898	44.5
8.09266015756356	11.4917651540133	44.5
8.08039086497445	11.5069150245994	44.5
8.06821484635382	11.5219497098106	44.5
8.05613203473722	11.5368692925882	44.5
8.04414235920764	11.5516738607517	44.5
8.03224574489548	11.5663635069995	44.5
8.02044211297861	11.5809383289085	44.5
8.00873138068232	11.5953984289342	44.5
7.99711346127938	11.6097439144106	44.5
7.98558826408996	11.6239748975503	44.5
7.97415569448171	11.6380914954445	44.5
7.9628156538697	11.652093830063	44.5
7.95156803971645	11.665982028254	44.5
7.94041274553192	11.6797562217446	44.5
7.92934966087353	11.6934165471401	44.5
7.91837867134613	11.7069631459248	44.5
7.90749965860199	11.7203961644612	44.5
7.89671250034088	11.7337157539905	44.5
7.88601707030995	11.7469220706326	44.5
7.87541323830384	11.7600152753858	44.5
7.86490087016461	11.7729955341272	44.5
7.85447982778177	11.7858630176121	44.5
7.84414996909228	11.7986179014748	44.5
7.83391114808053	11.8112603662278	44.5
7.82376321477836	11.8237905972626	44.5
7.81370601526505	11.8362087848488	44.5
7.80373939166733	11.848515124135	44.5
7.79386318215936	11.8607098151481	44.5
7.78407722096276	11.8727930627937	44.5
7.77438133834659	11.8847650768559	44.5
7.76477536062735	11.8966260719974	44.5
7.75525911016896	11.9083762677596	44.5
7.74583240538282	11.9200158885622	44.5
7.73649506072776	11.9315451637039	44.5
7.72724688671005	11.9429643273615	44.5
7.7180876898834	11.9542736185908	44.5
7.70901727284897	11.9654732813258	44.5
7.70003543425537	11.9765635643793	44.5
7.69114196879863	11.9875447214427	44.5
7.68233666722224	11.9984170110858	44.5
7.67361931631714	12.0091806967572	44.5
7.6649896989217	12.019836046784	44.5
7.65644759392173	12.0303833343717	44.5
7.6479927762505	12.0408228376045	44.5
7.63962501688871	12.0511548394454	44.5
7.6313440828645	12.0613796277355	44.5
7.62314973725347	12.071497495195	44.5
7.61504173917864	12.0815087394222	44.5
7.60701984381051	12.0914136628944	44.5
7.59908380236698	12.1012125729671	44.5
7.59123336211341	12.1109057818747	44.5
7.58346826636262	12.1204936067299	44.5
7.57578825447485	12.1299763695241	44.5
7.56819306185779	12.1393543971275	44.5
7.56068241996659	12.1486280212884	44.5
7.55325605630382	12.1577975786341	44.5
7.5459136944195	12.1668634106702	44.5
7.53865505391109	12.175825863781	44.5
7.53147985042352	12.1846852892295	44.5
7.52438779564911	12.193442043157	44.5
7.51737859732768	12.2020964865835	44.5
7.51045195924647	12.2106489854077	44.5
7.50360758124014	12.2190999104068	44.5
7.49684515919083	12.2274496372364	44.5
7.49016438502811	12.2356985464309	44.5
7.48356494672898	12.2438470234032	44.5
7.47704652831791	12.2518954584448	44.5
7.47060880986677	12.2598442467257	44.5
7.46425146749493	12.2676937882946	44.5
7.45177659570368	12.2830967558837	44.5
7.43961924284777	12.2981076591726	44.5
7.42777667558985	12.3127298741791	44.5
7.4162460973517	12.3269668549783	44.5
7.4050246483142	12.3408221337023	44.5
7.39410940541729	12.3542993205408	44.5
7.38349738236003	12.3674021037404	44.5
7.37318552960053	12.380134249605	44.5
7.36317073435606	12.3924996024958	44.5
7.35344982060292	12.4045020848311	44.5
7.34401954907652	12.4161456970866	44.5
7.33487661727137	12.4274345177952	44.5
7.32601765944107	12.4383727035467	44.5
7.3174392465983	12.4489644889886	44.5
7.30913788651484	12.4592141868254	44.5
7.30111002372157	12.4691261878187	44.5
7.29335203950843	12.4787049607876	44.5
7.2858602519245	12.4879550526082	44.5
7.27863091577791	12.4968810882139	44.5
7.27166022263589	12.5054877705954	44.5
7.26494430082478	12.5137798808006	44.5
7.25847921542999	12.5217622779344	44.5
7.24924314236085	12.5331659830129	44.5
7.24054867998414	12.5439009528175	44.5
7.2323817475704	12.5539845747398	44.5
7.22472794423307	12.5634346313359	44.5
7.21757254892849	12.5722693003265	44.5
7.2109005204559	12.5805071545973	44.5
7.20272978984511	12.5905954230396	44.5
7.19535373459534	12.5997025081525	44.5
7.18873404537185	12.6078757129571	44.5
7.18146307384899	12.6168530345354	44.5
7.17410527756393	12.6259375477234	44.5
7.16722743499671	12.6344294652941	44.5
7.16072409975757	12.6424589832908	44.5
7.15441795483022	12.6502450343507	44.5
7.14794549907472	12.6582364255321	44.5
7.14122309843887	12.666519373933	44.5
7.13484147412754	12.6743205545572	44.5
7.12783129987066	12.6828109677711	44.5
7.121114887355	12.6908715142523	44.5
7.1143940291665	12.6988696867728	44.5
7.10671813622324	12.7079271740806	44.5
7.09954824320787	12.7163179739987	44.5
7.09163852618413	12.7255013717298	44.5
7.08475525835689	12.7334339172741	44.5
7.07735965591296	12.7418986454055	44.5
7.06943482386955	12.7509051957249	44.5
7.06096409233484	12.7604623353582	44.5
7.05424289610423	12.7679962962491	44.5
7.04719852203304	12.7758474307525	44.5
7.03982418678134	12.7840184713013	44.5
7.03211317822937	12.7925118742722	44.5
7.02405885547758	12.8013298199853	44.5
7.01565464884663	12.8104742127037	44.5
7.00689405987736	12.8199466806345	44.5
6.99777066133078	12.8297485759278	44.5
6.98827809718811	12.8398809746772	44.5
6.97841008265078	12.8503446769197	44.5
6.9681604041404	12.861140206636	44.5
6.9611122133987	12.8685217088352	44.5
6.95388986044937	12.8760508110769	44.5
6.94649155698784	12.8837274641283	44.5
6.93891552877773	12.8915515642267	44.5
6.93116001565085	12.89952295308	44.5
6.92322327150718	12.907641417866	44.5
6.9151035643149	12.9159066912332	44.5
6.9067991761104	12.9243184513001	44.5
6.8983084029982	12.9328763216557	44.5
6.88962955515106	12.9415798713592	44.5
6.88076095680989	12.9504286149402	44.5
6.87170094628382	12.9594220123985	44.5
6.86244787595012	12.9685594692042	44.5
6.8530001122543	12.9778403362979	44.5
6.84335603571001	12.9872639100901	44.5
6.83351404089911	12.9968294324621	44.5
6.82347253647165	13.0065360907652	44.5
6.81322994514585	13.016383017821	44.5
6.80278470370812	13.0263692919214	44.5
6.79213526301307	13.0364939368289	44.5
6.78128008798348	13.0467559217759	44.5
6.77021765761034	13.0571541614653	44.5
6.75894646495278	13.0676875160704	44.5
6.74746501713817	13.0783547912345	44.5
6.73577183536203	13.0891547380716	44.5
6.72386545488808	13.1000860531656	44.5
6.71174442504823	13.111147378571	44.5
6.69940730924257	13.1223373018125	44.5
6.68685268493937	13.1336543558851	44.5
6.67407914367509	13.145097019254	44.5
6.66108529105441	13.156663715855	44.5
6.64786974675011	13.168352815094	44.5
6.63443114450326	13.180162631847	44.5
6.62076813212305	13.1920914264608	44.5
6.60687937148688	13.204137404752	44.5
6.59276353854033	13.2162987180079	44.5
6.57841932329716	13.2285734629858	44.5
6.56384542983933	13.2409596819136	44.5
6.54904057631698	13.2534553624892	44.5
6.53400349494842	13.266058437881	44.5
6.51873293202019	13.2787667867277	44.5
6.51100970703249	13.2851597608607	44.5
6.50322764788696	13.2915782331381	44.5
6.49538660182609	13.2980219230534	44.5
6.48748641697163	13.3044905466917	44.5
6.47952694232461	13.3109838167301	44.5
6.47150802776528	13.3175014424378	44.5
6.4634295240532	13.3240431296757	44.5
6.45529128282715	13.3306085808965	44.5
6.44709315660521	13.337197495145	44.5
6.43883499878469	13.3438095680578	44.5
6.43051666364219	13.3504444918634	44.5
6.42213800633353	13.3571019553822	44.5
6.41369888289385	13.3637816440265	44.5
6.40519915023749	13.3704832398005	44.5
6.3966386661581	13.3772064213003	44.5
6.38801728932856	13.3839508637138	44.5
6.37933487930103	13.390716238821	44.5
6.37059129650694	13.3975022149935	44.5
6.36178640225695	13.4043084571951	44.5
6.35292005874099	13.4111346269813	44.5
6.34399212902829	13.4179803824995	44.5
6.33500247706729	13.4248453784891	44.5
6.32595096768573	13.4317292662813	44.5
6.31683746659058	13.4386316937992	44.5
6.3076618403681	13.4455523055579	44.5
6.29842395648379	13.4524907426643	44.5
6.28912368328243	13.4594466428172	44.5
6.27976088998804	13.4664196403072	44.5
6.27033544670392	13.4734093660171	44.5
6.26084722441264	13.4804154474212	44.5
6.25129609497599	13.487437508586	44.5
6.24168193113508	13.4944751701698	44.5
6.23200460651022	13.5015280494227	44.5
6.22226399560103	13.5085957601867	44.5
6.21245997378637	13.5156779128959	44.5
6.20259241732437	13.5227741145762	44.5
6.19266120335241	13.5298839688451	44.5
6.18266620988715	13.5370070759125	44.5
6.17260731582448	13.5441430325798	44.5
6.16248440093959	13.5512914322405	44.5
6.15229734588691	13.5584518648799	44.5
6.14204603220013	13.5656239170752	44.5
6.13173034229221	13.5728071719955	44.5
6.12135015945537	13.5800012094018	44.5
6.11090536786109	13.5872056056471	44.5
6.10039585256012	13.5944199336761	44.5
6.08982149948245	13.6016437630256	44.5
6.07918219543735	13.608876659824	44.5
6.06847782811334	13.6161181867919	44.5
6.05770828607823	13.6233679032417	44.5
6.04687345877905	13.6306253650776	44.5
6.03597323654211	13.6378901247958	44.5
6.025007510573	13.6451617314843	44.5
6.01397617295655	13.6524397308231	44.5
6.00287911665685	13.659723665084	44.5
5.99171623551726	13.6670130731307	44.5
5.9804874242604	13.674307490419	44.5
5.96919257848815	13.6816064489963	44.5
5.95783159468167	13.6889094775019	44.5
5.94640437020134	13.6962161011674	44.5
5.93491080328685	13.7035258418157	44.5
5.92335079305711	13.7108382178621	44.5
5.91172423951031	13.7181527443136	44.5
5.90003104352392	13.7254689327689	44.5
5.88827110685463	13.732786291419	44.5
5.87644433213843	13.7401043250465	44.5
5.86455062289055	13.7474225350258	44.5
5.85258988350549	13.7547404193236	44.5
5.84056201925702	13.7620574724982	44.5
5.82846693629815	13.7693731856998	44.5
5.81630454166115	13.7766870466706	44.5
5.80407474325759	13.7839985397445	44.5
5.79177744987827	13.7913071458476	44.5
5.77941257119325	13.7986123424977	44.5
5.76698001775186	13.8059136038044	44.5
5.75447970098269	13.8132104004695	44.5
5.7419115331936	13.8205021997863	44.5
5.7292754275717	13.8277884656404	44.5
5.71657129818337	13.8350686585089	44.5
5.70379905997425	13.8423422354612	44.5
5.69095862876923	13.8496086501583	44.5
5.67804992127247	13.8568673528531	44.5
5.66507285506741	13.8641177903905	44.5
5.65202734861672	13.8713594062074	44.5
5.63891332126234	13.8785916403323	44.5
5.6257306932255	13.8858139293858	44.5
5.61247938560665	13.8930257065804	44.5
5.59915932038552	13.9002264017204	44.5
5.58577042042112	13.9074154412021	44.5
5.57231260945169	13.9145922480135	44.5
5.55878581209474	13.9217562417348	44.5
5.54518995384706	13.9289068385377	44.5
5.53152496108469	13.9360434511862	44.5
5.51779076106293	13.943165489036	44.5
5.50398728191634	13.9502723580345	44.5
5.49011445265874	13.9573634607215	44.5
5.47617220318322	13.9644381962281	44.5
5.46216046426212	13.9714959602777	44.5
5.44807916754706	13.9785361451856	44.5
5.4339282455689	13.9855581398586	44.5
5.41970763173778	13.9925613297959	44.5
5.40541726034309	13.9995450970883	44.5
5.39105706655349	14.0065088204185	44.5
5.37662698641689	14.0134518750612	44.5
5.36212695686049	14.0203736328829	44.5
5.3475569156907	14.0272734623421	44.5
5.33291680159324	14.034150728489	44.5
5.31820655413306	14.0410047929659	44.5
5.3034261137544	14.047835014007	44.5
5.28857542178074	14.0546407464382	44.5
5.27365442041484	14.0614213416774	44.5
5.25866305273869	14.0681761477344	44.5
5.24360126271358	14.074904509211	44.5
5.22846899518003	14.0816057673007	44.5
5.21326619585785	14.088279259789	44.5
5.19799281134608	14.0949243210532	44.5
5.18264878912306	14.1015402820627	44.5
5.16723407754634	14.1081264703785	44.5
5.15174862585279	14.1146822101539	44.5
5.1361923841585	14.1212068221336	44.5
5.12056530345883	14.1276996236546	44.5
5.10486733562843	14.1341599286455	44.5
5.08909843342116	14.1405870476271	44.5
5.07325855047018	14.1469802877118	44.5
5.05734764128791	14.1533389526041	44.5
5.04136566126601	14.1596623426003	44.5
5.02531256667544	14.1659497545885	44.5
5.00918831466637	14.1722004820489	44.5
4.99299286326826	14.1784138150536	44.5
4.97672617138984	14.1845890402662	44.5
4.96038819881909	14.1907254409428	44.5
4.94397890622325	14.1968222969309	44.5
4.92749825514883	14.2028788846701	44.5
4.91094620802158	14.2088944771919	44.5
4.89432272814656	14.2148683441196	44.5
4.87762777970803	14.2207997516685	44.5
4.86086132776956	14.2266879626457	44.5
4.84402333827394	14.2325322364503	44.5
4.82711377804326	14.2383318290732	44.5
4.81013261477887	14.2440859930973	44.5
4.79307981706135	14.2497939776972	44.5
4.77595535435055	14.2554550286396	44.5
4.75875919698561	14.2610683882831	44.5
4.74149131618491	14.2666332955779	44.5
4.7241516840461	14.2721489860664	44.5
4.70674027354607	14.2776146918828	44.5
4.68925705854099	14.2830296417533	44.5
4.6717020137663	14.2883930609956	44.5
4.65407511483669	14.2937041715199	44.5
4.63637633824609	14.2989621918277	44.5
4.61860566136775	14.3041663370128	44.5
4.60076306245413	14.3093158187607	44.5
4.58284852063695	14.314409845349	44.5
4.56486201592724	14.3194476216468	44.5
4.54680352921525	14.3244283491156	44.5
4.52867304227048	14.3293512258083	44.5
4.51047053774175	14.3342154463701	44.5
4.49219599915708	14.3390202020378	44.5
4.47384941092379	14.3437646806403	44.5
4.45543075832844	14.3484480665983	44.5
4.43694002753687	14.3530695409243	44.5
4.41837720559417	14.357628281223	44.5
4.39974228042469	14.3621234616906	44.5
4.38103524083205	14.3665542531154	44.5
4.36225607649913	14.3709198228777	44.5
4.34340477798806	14.3752193349495	44.5
4.32448133674023	14.3794519498948	44.5
4.30548574507634	14.3836168248695	44.5
4.28641799619628	14.3877131136212	44.5
4.26727808417925	14.3917399664897	44.5
4.24806600398369	14.3956965304064	44.5
4.22878175144731	14.3995819488949	44.5
4.20942532328709	14.4033953620704	44.5
4.18999671709925	14.4071359066403	44.5
4.17049593135929	14.4108027159035	44.5
4.15092296542196	14.4143949197511	44.5
4.13127781952129	14.4179116446661	44.5
4.11156049477054	14.4213520137232	44.5
4.09177099316226	14.4247151465891	44.5
4.07190931756826	14.4280001595224	44.5
4.05197547173959	14.4312061653736	44.5
4.03196946030658	14.434332273585	44.5
4.01189128877881	14.437377590191	44.5
3.99174096354515	14.4403412178177	44.5
3.97151849187369	14.4432222556832	44.5
3.9512238819118	14.4460197995974	44.5
3.93085714268613	14.4487329419622	44.5
3.91041828410256	14.4513607717712	44.5
3.88990731694626	14.4539023746102	44.5
3.86932425288164	14.4563568326567	44.5
3.84866910445238	14.45872322468	44.5
3.82794188508142	14.4610006260416	44.5
3.80714260907096	14.4631881086946	44.5
3.78627129160248	14.4652847411841	44.5
3.76532794873669	14.4672895886471	44.5
3.74431259741359	14.4692017128126	44.5
3.72322525545243	14.4710201720012	44.5
3.70206594155171	14.4727440211258	44.5
3.68083467528921	14.4743723116908	44.5
3.65953147712197	14.4759040917927	44.5
3.63815636838627	14.47733840612	44.5
3.61670937129769	14.4786742959527	44.5
3.59519050895103	14.4799107991632	44.5
3.57359980532038	14.4810469502154	44.5
3.55193728525909	14.4820817801653	44.5
3.53020297449975	14.4830143166607	44.5
3.50839689965424	14.4838435839414	44.5
3.48651908821368	14.4845686028389	44.5
3.46456956854846	14.4851883907768	44.5
3.44254836990823	14.4857019617705	44.5
3.4204555224219	14.4861083264273	44.5
3.39829105709766	14.4864064919464	44.5
3.37605500582293	14.4865954621188	44.5
3.35374740136442	14.4866742373276	44.5
3.33136827736807	14.4866418145476	44.5
3.30891766835912	14.4864971873457	44.5
3.28639560974204	14.4862393458804	44.5
3.26380213780059	14.4858672769024	44.5
3.24113728969776	14.4853799637541	44.5
3.21840110347583	14.4847763863698	44.5
3.19559361805632	14.4840555212758	44.5
3.17271487324002	14.4832163415902	44.5
3.14976490970699	14.4822578170231	44.5
3.12674376901654	14.4811789138764	44.5
3.10365149360725	14.4799785950438	44.5
3.08048812679694	14.4786558200112	44.5
3.05725371278274	14.4772095448561	44.5
3.03394829664098	14.475638722248	44.5
3.01057192432731	14.4739423014483	44.5
2.98712464267659	14.4721192283103	44.5
2.96360649940297	14.4701684452792	44.5
2.94001754309987	14.468088891392	44.5
2.91635782323995	14.4658795022778	44.5
2.89262739017514	14.4635392101573	44.5
2.86882629513664	14.4610669438434	44.5
2.8449545902349	14.4584616287407	44.5
2.82101232845962	14.4557221868458	44.5
2.7969995636798	14.4528475367471	44.5
2.77291635064367	14.4498365936248	44.5
2.74876274497873	14.4466882692514	44.5
2.72453880319173	14.4434014719908	44.5
2.70024458266872	14.439975106799	44.5
2.67588014167496	14.4364080752241	44.5
2.65144553935502	14.4326992754058	44.5
2.62694083573269	14.4288476020758	44.5
2.60236609171104	14.4248519465577	44.5
2.57772136907241	14.420711196767	44.5
2.5530067304784	14.416424237211	44.5
2.52822223946986	14.4119899489891	44.5
2.50336796046689	14.4074072097924	44.5
2.47844395876889	14.4026748939039	44.5
2.45345030055449	14.3977918721987	44.5
2.4283870528816	14.3927570121435	44.5
2.40325428368737	14.3875691777971	44.5
2.37805206178824	14.3822272298102	44.5
2.35278045687988	14.3767300254253	44.5
2.32743953953725	14.3710764184768	44.5
2.30202938121456	14.365265259391	44.5
2.27655005424528	14.3592953951862	44.5
2.25100163184214	14.3531656694724	44.5
2.22538418809713	14.3468749224517	44.5
2.19969779798152	14.3404219909179	44.5
2.17394253734583	14.3338057082569	44.5
2.14811848291982	14.3270249044463	44.5
2.12222571231255	14.3200784060557	44.5
2.09626430401231	14.3129650362466	44.5
2.07023433738667	14.3056836147723	44.5
2.04413589268246	14.2982329579781	44.5
2.01796905102577	14.2906118788012	44.5
1.99173389442193	14.2828191867705	44.5
1.96543050575558	14.2748536880071	44.5
1.93905896879057	14.2667141852238	44.5
1.91261936817005	14.2583994777253	44.5
1.8861117894164	14.2499083614082	44.5
1.8595363189313	14.2412396287611	44.5
1.83289304399565	14.2323920688643	44.5
1.80618205276963	14.2233644673902	44.5
1.7794034342927	14.214155606603	44.5
1.75255727848355	14.2047642653587	44.5
1.72564367614016	14.1951892191054	44.5
1.69866271893974	14.1854292398829	44.5
1.6716144994388	14.175483096323	44.5
1.64449911107306	14.1653495536494	44.5
1.61731664815757	14.1550273736776	44.5
1.59006720588657	14.1445153148151	44.5
1.56275088033362	14.1338121320613	44.5
1.53536776845151	14.1229165770073	44.5
1.5079179680723	14.1118273978364	44.5
1.4804015779073	14.1005433393236	44.5
1.45281869754711	14.0890631428357	44.5
1.42516942746157	14.0773855463317	44.5
1.39745386899977	14.0655092843622	44.5
1.3696721243901	14.0534330880698	44.5
1.34182429674017	14.041155685189	44.5
1.31391049003688	14.0286758000463	44.5
1.28593080914638	14.01599215356	44.5
1.25788535981409	14.0031034632401	44.5
1.22977424866468	13.9900084431889	44.5
1.20159758320208	13.9767058041002	44.5
1.1733554718095	13.9631942532599	44.5
1.1450480237494	13.9494724945459	44.5
1.1166753491635	13.9355392284277	44.5
1.08823755907278	13.9213931519669	44.5
1.05973476537748	13.9070329588169	44.5
1.03116708085713	13.8924573392231	44.5
1.00253461917048	13.8776649800227	44.5
0.973837494855562	13.8626545646449	44.5
0.94507582332967	13.8474247731106	44.5
0.916249720889361	13.8319742820328	44.5
0.887359304710444	13.8163017646163	44.5
0.858404692848001	13.8004058906578	44.5
0.829386004236373	13.7842853265458	44.5
0.800303358689149	13.7679387352609	44.5
0.771156876899202	13.7513647763754	44.5
0.741946680438652	13.7345621060536	44.5
0.712672891758881	13.7175293770518	44.5
0.683335634190541	13.7002652387179	44.5
0.653935031943536	13.6827683369919	44.5
0.624471210107039	13.6650373144057	44.5
0.59494429464948	13.647070810083	44.5
0.565354412418554	13.6288674597394	44.5
0.535701691141213	13.6104258956826	44.5
0.505986259423675	13.5917447468119	44.5
0.476208246751419	13.5728226386186	44.5
0.446367783489187	13.5536581931859	44.5
0.416465000880976	13.5342500291891	44.5
0.386500031050051	13.514596761895	44.5
0.356473006998936	13.4946970031626	44.5
